#timestep       power           acc-energy      avg-power       dt              acc-time       
1               123.189000      12.333190       123.189000      0.100116        0.100116       
2               123.066000      25.206386       123.126152      0.104604        0.204720       
3               123.002000      37.796255       123.084769      0.102355        0.307075       
4               122.818000      50.349729       123.018148      0.102212        0.409287       
5               122.786000      62.986127       122.971504      0.102914        0.512201       
6               122.651000      75.518116       122.918202      0.102176        0.614377       
7               122.634000      88.058178       122.877649      0.102256        0.716633       
8               122.541000      100.586770      122.835617      0.102240        0.818873       
9               122.507000      113.111763      122.799142      0.102239        0.921112       
10              122.511000      125.637043      122.770355      0.102238        1.023350       
11              122.507000      138.162526      122.746433      0.102243        1.125593       
12              122.442000      150.992978      122.720506      0.104788        1.230381       
13              142.694000      165.623822      124.256945      0.102533        1.332914       
14              162.123000      182.233324      126.959659      0.102450        1.435364       
15              181.360000      200.807671      130.582749      0.102417        1.537781       
16              200.647000      221.366364      134.959493      0.102462        1.640243       
17              211.155000      243.016508      139.442273      0.102532        1.742775       
18              228.750000      266.469102      144.404217      0.102525        1.845300       
19              258.721000      292.985935      150.419518      0.102492        1.947792       
20              263.865000      320.013890      156.087358      0.102431        2.050223       
21              297.385000      350.475631      162.810869      0.102432        2.152655       
22              316.663000      382.939288      169.804839      0.102518        2.255173       
23              316.570000      415.365237      176.181237      0.102429        2.357602       
24              315.808000      447.732714      181.998288      0.102491        2.460093       
25              315.896000      480.097207      187.351645      0.102453        2.562546       
26              315.902000      512.464210      192.293902      0.102459        2.665005       
27              315.902000      544.843218      196.871842      0.102497        2.767502       
28              315.896000      577.223189      201.122782      0.102502        2.870004       
29              315.960000      609.591712      205.080629      0.102445        2.972449       
30              315.902000      642.003257      208.778220      0.102600        3.075049       
31              315.830000      674.339827      212.227733      0.102386        3.177435       
32              315.900000      706.764435      215.471904      0.102642        3.280077       
33              316.003000      739.146210      218.517453      0.102473        3.382550       
34              316.059000      771.526139      221.384895      0.102449        3.484999       
35              316.035000      803.901396      224.087698      0.102442        3.587441       
36              316.100000      836.322193      226.645212      0.102565        3.690006       
37              316.058000      868.694433      229.060050      0.102425        3.792431       
38              316.087000      901.100621      231.350774      0.102523        3.894954       
39              316.235000      933.513760      233.527255      0.102497        3.997451       
40              316.299000      965.925867      235.596042      0.102473        4.099924       
41              316.362000      998.327031      237.564442      0.102418        4.202342       
42              316.362000      1030.784823     239.442376      0.102597        4.304939       
43              316.333000      1063.213700     241.230810      0.102515        4.407454       
44              316.234000      1095.638437     242.935998      0.102534        4.509988       
45              316.269000      1128.050000     244.565329      0.102481        4.612469       
46              316.391000      1160.467422     246.126171      0.102460        4.714929       
47              316.537000      1192.910566     247.624210      0.102494        4.817423       
48              316.575000      1225.588070     249.070614      0.103222        4.920645       
49              316.613000      1258.034254     250.448576      0.102479        5.023124       
50              316.548000      1290.477575     251.770290      0.102491        5.125615       
51              316.575000      1322.919864     253.040566      0.102479        5.228094       
52              316.774000      1355.425628     254.267421      0.102615        5.330709       
53              316.760000      1387.899547     255.446587      0.102519        5.433228       
54              316.971000      1420.403338     256.586269      0.102545        5.535773       
55              317.035000      1452.888646     257.684828      0.102466        5.638239       
56              316.974000      1485.364534     258.742981      0.102456        5.740695       
57              316.912000      1517.853085     259.763525      0.102516        5.843211       
58              316.878000      1550.332129     260.748111      0.102497        5.945708       
59              316.899000      1582.778150     261.698669      0.102386        6.048094       
60              316.932000      1615.952691     262.638326      0.104674        6.152768       
61              316.966000      1648.438536     263.528465      0.102490        6.255258       
62              317.025000      1680.985908     264.392304      0.102665        6.357923       
63              316.964000      1713.466793     265.226197      0.102475        6.460398       
64              316.866000      1745.956015     266.032968      0.102533        6.562931       
65              316.898000      1778.446933     266.815374      0.102528        6.665459       
66              316.969000      1810.933720     267.574886      0.102492        6.767951       
67              317.072000      1843.413307     268.312878      0.102436        6.870387       
68              317.174000      1875.929669     269.031257      0.102519        6.972906       
69              317.206000      1908.441063     269.729108      0.102493        7.075399       
70              317.173000      1941.669375     270.421351      0.104764        7.180163       
71              317.038000      1974.213960     271.078417      0.102652        7.282815       
72              317.064000      2006.710167     271.716591      0.102491        7.385306       
73              317.064000      2039.234909     272.337832      0.102581        7.487887       
74              317.104000      2071.770730     272.942950      0.102603        7.590490       
75              317.094000      2104.302672     273.531743      0.102594        7.693084       
76              317.090000      2136.793616     274.104280      0.102466        7.795550       
77              317.101000      2169.293298     274.662232      0.102490        7.898040       
78              317.032000      2201.766251     275.204682      0.102428        8.000468       
79              317.032000      2234.264251     275.733820      0.102507        8.102975       
80              317.200000      2268.512652     276.279085      0.107971        8.210946       
81              317.181000      2300.997696     276.782984      0.102418        8.313364       
82              317.363000      2333.505188     277.276890      0.102430        8.415794       
83              317.334000      2366.003680     277.758481      0.102411        8.518205       
84              317.231000      2398.521444     278.227831      0.102505        8.620710       
85              317.175000      2431.020463     278.685311      0.102464        8.723174       
86              317.082000      2463.547051     279.131593      0.102581        8.825755       
87              317.086000      2496.034732     279.567144      0.102457        8.928212       
88              316.965000      2528.505894     279.991386      0.102444        9.030656       
89              316.932000      2561.670609     280.414534      0.104643        9.135299       
90              316.932000      2594.144413     280.819577      0.102463        9.237762       
91              316.904000      2626.630242     281.215605      0.102510        9.340272       
92              316.797000      2659.098133     281.601792      0.102488        9.442760       
93              316.874000      2691.564409     281.980402      0.102458        9.545218       
94              316.938000      2724.017910     282.351432      0.102397        9.647615       
95              317.072000      2756.519375     282.716456      0.102505        9.750120       
96              317.207000      2789.026114     283.075196      0.102478        9.852598       
97              317.272000      2821.554108     283.427376      0.102524        9.955122       
98              317.342000      2854.058497     283.772766      0.102427        10.057549      
99              317.276000      2887.289034     284.118065      0.104737        10.162286      
100             317.169000      2919.787438     284.447983      0.102464        10.264750      
101             317.207000      2952.295129     284.771809      0.102481        10.367231      
102             317.175000      2984.793831     285.088927      0.102463        10.469694      
103             317.187000      3017.290908     285.399988      0.102454        10.572148      
104             317.125000      3049.792098     285.704579      0.102487        10.674635      
105             317.107000      3082.254658     286.002871      0.102371        10.777006      
106             317.172000      3114.763837     286.296519      0.102497        10.879503      
107             317.156000      3147.275181     286.584569      0.102509        10.982012      
108             317.243000      3179.791320     286.868061      0.102496        11.084508      
109             317.280000      3216.068798     287.178564      0.114339        11.198847      
110             317.444000      3248.660456     287.453511      0.102669        11.301516      
111             317.477000      3281.184387     287.723221      0.102445        11.403961      
112             317.492000      3313.708267     287.988248      0.102440        11.506401      
113             317.547000      3346.251119     288.249190      0.102482        11.608883      
114             317.463000      3378.800601     288.504948      0.102530        11.711413      
115             317.463000      3411.349447     288.756262      0.102528        11.813941      
116             317.404000      3443.849395     289.002423      0.102393        11.916334      
117             317.370000      3476.366173     289.244249      0.102457        12.018791      
118             317.375000      3508.875846     289.481974      0.102433        12.121224      
119             317.342000      3541.381187     289.715431      0.102430        12.223654      
120             317.342000      3573.949679     289.945451      0.102629        12.326283      
121             317.370000      3606.525806     290.171936      0.102644        12.428927      
122             317.342000      3639.040032     290.394081      0.102458        12.531385      
123             317.399000      3671.592791     290.613304      0.102561        12.633946      
124             317.478000      3704.119682     290.829409      0.102454        12.736400      
125             317.493000      3736.647475     291.042180      0.102452        12.838852      
126             317.551000      3769.182163     291.252048      0.102455        12.941307      
127             317.574000      3801.733180     291.458887      0.102499        13.043806      
128             317.551000      3835.768614     291.671539      0.107181        13.150987      
129             317.522000      3868.320017     291.871494      0.102517        13.253504      
130             317.488000      3900.851742     292.068022      0.102466        13.355970      
131             317.488000      3933.388547     292.261588      0.102482        13.458452      
132             317.458000      3965.915929     292.451964      0.102462        13.560914      
133             317.488000      3998.480673     292.639906      0.102570        13.663484      
134             317.518000      4031.021188     292.825117      0.102484        13.765968      
135             317.235000      4063.523500     293.005448      0.102455        13.868423      
136             317.203000      4096.031732     293.182950      0.102484        13.970907      
137             317.272000      4128.539738     293.358330      0.102461        14.073368      
138             317.337000      4161.055674     293.531652      0.102465        14.175833      
139             317.435000      4193.627679     293.703430      0.102610        14.278443      
140             317.472000      4226.162527     293.872809      0.102481        14.380924      
141             317.505000      4258.704567     294.040044      0.102493        14.483417      
142             317.435000      4291.245147     294.204465      0.102511        14.585928      
143             317.454000      4323.774023     294.366657      0.102468        14.688396      
144             317.365000      4356.301079     294.526020      0.102491        14.790887      
145             317.611000      4388.853348     294.684883      0.102491        14.893378      
146             317.641000      4422.299040     294.846040      0.105294        14.998672      
147             317.641000      4455.093567     295.001877      0.103244        15.101916      
148             317.575000      4487.933363     295.155392      0.103408        15.205324      
149             317.611000      4520.511994     295.305861      0.102574        15.307898      
150             317.611000      4553.050605     295.454145      0.102448        15.410346      
151             317.640000      4585.620140     295.600788      0.102536        15.512882      
152             317.640000      4618.166488     295.745402      0.102463        15.615345      
153             317.704000      4650.720663     295.888554      0.102467        15.717812      
154             317.807000      4683.282215     296.030505      0.102457        15.820269      
155             317.602000      4715.844995     296.169404      0.102527        15.922796      
156             317.606000      4748.402151     296.306526      0.102508        16.025304      
157             317.536000      4780.939113     296.441406      0.102467        16.127771      
158             317.483000      4813.451594     296.574172      0.102407        16.230178      
159             317.512000      4845.982604     296.705516      0.102456        16.332634      
160             317.483000      4878.493815     296.834976      0.102403        16.435037      
161             317.483000      4911.036458     296.962955      0.102502        16.537539      
162             317.500000      4943.597988     297.089529      0.102556        16.640095      
163             317.500000      4976.146500     297.214502      0.102515        16.742610      
164             317.572000      5008.694455     297.338363      0.102490        16.845100      
165             317.737000      5041.250105     297.461688      0.102461        16.947561      
166             317.729000      5073.805254     297.583484      0.102462        17.050023      
167             317.803000      5107.083360     297.706905      0.104713        17.154736      
168             317.873000      5139.645952     297.826611      0.102439        17.257175      
169             317.881000      5172.241788     297.945069      0.102541        17.359716      
170             317.881000      5205.086524     298.063025      0.103324        17.463040      
171             317.905000      5237.673376     298.178814      0.102505        17.565545      
172             317.910000      5270.241030     298.293220      0.102443        17.667988      
173             317.822000      5302.838444     298.405933      0.102565        17.770553      
174             317.774000      5335.385810     298.516924      0.102423        17.872976      
175             317.872000      5367.945757     298.627216      0.102431        17.975407      
176             317.757000      5400.496148     298.735615      0.102438        18.077845      
177             317.801000      5433.823621     298.845575      0.104869        18.182714      
178             317.757000      5466.419770     298.951670      0.102582        18.285296      
179             317.787000      5498.992620     299.056663      0.102499        18.387795      
180             317.787000      5531.549262     299.160442      0.102448        18.490243      
181             317.802000      5564.116976     299.263189      0.102478        18.592721      
182             317.899000      5596.685728     299.365314      0.102450        18.695171      
183             317.876000      5629.279462     299.466284      0.102536        18.797707      
184             317.905000      5661.844378     299.566219      0.102436        18.900143      
185             317.969000      5694.429206     299.665462      0.102478        19.002621      
186             317.905000      5727.010971     299.763308      0.102489        19.105110      
187             317.839000      5760.677431     299.862971      0.105923        19.211033      
188             317.872000      5793.239286     299.958489      0.102437        19.313470      
189             317.806000      5825.813447     300.052706      0.102497        19.415967      
190             317.851000      5858.385546     300.146151      0.102476        19.518443      
191             317.873000      5891.363281     300.239875      0.103745        19.622188      
192             317.911000      5923.959967     300.331734      0.102534        19.724722      
193             317.881000      5956.549127     300.422476      0.102520        19.827242      
194             317.910000      5989.122822     300.512382      0.102462        19.929704      
195             317.970000      6021.688355     300.601636      0.102417        20.032121      
196             317.906000      6054.970888     300.691603      0.104693        20.136814      
197             317.995000      6087.551066     300.779196      0.102455        20.239269      
198             318.095000      6120.150077     300.866434      0.102482        20.341751      
199             318.025000      6152.758771     300.952490      0.102535        20.444286      
200             318.063000      6185.353549     301.037830      0.102479        20.546765      
201             317.998000      6217.941666     301.122001      0.102479        20.649244      
202             317.966000      6251.158938     301.206788      0.104468        20.753712      
203             317.966000      6283.883681     301.289488      0.102919        20.856631      
204             317.966000      6316.424321     301.370918      0.102340        20.958971      
205             317.966000      6349.008841     301.451664      0.102478        21.061449      
206             317.996000      6382.353266     301.533624      0.104858        21.166307      
207             318.068000      6414.931699     301.613251      0.102426        21.268733      
208             318.118000      6447.533067     301.692396      0.102482        21.371215      
209             318.132000      6480.146369     301.770879      0.102515        21.473730      
210             318.099000      6512.739429     301.848418      0.102462        21.576192      
211             318.180000      6545.340152     301.925606      0.102460        21.678652      
212             318.299000      6577.971847     302.002672      0.102519        21.781171      
213             318.299000      6610.576805     302.078954      0.102435        21.883606      
214             318.240000      6643.199906     302.154305      0.102511        21.986117      
215             318.234000      6675.986600     302.229303      0.103027        22.089144      
216             318.132000      6708.876041     302.303385      0.103383        22.192527      
217             318.147000      6741.563736     302.376398      0.102744        22.295271      
218             318.181000      6774.198925     302.448773      0.102568        22.397839      
219             318.181000      6806.815977     302.520449      0.102511        22.500350      
220             318.241000      6839.409584     302.591682      0.102418        22.602768      
221             318.177000      6872.020181     302.662034      0.102492        22.705260      
222             318.177000      6904.625688     302.731744      0.102476        22.807736      
223             318.241000      6937.271486     302.801187      0.102582        22.910318      
224             318.271000      6969.872939     302.870045      0.102433        23.012751      
225             318.330000      7002.490304     302.938575      0.102464        23.115215      
226             318.301000      7035.120295     303.006405      0.102513        23.217728      
227             318.371000      7067.787388     303.074008      0.102607        23.320335      
228             318.301000      7100.398917     303.140613      0.102455        23.422790      
229             318.269000      7133.002393     303.206489      0.102440        23.525230      
230             318.204000      7165.621803     303.271557      0.102511        23.627741      
231             318.236000      7198.215535     303.336144      0.102420        23.730161      
232             318.203000      7230.820841     303.400063      0.102467        23.832628      
233             318.133000      7263.427247     303.463151      0.102493        23.935121      
234             318.165000      7296.025796     303.525817      0.102458        24.037579      
235             318.177000      7329.374246     303.589423      0.104811        24.142390      
236             318.235000      7361.985059     303.651324      0.102474        24.244864      
237             318.181000      7394.639657     303.712569      0.102629        24.347493      
238             318.270000      7427.262969     303.773599      0.102502        24.449995      
239             318.333000      7459.859950     303.834321      0.102399        24.552394      
240             318.393000      7492.473900     303.894807      0.102433        24.654827      
241             318.435000      7525.107119     303.954995      0.102480        24.757307      
242             318.423000      7557.741018     304.014640      0.102486        24.859793      
243             318.394000      7590.373219     304.073679      0.102490        24.962283      
244             318.371000      7622.997651     304.132131      0.102473        25.064756      
245             318.306000      7656.765779     304.191869      0.106087        25.170843      
246             318.305000      7689.381538     304.249089      0.102467        25.273310      
247             318.333000      7722.004304     304.305967      0.102480        25.375790      
248             318.268000      7754.615634     304.362117      0.102465        25.478255      
249             318.300000      7787.239156     304.417961      0.102493        25.580748      
250             318.270000      7819.846236     304.473218      0.102451        25.683199      
251             318.305000      7852.453400     304.528168      0.102440        25.785639      
252             318.274000      7885.073621     304.582587      0.102491        25.888130      
253             318.337000      7917.700616     304.636827      0.102492        25.990622      
254             318.434000      7950.342012     304.691029      0.102506        26.093128      
255             318.392000      7982.951402     304.744597      0.102419        26.195547      
256             318.401000      8015.595146     304.797837      0.102524        26.298071      
257             318.337000      8048.251429     304.850445      0.102584        26.400655      
258             318.274000      8080.861465     304.902340      0.102459        26.503114      
259             318.240000      8113.484566     304.953729      0.102511        26.605625      
260             318.137000      8146.072611     305.004291      0.102434        26.708059      
261             318.100000      8178.670545     305.054347      0.102477        26.810536      
262             318.203000      8211.286989     305.104425      0.102502        26.913038      
263             318.240000      8243.904679     305.154260      0.102494        27.015532      
264             318.270000      8276.523535     305.203829      0.102488        27.118020      
265             318.268000      8309.132956     305.253003      0.102459        27.220479      
266             318.271000      8341.758280     305.301843      0.102508        27.322987      
267             318.305000      8374.410325     305.350479      0.102581        27.425568      
268             318.468000      8407.032595     305.399291      0.102435        27.528003      
269             318.506000      8439.659394     305.447883      0.102437        27.630440      
270             318.487000      8472.335523     305.496121      0.102598        27.733038      
271             318.516000      8505.051575     305.544164      0.102714        27.835752      
272             318.487000      8537.649357     305.591580      0.102352        27.938104      
273             318.339000      8570.238675     305.638120      0.102373        28.040477      
274             318.273000      8603.107683     305.684484      0.103273        28.143750      
275             318.305000      8636.104771     305.730799      0.103665        28.247415      
276             318.334000      8668.718725     305.776345      0.102452        28.349867      
277             318.370000      8701.336369     305.821693      0.102452        28.452319      
278             318.333000      8733.993196     305.866641      0.102587        28.554906      
279             318.334000      8766.624341     305.911237      0.102506        28.657412      
280             318.337000      8799.248790     305.955515      0.102484        28.759896      
281             318.337000      8831.850956     305.999449      0.102414        28.862310      
282             318.397000      8864.456082     306.043280      0.102404        28.964714      
283             318.542000      8897.093577     306.087337      0.102459        29.067173      
284             318.520000      8930.467147     306.131991      0.104777        29.171950      
285             318.575000      8963.115032     306.175551      0.102481        29.274431      
286             318.510000      8995.761351     306.218586      0.102497        29.376928      
287             318.460000      9028.389489     306.261131      0.102456        29.479384      
288             318.397000      9061.029639     306.303187      0.102514        29.581898      
289             318.407000      9093.704565     306.345030      0.102620        29.684518      
290             318.490000      9126.341509     306.386812      0.102474        29.786992      
291             318.471000      9158.984150     306.428251      0.102498        29.889490      
292             318.519000      9191.632029     306.469572      0.102499        29.991989      
293             318.456000      9224.272177     306.510395      0.102495        30.094484      
294             318.471000      9257.629148     306.551878      0.104741        30.199225      
295             318.519000      9290.316842     306.592408      0.102624        30.301849      
296             318.578000      9322.967264     306.632809      0.102488        30.404337      
297             318.742000      9355.634494     306.673490      0.102488        30.506825      
298             318.742000      9388.302680     306.713900      0.102491        30.609316      
299             318.672000      9420.963373     306.753806      0.102490        30.711806      
300             318.638000      9453.640338     306.793357      0.102552        30.814358      
301             318.456000      9486.288128     306.832030      0.102519        30.916877      
302             318.486000      9518.905235     306.870507      0.102413        31.019290      
303             318.516000      9551.524777     306.908828      0.102411        31.121701      
304             318.537000      9585.123741     306.948106      0.105479        31.227180      
305             318.537000      9618.048044     306.986338      0.103361        31.330541      
306             318.516000      9650.668542     307.023903      0.102414        31.432955      
307             318.370000      9683.289369     307.060768      0.102462        31.535417      
308             318.427000      9715.909986     307.097572      0.102443        31.637860      
309             318.398000      9748.543870     307.134063      0.102494        31.740354      
310             318.478000      9781.177356     307.170566      0.102467        31.842821      
311             318.678000      9813.830697     307.207476      0.102465        31.945286      
312             318.645000      9846.493403     307.244059      0.102505        32.047791      
313             318.575000      9879.874965     307.280987      0.104784        32.152575      
314             318.520000      9912.510525     307.316688      0.102460        32.255035      
315             318.460000      9945.144076     307.351978      0.102473        32.357508      
316             318.426000      9977.769049     307.386932      0.102457        32.459965      
317             318.439000      10010.419236    307.421732      0.102532        32.562497      
318             318.504000      10043.064941    307.456507      0.102497        32.664994      
319             318.602000      10075.717504    307.491366      0.102487        32.767481      
320             318.604000      10108.391300    307.526037      0.102553        32.870034      
321             318.663000      10141.059675    307.560664      0.102517        32.972551      
322             318.630000      10173.705867    307.594954      0.102458        33.075009      
323             318.630000      10206.340589    307.629020      0.102422        33.177431      
324             318.693000      10239.036579    307.663128      0.102594        33.280025      
325             318.905000      10271.751129    307.697674      0.102584        33.382609      
326             318.876000      10304.431136    307.731886      0.102485        33.485094      
327             318.846000      10337.136127    307.765827      0.102573        33.587667      
328             318.752000      10369.796413    307.799240      0.102463        33.690130      
329             318.636000      10402.457878    307.832112      0.102504        33.792634      
330             318.533000      10435.107510    307.864471      0.102500        33.895134      
331             318.575000      10467.773235    307.896774      0.102537        33.997671      
332             318.603000      10500.443424    307.928969      0.102542        34.100213      
333             318.603000      10533.079841    307.960937      0.102436        34.202649      
334             318.607000      10565.756493    307.992765      0.102561        34.305210      
335             318.471000      10598.393720    308.023974      0.102481        34.407691      
336             318.540000      10631.045026    308.055209      0.102503        34.510194      
337             318.551000      10663.701281    308.086295      0.102515        34.612709      
338             318.679000      10696.363967    308.117569      0.102494        34.715203      
339             318.678000      10729.043440    308.148672      0.102547        34.817750      
340             318.736000      10761.738104    308.179772      0.102576        34.920326      
341             318.769000      10794.414157    308.210765      0.102507        35.022833      
342             318.676000      10827.079085    308.241305      0.102502        35.125335      
343             318.546000      10859.709026    308.271268      0.102434        35.227769      
344             318.557000      10892.387240    308.301133      0.102582        35.330351      
345             318.524000      10925.027031    308.330698      0.102472        35.432823      
346             318.617000      10957.669343    308.360353      0.102450        35.535273      
347             318.588000      10990.330347    308.389775      0.102518        35.637791      
348             318.588000      11022.972237    308.419011      0.102458        35.740249      
349             318.613000      11055.618918    308.448153      0.102465        35.842714      
350             318.580000      11088.265403    308.477037      0.102475        35.945189      
351             318.548000      11120.909565    308.505667      0.102478        36.047667      
352             318.648000      11154.282845    308.535050      0.104734        36.152401      
353             318.678000      11186.950208    308.563729      0.102509        36.254910      
354             318.848000      11219.645838    308.592734      0.102543        36.357453      
355             318.880000      11252.325936    308.621651      0.102484        36.459937      
356             318.746000      11284.980508    308.650019      0.102447        36.562384      
357             318.741000      11317.650823    308.678228      0.102498        36.664882      
358             318.641000      11350.304515    308.705997      0.102478        36.767360      
359             318.536000      11382.960507    308.733330      0.102519        36.869879      
360             318.635000      11415.629198    308.760788      0.102527        36.972406      
361             318.630000      11448.289729    308.788074      0.102503        37.074909      
362             318.600000      11481.870488    308.815889      0.105401        37.180310      
363             318.600000      11514.521890    308.842784      0.102484        37.282794      
364             318.570000      11547.168944    308.869448      0.102480        37.385274      
365             318.630000      11579.844769    308.896149      0.102551        37.487825      
366             318.733000      11612.504064    308.922963      0.102466        37.590291      
367             318.901000      11645.186633    308.950093      0.102485        37.692776      
368             318.901000      11677.868883    308.977075      0.102484        37.795260      
369             318.909000      11710.550678    309.003932      0.102480        37.897740      
370             318.808000      11743.218296    309.030369      0.102468        38.000208      
371             318.732000      11775.897569    309.056475      0.102529        38.102737      
372             318.673000      11808.540519    309.082258      0.102434        38.205171      
373             318.710000      11841.197458    309.108010      0.102466        38.307637      
374             318.743000      11873.871484    309.133724      0.102509        38.410146      
375             318.766000      11906.548824    309.159363      0.102512        38.512658      
376             318.737000      11939.194824    309.184767      0.102423        38.615081      
377             318.645000      11971.840960    309.209800      0.102453        38.717534      
378             318.614000      12004.482965    309.234619      0.102450        38.819984      
379             318.613000      12037.127097    309.259306      0.102457        38.922441      
380             318.813000      12069.802560    309.284397      0.102491        39.024932      
381             318.878000      12102.477989    309.309521      0.102470        39.127402      
382             318.944000      12135.178360    309.334701      0.102527        39.229929      
383             318.885000      12167.870769    309.359594      0.102521        39.332450      
384             318.776000      12200.543396    309.384068      0.102494        39.434944      
385             318.776000      12233.234194    309.408428      0.102551        39.537495      
386             318.702000      12265.877246    309.432442      0.102425        39.639920      
387             318.766000      12298.557774    309.456519      0.102522        39.742442      
388             318.780000      12331.230812    309.480502      0.102494        39.844936      
389             318.765000      12363.895299    309.504319      0.102472        39.947408      
390             318.742000      12396.553923    309.527952      0.102461        40.049869      
391             318.677000      12429.927372    309.551813      0.104725        40.154594      
392             318.672000      12462.589977    309.575033      0.102496        40.257090      
393             318.374000      12495.217899    309.597376      0.102483        40.359573      
394             318.407000      12527.880090    309.619710      0.102580        40.462153      
395             318.504000      12560.579940    309.642196      0.102667        40.564820      
396             318.673000      12593.213967    309.664937      0.102406        40.667226      
397             318.635000      12625.858760    309.687478      0.102452        40.769678      
398             318.697000      12658.521378    309.710070      0.102488        40.872166      
399             318.602000      12691.172030    309.732309      0.102481        40.974647      
400             318.574000      12723.847846    309.754387      0.102569        41.077216      
401             318.575000      12757.213162    309.776819      0.104733        41.181949      
402             318.638000      12789.905421    309.798841      0.102600        41.284549      
403             318.850000      12822.576067    309.821249      0.102464        41.387013      
404             318.879000      12855.248090    309.843617      0.102459        41.489472      
405             301.331000      12886.111918    309.822654      0.102425        41.591897      
406             283.628000      12915.819966    309.756852      0.104743        41.696640      
407             260.601000      12942.952699    309.634417      0.104116        41.800756      
408             248.205000      12968.348539    309.484420      0.102318        41.903074      
409             230.562000      12991.935492    309.292208      0.102302        42.005376      
410             212.954000      13013.718557    309.058179      0.102290        42.107666      
411             182.921000      13032.786974    308.746678      0.104244        42.211910      
412             177.561000      13050.969043    308.429213      0.102399        42.314309      
413             143.917000      13065.692759    308.032417      0.102307        42.416616      
414             124.420000      13078.421547    307.590626      0.102305        42.518921      
415             124.117000      13091.115737    307.150354      0.102276        42.621197      
416             124.101000      13103.811766    306.712031      0.102304        42.723501      
