#timestep       power           acc-energy      avg-power       dt              acc-time       
1               132.965000      13.314450       132.965000      0.100135        0.100135       
2               134.209000      27.061344       133.594044      0.102429        0.202564       
3               132.999000      40.665280       133.394390      0.102286        0.304850       
4               132.971000      54.262628       133.288042      0.102258        0.407108       
5               132.877000      67.852092       133.205515      0.102271        0.509379       
6               132.783000      81.441370       133.134827      0.102342        0.611721       
7               132.660000      95.010763       133.066805      0.102287        0.714008       
8               132.596000      108.578781      133.007790      0.102326        0.816334       
9               133.661000      122.255510      133.080547      0.102324        0.918658       
10              121.030000      134.641236      131.872700      0.102336        1.020994       
11              120.990000      147.020569      130.881447      0.102317        1.123311       
12              120.889000      159.388844      130.047310      0.102311        1.225622       
13              135.818000      173.303398      130.492472      0.102450        1.328072       
14              153.878000      189.530756      132.212804      0.105456        1.433528       
15              169.727000      206.913687      134.714255      0.102417        1.535945       
16              185.654000      225.927998      137.898621      0.102418        1.638363       
17              201.676000      246.568326      141.648380      0.102344        1.740707       
18              208.868000      267.946384      145.381338      0.102352        1.843059       
19              233.426000      291.845005      150.014832      0.102382        1.945441       
20              237.609000      316.169988      154.393824      0.102374        2.047815       
21              265.154000      343.835096      159.763463      0.104336        2.152151       
22              266.456000      371.119125      164.609176      0.102396        2.254547       
23              280.447000      399.813340      169.637921      0.102316        2.356863       
24              280.388000      428.550026      174.253228      0.102489        2.459352       
25              279.873000      457.188310      178.472201      0.102326        2.561678       
26              279.837000      485.829627      182.366562      0.102350        2.664028       
27              279.808000      514.455105      185.970124      0.102304        2.766332       
28              279.603000      543.080580      189.311708      0.102379        2.868711       
29              279.647000      571.711120      192.424577      0.102381        2.971092       
30              279.730000      600.347919      195.332603      0.102373        3.073465       
31              279.697000      628.973788      198.051392      0.102346        3.175811       
32              279.697000      657.596301      200.600126      0.102334        3.278145       
33              279.733000      686.248513      202.997751      0.102427        3.380572       
34              279.759000      714.892478      205.254289      0.102388        3.482960       
35              279.789000      743.536716      207.382600      0.102378        3.585338       
36              279.852000      772.187404      209.394488      0.102378        3.687716       
37              279.847000      800.838140      211.297587      0.102380        3.790096       
38              279.791000      829.487619      213.099377      0.102396        3.892492       
39              279.847000      858.138075      214.809959      0.102379        3.994871       
40              279.906000      886.797091      216.436669      0.102388        4.097259       
41              280.014000      915.464364      217.986546      0.102378        4.199637       
42              279.985000      944.125308      219.461797      0.102366        4.302003       
43              280.014000      972.793702      220.869361      0.102382        4.404385       
44              279.981000      1001.441918     222.211455      0.102322        4.506707       
45              279.855000      1030.094032     223.491894      0.102382        4.609089       
46              279.852000      1058.742482     224.716480      0.102370        4.711459       
47              279.902000      1087.366939     225.888878      0.102266        4.813725       
48              279.902000      1116.471149     227.030932      0.103980        4.917705       
49              279.913000      1145.113807     228.108866      0.102327        5.020032       
50              279.958000      1173.780386     229.145317      0.102396        5.122428       
51              279.981000      1202.451001     230.141651      0.102402        5.224830       
52              279.993000      1231.107164     231.099398      0.102346        5.327176       
53              280.084000      1260.865809     232.057277      0.106249        5.433425       
54              280.151000      1289.550190     232.946806      0.102389        5.535814       
55              280.210000      1318.243414     233.805181      0.102399        5.638213       
56              280.299000      1346.941827     234.634410      0.102385        5.740598       
57              280.272000      1375.630469     235.433914      0.102360        5.842958       
58              280.290000      1404.325438     236.206315      0.102376        5.945334       
59              280.229000      1433.018646     236.951649      0.102392        6.047726       
60              280.200000      1461.704401     237.671570      0.102376        6.150102       
61              280.192000      1490.392419     238.367859      0.102387        6.252489       
62              280.161000      1519.078104     239.041232      0.102390        6.354879       
63              280.091000      1548.369460     239.705824      0.104578        6.459457       
64              280.088000      1577.067277     240.336365      0.102460        6.561917       
65              280.125000      1605.748715     240.947663      0.102388        6.664305       
66              280.158000      1634.428210     241.540853      0.102369        6.766674       
67              280.461000      1663.140685     242.120917      0.102376        6.869050       
68              280.706000      1691.884979     242.687673      0.102400        6.971450       
69              281.096000      1720.665556     243.243597      0.102387        7.073837       
70              281.334000      1749.458684     243.786833      0.102345        7.176182       
71              281.602000      1778.291631     244.318786      0.102389        7.278571       
72              281.840000      1807.137955     244.839086      0.102350        7.380921       
73              282.205000      1836.701469     245.362007      0.104759        7.485680       
74              282.577000      1865.655438     245.864527      0.102464        7.588144       
75              282.848000      1894.616245     246.356917      0.102390        7.690534       
76              282.848000      1923.577900     246.836381      0.102393        7.792927       
77              282.846000      1952.527471     247.303195      0.102351        7.895278       
78              282.872000      1981.486775     247.758502      0.102376        7.997654       
79              282.876000      2010.445357     248.202334      0.102372        8.100026       
80              282.964000      2039.410967     248.636156      0.102365        8.202391       
81              282.997000      2068.382785     249.059731      0.102375        8.304766       
82              283.056000      2097.357529     249.473665      0.102364        8.407130       
83              283.050000      2127.727379     249.896779      0.107295        8.514425       
84              282.971000      2156.686065     250.289588      0.102338        8.616763       
85              282.944000      2185.648213     250.672942      0.102360        8.719123       
86              282.956000      2214.628566     251.047755      0.102420        8.821543       
87              283.038000      2243.602884     251.414725      0.102369        8.923912       
88              283.062000      2272.578242     251.773626      0.102364        9.026276       
89              283.040000      2301.765327     252.126792      0.103120        9.129396       
90              283.040000      2330.723715     252.469393      0.102312        9.231708       
91              282.997000      2359.690722     252.804161      0.102358        9.334066       
92              282.997000      2388.672445     253.131831      0.102410        9.436476       
93              283.030000      2417.692360     253.453200      0.102533        9.539009       
94              283.070000      2446.674199     253.767708      0.102384        9.641393       
95              283.218000      2475.661561     254.077059      0.102350        9.743743       
96              283.153000      2504.637740     254.379256      0.102334        9.846077       
97              283.051000      2533.604047     254.674193      0.102336        9.948413       
98              283.030000      2562.572734     254.962954      0.102352        10.050765      
99              282.985000      2591.544172     255.245511      0.102378        10.153143      
100             282.985000      2620.503442     255.522311      0.102335        10.255478      
101             282.985000      2649.473183     255.793739      0.102372        10.357850      
102             283.030000      2678.435926     256.060189      0.102331        10.460181      
103             283.050000      2707.446003     256.322075      0.102491        10.562672      
104             282.985000      2736.429044     256.578124      0.102419        10.665091      
105             283.000000      2765.402867     256.829353      0.102381        10.767472      
106             283.086000      2794.409840     257.076865      0.102467        10.869939      
107             283.092000      2823.390817     257.319589      0.102373        10.972312      
108             283.216000      2852.389304     257.559012      0.102390        11.074702      
109             283.249000      2881.397117     257.794398      0.102411        11.177113      
110             283.208000      2910.388270     258.025039      0.102367        11.279480      
111             283.178000      2939.379184     258.251284      0.102377        11.381857      
112             283.119000      2968.340276     258.472789      0.102293        11.484150      
113             283.089000      2997.350954     258.690509      0.102479        11.586629      
114             283.116000      3026.331274     258.904406      0.102362        11.688991      
115             283.116000      3055.313859     259.114606      0.102370        11.791361      
116             283.148000      3084.301985     259.321479      0.102378        11.893739      
117             283.149000      3113.286249     259.524801      0.102364        11.996103      
118             283.149000      3142.284954     259.724782      0.102415        12.098518      
119             283.254000      3171.284782     259.922222      0.102381        12.200899      
120             283.317000      3200.312591     260.117044      0.102457        12.303356      
121             283.350000      3229.321398     260.308773      0.102378        12.405734      
122             283.350000      3258.303853     260.497194      0.102285        12.508019      
123             283.302000      3287.308028     260.682338      0.102379        12.610398      
124             283.242000      3316.289633     260.863914      0.102321        12.712719      
125             283.216000      3345.272259     261.042405      0.102334        12.815053      
126             283.190000      3374.260720     261.217914      0.102364        12.917417      
127             283.189000      3403.248512     261.390651      0.102362        13.019779      
128             283.163000      3432.238174     261.560517      0.102378        13.122157      
129             283.162000      3461.222636     261.727717      0.102360        13.224517      
130             283.101000      3490.201421     261.891882      0.102362        13.326879      
131             283.103000      3520.444182     262.060555      0.106826        13.433705      
132             283.140000      3549.422712     262.219938      0.102347        13.536052      
133             283.241000      3578.396283     262.377604      0.102293        13.638345      
134             283.309000      3607.377377     262.533432      0.102295        13.740640      
135             283.295000      3636.385086     262.687001      0.102394        13.843034      
136             283.292000      3665.394470     262.838303      0.102401        13.945435      
137             283.233000      3694.391298     262.986936      0.102378        14.047813      
138             283.230000      3723.388668     263.133401      0.102381        14.150194      
139             283.235000      3752.397031     263.277849      0.102418        14.252612      
140             283.265000      3781.404783     263.420432      0.102405        14.355017      
141             283.233000      3811.029255     263.563747      0.104594        14.459611      
142             283.225000      3840.055853     263.702120      0.102486        14.562097      
143             283.247000      3869.053831     263.838569      0.102377        14.664474      
144             283.184000      3898.032616     263.972630      0.102332        14.766806      
145             283.211000      3927.018695     264.105052      0.102348        14.869154      
146             283.274000      3956.016888     264.236120      0.102368        14.971522      
147             283.422000      3985.039868     264.366456      0.102402        15.073924      
148             283.422000      4014.056045     264.495003      0.102378        15.176302      
149             283.398000      4043.066365     264.621652      0.102366        15.278668      
150             283.357000      4072.075605     264.746355      0.102377        15.381045      
151             283.338000      4101.907129     264.872753      0.105286        15.486331      
152             283.325000      4130.914226     264.993941      0.102381        15.588712      
153             283.357000      4159.919215     265.113734      0.102362        15.691074      
154             283.325000      4188.915829     265.231746      0.102344        15.793418      
155             283.287000      4217.906288     265.347985      0.102336        15.895754      
156             283.338000      4246.913865     265.463109      0.102378        15.998132      
157             283.319000      4275.917798     265.576643      0.102372        16.100504      
158             283.351000      4304.921890     265.688932      0.102361        16.202865      
159             283.421000      4333.944483     265.800293      0.102401        16.305266      
160             283.524000      4362.967701     265.910870      0.102366        16.407632      
161             283.491000      4391.975918     266.019828      0.102325        16.509957      
162             283.426000      4420.988537     266.127083      0.102364        16.612321      
163             283.394000      4450.017434     266.232900      0.102433        16.714754      
164             283.372000      4479.024809     266.337225      0.102365        16.817119      
165             283.372000      4508.290053     266.441198      0.103275        16.920394      
166             283.362000      4537.288470     266.542922      0.102337        17.022731      
167             283.406000      4566.299041     266.643720      0.102364        17.125095      
168             283.367000      4595.299104     266.743066      0.102341        17.227436      
169             283.377000      4624.308124     266.841325      0.102369        17.329805      
170             283.377000      4653.936606     266.940490      0.104555        17.434360      
171             283.432000      4682.973647     267.036832      0.102448        17.536808      
172             283.497000      4711.994668     267.132357      0.102368        17.639176      
173             283.530000      4741.017083     267.226965      0.102361        17.741537      
174             283.600000      4770.047229     267.320890      0.102363        17.843900      
175             283.588000      4799.076999     267.413678      0.102366        17.946266      
176             283.529000      4828.159986     267.505265      0.102575        18.048841      
177             283.459000      4857.213399     267.595351      0.102496        18.151337      
178             283.460000      4886.233184     267.684329      0.102377        18.253714      
179             283.490000      4915.251787     267.772469      0.102362        18.356076      
180             283.491000      4944.254618     267.859589      0.102306        18.458382      
181             283.524000      4973.308739     267.946073      0.102475        18.560857      
182             283.491000      5002.330280     268.031340      0.102372        18.663229      
183             283.490000      5031.351718     268.115672      0.102372        18.765601      
184             283.490000      5060.368904     268.199076      0.102357        18.867958      
185             283.491000      5089.390445     268.281598      0.102372        18.970330      
186             283.594000      5118.425649     268.363795      0.102383        19.072713      
187             283.618000      5147.442891     268.445186      0.102311        19.175024      
188             283.647000      5176.496286     268.525959      0.102428        19.277452      
189             283.632000      5205.811355     268.606518      0.103356        19.380808      
190             283.594000      5234.840036     268.685259      0.102360        19.483168      
191             283.554000      5263.896665     268.763053      0.102473        19.585641      
192             283.592000      5292.928546     268.840159      0.102372        19.688013      
193             283.629000      5321.965632     268.916663      0.102377        19.790390      
194             283.629000      5351.015765     268.992413      0.102423        19.892813      
195             283.592000      5380.049063     269.067164      0.102377        19.995190      
196             283.615000      5409.090105     269.141284      0.102396        20.097586      
197             283.591000      5438.121599     269.214514      0.102371        20.199957      
198             283.661000      5467.159124     269.287355      0.102367        20.302324      
199             283.699000      5496.204795     269.359666      0.102382        20.404706      
200             283.742000      5525.555068     269.432208      0.103440        20.508146      
201             283.772000      5554.599416     269.503419      0.102351        20.610497      
202             283.715000      5583.642186     269.573655      0.102366        20.712863      
203             283.632000      5612.674190     269.642786      0.102358        20.815221      
204             283.618000      5641.696820     269.711154      0.102330        20.917551      
205             283.618000      5670.727958     269.778876      0.102360        21.019911      
206             283.632000      5699.768471     269.846027      0.102388        21.122299      
207             283.669000      5728.798306     269.912676      0.102337        21.224636      
208             283.686000      5757.842079     269.978795      0.102380        21.327016      
209             283.632000      5788.117242     270.046788      0.106741        21.433757      
210             283.600000      5817.136896     270.111185      0.102326        21.536083      
211             283.623000      5846.150678     270.175063      0.102297        21.638380      
212             283.707000      5875.183833     270.238759      0.102335        21.740715      
213             283.720000      5904.226831     270.301937      0.102365        21.843080      
214             283.784000      5933.293124     270.364860      0.102424        21.945504      
215             283.784000      5962.345794     270.427170      0.102376        22.047880      
216             283.720000      5991.390494     270.488605      0.102371        22.150251      
217             283.381000      6020.399357     270.547913      0.102367        22.252618      
218             283.296000      6049.404052     270.606298      0.102383        22.355001      
219             283.347000      6079.220940     270.665990      0.105231        22.460232      
220             283.334000      6108.216208     270.723448      0.102336        22.562568      
221             283.334000      6137.221676     270.780407      0.102372        22.664940      
222             283.410000      6166.224439     270.837175      0.102335        22.767275      
223             283.328000      6195.222209     270.893074      0.102347        22.869622      
224             283.376000      6224.220642     270.948681      0.102332        22.971954      
225             283.398000      6253.231245     271.003911      0.102367        23.074321      
226             283.500000      6282.242651     271.059086      0.102333        23.176654      
227             283.498000      6311.279650     271.113815      0.102424        23.279078      
228             283.836000      6340.337361     271.169519      0.102375        23.381453      
229             283.761000      6369.372070     271.224381      0.102321        23.483774      
230             283.723000      6398.409417     271.278615      0.102344        23.586118      
231             283.691000      6427.437531     271.332230      0.102323        23.688441      
232             283.762000      6456.485395     271.385713      0.102367        23.790808      
233             283.820000      6485.536927     271.438982      0.102359        23.893167      
234             283.787000      6514.606648     271.491695      0.102435        23.995602      
235             283.793000      6543.654281     271.543944      0.102355        24.097957      
236             283.823000      6572.706687     271.595881      0.102361        24.200318      
237             283.825000      6601.759865     271.647390      0.102363        24.302681      
238             283.898000      6630.815406     271.698764      0.102345        24.405026      
239             283.894000      6659.864292     271.749682      0.102323        24.507349      
240             284.003000      6688.940803     271.800658      0.102381        24.609730      
241             283.926000      6718.002900     271.850881      0.102358        24.712088      
242             283.863000      6747.056846     271.900428      0.102352        24.814440      
243             283.796000      6776.081798     271.949255      0.102274        24.916714      
244             283.788000      6805.132324     271.997693      0.102367        25.019081      
245             283.788000      6834.183702     272.045739      0.102370        25.121451      
246             283.758000      6863.224347     272.093260      0.102343        25.223794      
247             283.794000      6892.287407     272.140573      0.102409        25.326203      
248             283.823000      6922.812003     272.189973      0.107548        25.433751      
249             283.823000      6951.866963     272.236608      0.102370        25.536121      
250             283.850000      6980.918443     272.282968      0.102348        25.638469      
251             283.922000      7009.984106     272.329257      0.102372        25.740841      
252             283.916000      7039.049155     272.375155      0.102372        25.843213      
253             283.968000      7068.108736     272.420880      0.102334        25.945547      
254             283.957000      7097.180538     272.466222      0.102381        26.047928      
255             283.930000      7126.247020     272.511100      0.102372        26.150300      
256             283.867000      7155.305065     272.555379      0.102365        26.252665      
257             283.833000      7184.380066     272.599213      0.102437        26.355102      
258             283.798000      7214.065905     272.643485      0.104602        26.459704      
259             283.831000      7243.155176     272.686651      0.102488        26.562192      
260             283.862000      7272.214981     272.729556      0.102373        26.664565      
261             283.798000      7301.273058     272.771896      0.102390        26.766955      
262             283.790000      7330.326911     272.813877      0.102378        26.869333      
263             283.825000      7359.381792     272.855669      0.102369        26.971702      
264             283.822000      7388.477520     272.897192      0.102514        27.074216      
265             283.881000      7417.518547     272.938538      0.102300        27.176516      
266             283.945000      7446.561009     272.979807      0.102282        27.278798      
267             284.062000      7475.620836     273.021212      0.102301        27.381099      
268             283.974000      7505.319973     273.062888      0.104584        27.485683      
269             283.884000      7534.414392     273.103087      0.102487        27.588170      
270             283.887000      7563.477040     273.142956      0.102374        27.690544      
271             283.911000      7592.541577     273.182619      0.102372        27.792916      
272             283.913000      7621.605467     273.221997      0.102369        27.895285      
273             283.943000      7650.671576     273.261195      0.102366        27.997651      
274             283.853000      7679.728756     273.299781      0.102367        28.100018      
275             283.783000      7708.787284     273.337843      0.102397        28.202415      
276             283.819000      7737.832185     273.375738      0.102336        28.304751      
277             283.875000      7766.902404     273.413587      0.102405        28.407156      
278             283.938000      7797.340558     273.453153      0.107200        28.514356      
279             284.025000      7826.417333     273.490973      0.102374        28.616730      
280             284.095000      7855.498434     273.528769      0.102364        28.719094      
281             284.028000      7884.573812     273.566060      0.102368        28.821462      
282             283.948000      7913.630779     273.602791      0.102332        28.923794      
283             283.890000      7942.688908     273.639068      0.102357        29.026151      
284             283.886000      7971.741801     273.675070      0.102340        29.128491      
285             283.921000      8000.830927     273.710982      0.102455        29.230946      
286             283.965000      8029.898436     273.746765      0.102363        29.333309      
287             283.965000      8058.956575     273.782287      0.102330        29.435639      
288             283.933000      8088.009451     273.817451      0.102323        29.537962      
289             283.926000      8117.076375     273.852365      0.102375        29.640337      
290             283.930000      8146.138598     273.887046      0.102357        29.742694      
291             284.030000      8175.203104     273.921823      0.102329        29.845023      
292             284.132000      8204.300778     273.956738      0.102409        29.947432      
293             284.106000      8233.381584     273.991309      0.102359        30.049791      
294             284.135000      8262.461097     274.025740      0.102344        30.152135      
295             284.097000      8291.543254     274.059816      0.102367        30.254502      
296             284.011000      8320.617460     274.093374      0.102370        30.356872      
297             283.948000      8349.669316     274.126476      0.102314        30.459186      
298             283.925000      8378.754593     274.159320      0.102440        30.561626      
299             283.947000      8407.839568     274.192015      0.102431        30.664057      
300             283.977000      8436.906318     274.224568      0.102356        30.766413      
301             283.857000      8465.956243     274.256503      0.102340        30.868753      
302             283.763000      8495.003359     274.287923      0.102364        30.971117      
303             283.796000      8524.050731     274.319242      0.102353        31.073470      
304             283.796000      8553.102928     274.350360      0.102370        31.175840      
305             283.895000      8582.166110     274.381599      0.102373        31.278213      
306             283.947000      8611.235185     274.412805      0.102375        31.380588      
307             284.074000      8640.553042     274.444475      0.103205        31.483793      
308             284.027000      8669.913765     274.475835      0.103373        31.587166      
309             283.995000      8699.059604     274.506663      0.102628        31.689794      
310             283.982000      8728.105851     274.537147      0.102282        31.792076      
311             284.045000      8757.173596     274.567654      0.102335        31.894411      
312             284.101000      8786.261845     274.598160      0.102387        31.996798      
313             284.132000      8815.338493     274.628554      0.102335        32.099133      
314             284.132000      8844.418267     274.658759      0.102346        32.201479      
315             283.933000      8873.483636     274.688148      0.102367        32.303846      
316             283.966000      8902.548976     274.717452      0.102355        32.406201      
317             284.031000      8931.611880     274.746767      0.102323        32.508524      
318             284.039000      8960.692645     274.775941      0.102383        32.610907      
319             284.072000      8989.770255     274.805028      0.102360        32.713267      
320             284.052000      9018.846954     274.833873      0.102364        32.815631      
321             284.072000      9047.926268     274.862601      0.102366        32.917997      
322             283.972000      9076.986827     274.890832      0.102336        33.020333      
323             283.899000      9106.051555     274.918675      0.102377        33.122710      
324             283.899000      9135.101804     274.946333      0.102326        33.225036      
325             283.895000      9164.161580     274.973817      0.102361        33.327397      
326             284.017000      9194.308564     275.002528      0.106145        33.433542      
327             283.772000      9223.359439     275.029298      0.102374        33.535916      
328             283.772000      9252.406625     275.055902      0.102361        33.638277      
329             283.731000      9281.445358     275.082216      0.102346        33.740623      
330             283.731000      9310.489765     275.108377      0.102366        33.842989      
331             283.802000      9339.543995     275.134596      0.102375        33.945364      
332             283.866000      9368.592854     275.160838      0.102333        34.047697      
333             283.865000      9397.645585     275.186925      0.102347        34.150044      
334             283.842000      9426.700220     275.212790      0.102362        34.252406      
335             283.842000      9455.756842     275.238503      0.102369        34.354775      
336             283.809000      9485.426802     275.264504      0.104542        34.459317      
337             283.780000      9514.508577     275.289754      0.102480        34.561797      
338             283.996000      9543.585791     275.315469      0.102386        34.664183      
339             283.965000      9572.653585     275.340936      0.102364        34.766547      
340             283.995000      9601.725585     275.366342      0.102368        34.868915      
341             284.024000      9630.782660     275.391669      0.102305        34.971220      
342             284.024000      9659.907333     275.416907      0.102543        35.073763      
343             284.041000      9688.984894     275.442005      0.102371        35.176134      
344             284.053000      9718.065672     275.466995      0.102378        35.278512      
345             284.175000      9747.149278     275.492184      0.102344        35.380856      
346             284.175000      9777.076032     275.517951      0.105311        35.486167      
347             284.175000      9806.166458     275.542853      0.102368        35.588535      
348             284.146000      9835.249938     275.567525      0.102354        35.690889      
349             284.117000      9864.336132     275.591978      0.102374        35.793263      
350             284.079000      9893.414174     275.616179      0.102359        35.895622      
351             284.046000      9922.483442     275.640144      0.102340        35.997962      
352             284.046000      9951.564071     275.663983      0.102380        36.100342      
353             284.079000      9980.657454     275.687788      0.102413        36.202755      
354             284.079000      10009.728394    275.711441      0.102334        36.305089      
355             284.118000      10038.812702    275.735077      0.102367        36.407456      
356             284.118000      10067.882803    275.758570      0.102317        36.509773      
357             284.209000      10096.999447    275.782216      0.102448        36.612221      
358             284.275000      10126.088739    275.805887      0.102328        36.714549      
359             284.236000      10155.187115    275.829328      0.102374        36.816923      
360             284.307000      10184.292191    275.852835      0.102372        36.919295      
361             284.295000      10213.383814    275.876169      0.102329        37.021624      
362             284.275000      10242.487320    275.899331      0.102378        37.124002      
363             284.236000      10271.582570    275.922255      0.102363        37.226365      
364             284.206000      10300.669917    275.944967      0.102346        37.328711      
365             284.206000      10330.475453    275.968111      0.104873        37.433584      
366             284.144000      10359.561854    275.990407      0.102365        37.535949      
367             284.144000      10388.645413    276.012581      0.102355        37.638304      
368             284.177000      10417.725813    276.034718      0.102332        37.740636      
369             284.147000      10446.811669    276.056661      0.102362        37.842998      
370             284.209000      10475.900744    276.078650      0.102351        37.945349      
371             284.242000      10504.998598    276.100615      0.102370        38.047719      
372             284.239000      10534.108935    276.122462      0.102415        38.150134      
373             284.281000      10563.208222    276.144294      0.102361        38.252495      
374             284.244000      10592.305996    276.165912      0.102369        38.354864      
375             284.251000      10621.512218    276.187513      0.102748        38.457612      
376             284.251000      10650.619236    276.208926      0.102399        38.560011      
377             284.215000      10679.703810    276.230117      0.102333        38.662344      
378             284.121000      10708.792118    276.250957      0.102380        38.764724      
379             284.154000      10737.880963    276.271773      0.102370        38.867094      
380             284.156000      10766.970581    276.292484      0.102372        38.969466      
381             284.125000      10796.055605    276.313005      0.102367        39.071833      
382             284.084000      10825.135579    276.333311      0.102364        39.174197      
383             284.122000      10854.222853    276.353613      0.102376        39.276573      
384             284.149000      10883.316301    276.373881      0.102388        39.378961      
385             284.209000      10912.413903    276.394199      0.102381        39.481342      
386             284.307000      10941.549684    276.414685      0.102480        39.583822      
387             284.266000      10970.961834    276.435154      0.103467        39.687289      
388             284.209000      11000.195572    276.455250      0.102860        39.790149      
389             284.177000      11029.288192    276.475066      0.102375        39.892524      
390             284.177000      11058.369161    276.494772      0.102334        39.994858      
391             284.177000      11087.460361    276.514386      0.102370        40.097228      
392             284.177000      11116.551560    276.533899      0.102370        40.199598      
393             284.177000      11145.640202    276.553311      0.102361        40.301959      
394             284.112000      11174.723043    276.572461      0.102364        40.404323      
395             284.079000      11203.781484    276.591417      0.102290        40.506613      
396             284.112000      11232.869155    276.610377      0.102381        40.608994      
397             284.177000      11261.962059    276.629405      0.102376        40.711370      
398             284.207000      11291.054909    276.648410      0.102365        40.813735      
399             284.275000      11320.137378    276.667479      0.102304        40.916039      
400             284.275000      11349.725573    276.686782      0.104083        41.020122      
401             284.242000      11378.815184    276.705585      0.102341        41.122463      
402             284.173000      11407.914215    276.724133      0.102399        41.224862      
403             284.140000      11437.001342    276.742503      0.102369        41.327231      
404             284.169000      11467.228399    276.761568      0.106370        41.433601      
405             284.202000      11496.323863    276.779907      0.102376        41.535977      
406             284.202000      11525.420179    276.798156      0.102379        41.638356      
407             284.170000      11554.503842    276.816232      0.102346        41.740702      
408             284.140000      11583.590970    276.834149      0.102369        41.843071      
409             284.110000      11612.675026    276.851906      0.102369        41.945440      
410             284.104000      11641.759037    276.869563      0.102371        42.047811      
411             284.140000      11670.826559    276.887208      0.102300        42.150111      
412             284.272000      11699.907869    276.905088      0.102301        42.252412      
413             284.275000      11729.008248    276.922900      0.102367        42.354779      
414             284.236000      11758.918118    276.941025      0.105229        42.460008      
415             284.207000      11788.002725    276.958495      0.102336        42.562344      
416             284.112000      11817.088975    276.975660      0.102376        42.664720      
417             284.088000      11846.170496    276.992684      0.102368        42.767088      
418             284.080000      11875.248925    277.009607      0.102360        42.869448      
419             284.118000      11904.334368    277.026541      0.102371        42.971819      
420             284.178000      11933.416008    277.043531      0.102336        43.074155      
421             284.113000      11962.503497    277.060294      0.102380        43.176535      
422             284.118000      11991.588089    277.076988      0.102368        43.278903      
423             284.088000      12020.671029    277.093533      0.102373        43.381276      
424             284.145000      12049.748156    277.110127      0.102332        43.483608      
425             284.264000      12078.849683    277.126931      0.102375        43.585983      
426             284.371000      12107.963586    277.143906      0.102380        43.688363      
427             284.371000      12137.097395    277.160814      0.102450        43.790813      
428             284.289000      12166.200344    277.177439      0.102371        43.893184      
429             284.170000      12195.294237    277.193712      0.102382        43.995566      
430             284.202000      12224.387427    277.209981      0.102368        44.097934      
431             284.202000      12253.481470    277.226175      0.102371        44.200305      
432             284.202000      12282.570681    277.242291      0.102354        44.302659      
433             284.259000      12311.664874    277.258464      0.102351        44.405010      
434             284.201000      12340.746310    277.274426      0.102327        44.507337      
435             284.199000      12369.840330    277.290317      0.102372        44.609709      
436             284.199000      12398.934066    277.306134      0.102371        44.712080      
437             284.266000      12428.032102    277.322032      0.102362        44.814442      
438             284.369000      12457.141535    277.338092      0.102365        44.916807      
439             284.378000      12486.258145    277.354102      0.102387        45.019194      
440             284.434000      12515.377076    277.370166      0.102375        45.121569      
441             284.405000      12544.515506    277.386103      0.102454        45.224023      
442             284.396000      12573.618317    277.401929      0.102332        45.326355      
443             284.328000      12604.114770    277.418280      0.107258        45.433613      
444             284.314000      12633.219994    277.433782      0.102370        45.535983      
445             284.314000      12662.321238    277.449213      0.102356        45.638339      
446             284.265000      12691.421446    277.464467      0.102370        45.740709      
447             284.229000      12720.506600    277.479567      0.102330        45.843039      
448             284.196000      12749.600028    277.494532      0.102371        45.945410      
449             284.221000      12778.685784    277.509480      0.102335        46.047745      
450             284.196000      12807.782623    277.524314      0.102383        46.150128      
451             284.251000      12836.884241    277.539204      0.102380        46.252508      
452             284.311000      12865.968687    277.554148      0.102298        46.354806      
453             284.359000      12895.708373    277.569466      0.104585        46.459391      
454             284.356000      12924.849176    277.584403      0.102480        46.561871      
455             284.276000      12953.952785    277.599084      0.102378        46.664249      
456             284.247000      12983.045181    277.613633      0.102349        46.766598      
457             284.245000      13012.141920    277.628117      0.102365        46.868963      
458             284.218000      13041.239022    277.642479      0.102376        46.971339      
459             284.218000      13070.323903    277.656774      0.102333        47.073672      
460             284.221000      13099.408238    277.671012      0.102330        47.176002      
461             284.166000      13128.500016    277.685077      0.102376        47.278378      
462             284.133000      13157.580176    277.699005      0.102347        47.380725      
463             284.167000      13187.287847    277.713245      0.104543        47.485268      
464             284.304000      13216.411380    277.727432      0.102438        47.587706      
465             284.336000      13245.511748    277.741614      0.102345        47.690051      
466             284.339000      13274.620385    277.755746      0.102373        47.792424      
467             284.307000      13303.716363    277.769745      0.102340        47.894764      
468             284.275000      13332.817879    277.783619      0.102371        47.997135      
469             284.209000      13361.907807    277.797292      0.102354        48.099489      
470             284.206000      13391.018743    277.810911      0.102429        48.201918      
471             284.176000      13420.118081    277.824404      0.102399        48.304317      
472             283.995000      13449.186106    277.837451      0.102354        48.406671      
473             284.025000      13479.797468    277.851197      0.107777        48.514448      
474             284.054000      13508.882325    277.864261      0.102392        48.616840      
475             284.025000      13537.954556    277.877205      0.102358        48.719198      
476             284.055000      13567.033267    277.890158      0.102370        48.821568      
477             284.141000      13596.118224    277.903237      0.102361        48.923929      
478             284.203000      13625.203843    277.916387      0.102341        49.026270      
479             284.270000      13654.303141    277.929626      0.102365        49.128635      
480             284.270000      13683.398744    277.942808      0.102352        49.230987      
481             284.262000      13712.492960    277.955918      0.102350        49.333337      
482             284.438000      13741.599216    277.969335      0.102329        49.435666      
483             284.384000      13770.722128    277.982596      0.102407        49.538073      
484             284.307000      13799.828058    277.995639      0.102375        49.640448      
485             284.307000      13828.924605    278.008624      0.102342        49.742790      
486             284.274000      13858.028008    278.021493      0.102378        49.845168      
487             284.236000      13887.112173    278.034224      0.102324        49.947492      
488             284.144000      13916.194027    278.046718      0.102349        50.049841      
489             284.177000      13945.281248    278.059229      0.102356        50.152197      
490             284.210000      13974.375541    278.071759      0.102369        50.254566      
491             284.276000      14003.478865    278.084372      0.102377        50.356943      
492             284.326000      14032.572523    278.097029      0.102325        50.459268      
493             284.405000      14061.720339    278.109815      0.102487        50.561755      
494             284.384000      14090.823344    278.122488      0.102337        50.664092      
495             284.340000      14119.928955    278.135025      0.102362        50.766454      
496             284.296000      14149.036032    278.147425      0.102383        50.868837      
497             284.266000      14178.146008    278.159718      0.102404        50.971241      
498             284.275000      14207.242407    278.171973      0.102353        51.073594      
499             284.275000      14236.342217    278.184181      0.102365        51.175959      
500             284.296000      14265.436217    278.196378      0.102337        51.278296      
501             284.266000      14294.535675    278.208471      0.102367        51.380663      
502             284.206000      14323.622454    278.220393      0.102344        51.483007      
503             284.210000      14352.721294    278.232281      0.102385        51.585392      
504             284.308000      14381.825620    278.244314      0.102369        51.687761      
505             284.355000      14410.930776    278.256391      0.102355        51.790116      
506             284.384000      14440.058523    278.268486      0.102424        51.892540      
507             284.414000      14469.173415    278.280585      0.102368        51.994908      
508             284.384000      14498.287512    278.292579      0.102376        52.097284      
509             284.307000      14527.390313    278.304373      0.102364        52.199648      
510             284.295000      14556.493024    278.316098      0.102368        52.302016      
511             284.295000      14585.774840    278.327849      0.102998        52.405014      
512             284.325000      14616.190792    278.340067      0.106976        52.511990      
513             284.295000      14645.317952    278.351662      0.102454        52.614444      
514             284.295000      14674.392801    278.363192      0.102270        52.716714      
515             284.266000      14703.495386    278.374634      0.102378        52.819092      
516             284.209000      14732.581051    278.385916      0.102339        52.921431      
517             284.236000      14761.673174    278.397209      0.102352        53.023783      
518             284.296000      14790.776839    278.408575      0.102371        53.126154      
519             284.405000      14819.887113    278.420106      0.102355        53.228509      
520             284.438000      14849.005031    278.431657      0.102370        53.330879      
521             284.438000      14878.744446    278.443410      0.104555        53.435434      
522             284.373000      14907.855426    278.454748      0.102369        53.537803      
523             284.341000      14936.966258    278.465982      0.102380        53.640183      
524             284.308000      14966.070299    278.477110      0.102368        53.742551      
525             284.308000      14995.174909    278.488196      0.102370        53.844921      
526             284.326000      15024.267430    278.499268      0.102321        53.947242      
527             284.308000      15053.370618    278.510270      0.102365        54.049607      
528             284.276000      15082.474226    278.521170      0.102378        54.151985      
529             284.276000      15111.574139    278.532028      0.102365        54.254350      
530             284.276000      15140.677179    278.542846      0.102376        54.356726      
531             284.296000      15170.400041    278.553891      0.104549        54.461275      
532             284.356000      15199.533735    278.564785      0.102455        54.563730      
533             284.444000      15228.649992    278.575794      0.102362        54.666092      
534             284.474000      15258.041846    278.586921      0.103320        54.769412      
535             284.474000      15287.147519    278.597898      0.102314        54.871726      
536             284.438000      15316.257472    278.608770      0.102342        54.974068      
537             284.405000      15345.378838    278.619546      0.102394        55.076462      
538             284.384000      15374.497200    278.630243      0.102391        55.178853      
539             284.384000      15403.607599    278.640897      0.102363        55.281216      
540             284.384000      15432.718852    278.651512      0.102366        55.383582      
541             284.307000      15461.811703    278.661942      0.102329        55.485911      
542             284.325000      15490.920044    278.672371      0.102377        55.588288      
543             284.340000      15520.028782    278.682790      0.102373        55.690661      
544             284.373000      15549.136634    278.693229      0.102358        55.793019      
545             284.438000      15578.276738    278.703759      0.102448        55.895467      
546             284.474000      15607.402324    278.714309      0.102384        55.997851      
547             284.536000      15636.527998    278.724931      0.102362        56.100213      
548             284.471000      15665.649010    278.735397      0.102369        56.202582      
549             284.405000      15694.753596    278.745702      0.102335        56.304917      
550             284.405000      15723.867282    278.755972      0.102367        56.407284      
551             284.384000      15752.964600    278.766162      0.102317        56.509601      
552             284.339000      15782.071815    278.776239      0.102368        56.611969      
553             284.339000      15811.182157    278.786281      0.102379        56.714348      
554             284.339000      15840.290794    278.796286      0.102373        56.816721      
555             284.324000      15869.416944    278.806234      0.102440        56.919161      
556             284.295000      15898.511695    278.816085      0.102340        57.021501      
557             284.275000      15927.613211    278.825868      0.102371        57.123872      
558             284.325000      15956.712168    278.835703      0.102344        57.226216      
559             284.384000      15985.813467    278.845607      0.102331        57.328547      
560             284.471000      16015.715637    278.855902      0.105115        57.433662      
561             284.471000      16044.836933    278.865893      0.102370        57.536032      
562             284.444000      16073.957741    278.875801      0.102378        57.638410      
563             284.414000      16103.089982    278.885625      0.102429        57.740839      
564             284.355000      16132.198835    278.895305      0.102368        57.843207      
565             284.340000      16161.307005    278.904924      0.102371        57.945578      
566             284.340000      16190.396693    278.914503      0.102306        58.047884      
567             284.384000      16219.501689    278.924129      0.102344        58.150228      
568             284.307000      16248.605344    278.933588      0.102367        58.252595      
569             284.307000      16277.709567    278.943014      0.102369        58.354964      
570             284.325000      16307.446266    278.952643      0.104587        58.459551      
571             284.325000      16336.583039    278.962044      0.102477        58.562028      
572             284.384000      16365.697704    278.971506      0.102378        58.664406      
573             284.535000      16394.823560    278.981197      0.102363        58.766769      
574             284.532000      16423.950248    278.990849      0.102367        58.869136      
575             284.469000      16453.067357    279.000358      0.102356        58.971492      
576             284.440000      16482.191453    279.009786      0.102391        59.073883      
577             284.368000      16511.292252    279.019052      0.102335        59.176218      
578             284.350000      16540.400593    279.028258      0.102368        59.278586      
579             284.380000      16569.513995    279.037485      0.102375        59.380961      
580             284.400000      16599.265648    279.046915      0.104612        59.485573      
581             284.379000      16628.396295    279.056081      0.102436        59.588009      
582             284.350000      16657.506058    279.065161      0.102373        59.690382      
583             284.291000      16686.608075    279.074108      0.102367        59.792749      
584             284.373000      16715.720476    279.083165      0.102374        59.895123      
585             284.438000      16744.826163    279.092297      0.102327        59.997450      
586             284.474000      16773.945775    279.101464      0.102363        60.099813      
587             284.569000      16803.069421    279.110758      0.102343        60.202156      
588             284.504000      16832.185275    279.119911      0.102339        60.304495      
589             284.438000      16861.308598    279.128925      0.102389        60.406884      
590             284.373000      16891.888080    279.138244      0.107533        60.514417      
591             284.406000      16921.010401    279.147142      0.102397        60.616814      
592             284.373000      16950.116546    279.155951      0.102352        60.719166      
593             284.373000      16979.223829    279.164731      0.102356        60.821522      
594             284.438000      17008.338049    279.173591      0.102357        60.923879      
595             284.414000      17037.451519    279.182381      0.102363        61.026242      
596             284.414000      17066.565274    279.191141      0.102364        61.128606      
597             284.384000      17095.684489    279.199825      0.102394        61.231000      
598             284.384000      17124.808539    279.208481      0.102411        61.333411      
599             284.444000      17153.915978    279.217202      0.102331        61.435742      
600             284.503000      17183.029455    279.225992      0.102331        61.538073      
601             284.533000      17212.156813    279.234805      0.102369        61.640442      
602             284.503000      17241.283662    279.243541      0.102378        61.742820      
603             284.474000      17270.397015    279.252196      0.102341        61.845161      
604             284.444000      17299.515547    279.260776      0.102370        61.947531      
605             284.373000      17328.622830    279.269209      0.102356        62.049887      
606             284.373000      17357.735516    279.277615      0.102375        62.152262      
607             284.385000      17386.849146    279.286014      0.102374        62.254636      
608             284.373000      17415.958988    279.294365      0.102365        62.357001      
609             284.340000      17445.046402    279.302629      0.102298        62.459299      
610             284.325000      17474.180900    279.310855      0.102469        62.561768      
611             284.352000      17503.282621    279.319088      0.102344        62.664112      
612             284.370000      17532.394431    279.327326      0.102373        62.766485      
613             284.382000      17561.497516    279.335554      0.102338        62.868823      
614             284.441000      17590.606639    279.343851      0.102338        62.971161      
615             284.441000      17619.720598    279.352123      0.102355        63.073516      
616             284.441000      17648.835410    279.360368      0.102358        63.175874      
617             284.402000      17677.948505    279.368524      0.102366        63.278240      
618             284.352000      17707.055913    279.376573      0.102364        63.380604      
619             284.323000      17736.158078    279.384548      0.102356        63.482960      
620             284.383000      17765.269513    279.392595      0.102367        63.585327      
621             284.383000      17794.378956    279.400616      0.102360        63.687687      
622             284.371000      17823.483760    279.408590      0.102348        63.790035      
623             284.383000      17852.585525    279.416558      0.102333        63.892368      
624             284.404000      17881.699109    279.424536      0.102367        63.994735      
625             284.437000      17910.813512    279.432540      0.102358        64.097093      
626             284.472000      17939.935195    279.440576      0.102371        64.199464      
627             284.600000      17969.066566    279.448789      0.102359        64.301823      
628             284.561000      17998.190531    279.456913      0.102347        64.404170      
629             284.463000      18027.301052    279.464855      0.102335        64.506505      
630             284.430000      18056.420427    279.472722      0.102378        64.608883      
631             284.401000      18085.535126    279.480519      0.102372        64.711255      
632             284.383000      18114.648551    279.488262      0.102374        64.813629      
633             284.374000      18143.759064    279.495967      0.102367        64.915996      
634             284.388000      18172.867314    279.503668      0.102354        65.018350      
635             284.411000      18202.121829    279.511419      0.102860        65.121210      
636             284.349000      18231.444182    279.519068      0.103121        65.224331      
637             284.366000      18260.983269    279.526775      0.103877        65.328208      
638             284.368000      18290.982103    279.534580      0.105493        65.433701      
639             284.400000      18320.088452    279.542178      0.102343        65.536044      
640             284.496000      18349.215152    279.549904      0.102380        65.638424      
641             284.526000      18378.342364    279.557653      0.102371        65.740795      
642             284.528000      18407.466365    279.565380      0.102359        65.843154      
643             284.469000      18436.582052    279.572991      0.102351        65.945505      
644             284.437000      18465.691050    279.580527      0.102339        66.047844      
645             284.435000      18494.798421    279.588037      0.102334        66.150178      
646             284.435000      18523.914894    279.595526      0.102366        66.252544      
647             284.455000      18553.047353    279.603026      0.102415        66.354959      
648             284.452000      18582.799041    279.610658      0.104593        66.459552      
649             284.482000      18611.947351    279.618156      0.102461        66.562013      
650             284.478000      18641.060830    279.625617      0.102340        66.664353      
651             284.481000      18670.181159    279.633061      0.102363        66.766716      
652             284.476000      18699.304105    279.640475      0.102374        66.869090      
653             284.571000      18728.435353    279.648012      0.102369        66.971459      
654             284.604000      18757.570549    279.655576      0.102371        67.073830      
655             284.604000      18786.695215    279.663114      0.102334        67.176164      
656             284.569000      18815.851870    279.670585      0.102459        67.278623      
657             284.471000      18844.963495    279.677876      0.102336        67.380959      
658             284.444000      18874.917723    279.685313      0.105308        67.486267      
659             284.444000      18904.038247    279.692521      0.102377        67.588644      
660             284.474000      18933.162979    279.699753      0.102381        67.691025      
661             284.474000      18962.284298    279.706962      0.102369        67.793394      
662             284.438000      18991.402216    279.714096      0.102370        67.895764      
663             284.445000      19020.516300    279.721217      0.102354        67.998118      
664             284.445000      19049.636641    279.728318      0.102376        68.100494      
665             284.438000      19078.750861    279.735386      0.102357        68.202851      
666             284.474000      19107.871042    279.742488      0.102365        68.305216      
667             284.504000      19136.992872    279.749612      0.102360        68.407576      
668             284.570000      19166.110643    279.756812      0.102322        68.509898      
669             284.505000      19195.230584    279.763895      0.102353        68.612251      
670             284.471000      19224.339648    279.770905      0.102327        68.714578      
671             284.438000      19253.456712    279.777847      0.102367        68.816945      
672             284.414000      19282.566770    279.784732      0.102351        68.919296      
673             284.414000      19311.681093    279.791598      0.102366        69.021662      
674             284.414000      19340.795986    279.798443      0.102368        69.124030      
675             284.444000      19369.912527    279.805313      0.102363        69.226393      
676             284.405000      19399.024791    279.812104      0.102362        69.328755      
677             284.384000      19428.853829    279.819010      0.104890        69.433645      
678             284.414000      19458.366617    279.825867      0.103767        69.537412      
679             284.414000      19487.478381    279.832611      0.102357        69.639769      
680             284.414000      19516.596970    279.839336      0.102381        69.742150      
681             284.471000      19545.711724    279.846123      0.102347        69.844497      
682             284.504000      19574.836683    279.852940      0.102371        69.946868      
683             284.438000      19603.968254    279.859644      0.102418        70.049286      
684             284.385000      19633.079609    279.866248      0.102366        70.151652      
685             284.308000      19662.179954    279.872719      0.102355        70.254007      
686             284.326000      19691.287260    279.879199      0.102373        70.356380      
687             284.341000      19721.017955    279.885820      0.104560        70.460940      
688             284.356000      19750.149374    279.892310      0.102447        70.563387      
689             284.356000      19779.267712    279.898778      0.102401        70.665788      
690             284.385000      19808.379067    279.905267      0.102366        70.768154      
691             284.373000      19837.490900    279.911721      0.102372        70.870526      
692             284.373000      19866.593917    279.918154      0.102341        70.972867      
693             284.414000      19895.711654    279.924630      0.102378        71.075245      
694             284.536000      19924.840458    279.931262      0.102373        71.177618      
695             284.569000      19953.970933    279.937923      0.102367        71.279985      
696             284.536000      19983.101728    279.944518      0.102380        71.382365      
697             284.471000      20012.227292    279.951001      0.102385        71.484750      
698             284.373000      20041.371827    279.957331      0.102487        71.587237      
699             284.385000      20070.479201    279.963653      0.102352        71.689589      
700             284.385000      20099.991538    279.970044      0.103776        71.793365      
701             284.385000      20129.091234    279.976327      0.102325        71.895690      
702             284.238000      20158.176455    279.982384      0.102327        71.998017      
703             284.238000      20187.273615    279.988426      0.102369        72.100386      
704             284.262000      20216.374085    279.994486      0.102372        72.202758      
705             284.262000      20245.475407    280.000528      0.102375        72.305133      
706             284.303000      20274.576662    280.006610      0.102360        72.407493      
707             284.433000      20303.671029    280.012854      0.102289        72.509782      
708             284.465000      20332.792849    280.019131      0.102374        72.612156      
709             284.439000      20361.909447    280.025353      0.102365        72.714521      
710             284.409000      20391.024681    280.031516      0.102371        72.816892      
711             284.320000      20420.127961    280.037536      0.102361        72.919253      
712             284.320000      20449.232946    280.043540      0.102367        73.021620      
713             284.414000      20478.348976    280.049658      0.102372        73.123992      
714             284.443000      20507.455744    280.055798      0.102329        73.226321      
715             284.443000      20536.565356    280.061921      0.102339        73.328660      
716             284.443000      20566.465435    280.068192      0.105118        73.433778      
717             284.384000      20595.578110    280.074200      0.102371        73.536149      
718             284.340000      20624.689692    280.080131      0.102383        73.638532      
719             284.405000      20653.803663    280.086135      0.102368        73.740900      
720             284.438000      20682.922434    280.092168      0.102373        73.843273      
721             284.474000      20712.367200    280.098302      0.103506        73.946779      
722             284.533000      20741.487446    280.104431      0.102344        74.049123      
723             284.536000      20770.611697    280.110548      0.102357        74.151480      
724             284.503000      20799.726311    280.116602      0.102335        74.253815      
725             284.405000      20828.840567    280.122506      0.102369        74.356184      
726             284.372000      20857.954003    280.128348      0.102378        74.458562      
727             284.384000      20887.068953    280.134192      0.102379        74.560941      
728             284.444000      20916.176676    280.140099      0.102332        74.663273      
729             284.405000      20945.293491    280.145939      0.102378        74.765651      
730             284.414000      20974.395870    280.151772      0.102324        74.867975      
731             284.373000      21003.506565    280.157536      0.102368        74.970343      
732             284.340000      21032.616725    280.163240      0.102378        75.072721      
733             284.384000      21061.727409    280.168987      0.102364        75.175085      
734             284.471000      21090.852119    280.174838      0.102382        75.277467      
735             284.503000      21119.974984    280.180716      0.102364        75.379831      
736             284.562000      21149.092222    280.186655      0.102323        75.482154      
737             284.471000      21178.218070    280.192458      0.102386        75.584540      
738             284.414000      21207.333531    280.198168      0.102370        75.686910      
739             284.372000      21236.435877    280.203804      0.102339        75.789249      
740             284.372000      21265.546754    280.209426      0.102369        75.891618      
741             284.414000      21294.652545    280.215088      0.102336        75.993954      
742             284.444000      21323.765673    280.220776      0.102351        76.096305      
743             284.414000      21352.891089    280.226412      0.102405        76.198710      
744             284.373000      21382.016571    280.231978      0.102420        76.301130      
745             284.355000      21411.128836    280.237503      0.102380        76.403510      
746             284.355000      21440.225462    280.243010      0.102325        76.505835      
747             284.471000      21469.352732    280.248661      0.102391        76.608226      
748             284.600000      21498.484672    280.254467      0.102361        76.710587      
749             284.562000      21527.614431    280.260208      0.102367        76.812954      
750             284.567000      21556.745839    280.265940      0.102371        76.915325      
751             284.532000      21585.870535    280.271609      0.102360        77.017685      
752             284.437000      21614.978395    280.277137      0.102335        77.120020      
753             284.413000      21644.087781    280.282618      0.102349        77.222369      
754             284.413000      21673.216223    280.288089      0.102416        77.324785      
755             284.469000      21702.369744    280.293623      0.102484        77.427269      
756             284.472000      21731.488867    280.299140      0.102362        77.529631      
757             284.437000      21760.611233    280.304597      0.102386        77.632017      
758             284.472000      21789.732632    280.310085      0.102370        77.734387      
759             284.414000      21818.859754    280.315485      0.102411        77.836798      
760             284.444000      21847.974589    280.320907      0.102357        77.939155      
761             284.503000      21877.097169    280.326392      0.102363        78.041518      
762             284.666000      21906.237574    280.332077      0.102367        78.143885      
763             284.699000      21935.380217    280.337790      0.102363        78.246248      
764             284.395000      21964.496009    280.343091      0.102378        78.348626      
765             284.375000      21993.602643    280.348352      0.102353        78.450979      
766             284.265000      22022.720760    280.353459      0.102433        78.553412      
767             284.256000      22051.823173    280.358539      0.102381        78.655793      
768             284.166000      22080.912110    280.363487      0.102366        78.758159      
769             284.198000      22110.015975    280.368467      0.102407        78.860566      
770             284.226000      22139.120433    280.373469      0.102399        78.962965      
771             284.226000      22168.217785    280.378457      0.102374        79.065339      
772             284.197000      22197.311885    280.383395      0.102373        79.167712      
773             284.138000      22226.387158    280.388242      0.102328        79.270040      
774             284.168000      22255.479141    280.393117      0.102376        79.372416      
775             284.471000      22285.249032    280.398487      0.104650        79.477066      
776             284.536000      22314.393769    280.403812      0.102429        79.579495      
777             284.533000      22343.625836    280.409136      0.102737        79.682232      
778             284.504000      22372.977260    280.414431      0.103167        79.785399      
779             284.471000      22402.078359    280.419626      0.102299        79.887698      
780             284.438000      22431.195993    280.424768      0.102369        79.990067      
781             284.404000      22460.308155    280.429854      0.102362        80.092429      
782             284.437000      22489.422842    280.434968      0.102359        80.194788      
783             284.407000      22518.524788    280.440030      0.102325        80.297113      
784             284.474000      22547.651797    280.445167      0.102389        80.399502      
785             284.477000      22577.612061    280.450442      0.105317        80.504819      
786             284.477000      22606.733118    280.455555      0.102367        80.607186      
787             284.572000      22635.863046    280.460776      0.102364        80.709550      
788             284.597000      22664.995249    280.466016      0.102363        80.811913      
789             284.657000      22694.138433    280.471318      0.102380        80.914293      
790             284.675000      22723.259262    280.476626      0.102295        81.016588      
791             284.646000      22752.405304    280.481889      0.102394        81.118982      
792             284.580000      22781.526091    280.487052      0.102329        81.221311      
793             284.543000      22810.654473    280.492158      0.102369        81.323680      
794             284.514000      22840.411508    280.497323      0.104589        81.428269      
795             284.458000      22869.531474    280.502296      0.102370        81.530639      
796             284.421000      22898.646514    280.507210      0.102366        81.633005      
797             284.398000      22927.774272    280.512086      0.102419        81.735424      
798             284.291000      22956.870603    280.516812      0.102347        81.837771      
799             284.313000      22985.970608    280.521554      0.102352        81.940123      
800             284.256000      23015.195820    280.526233      0.102813        82.042936      
801             284.389000      23044.309006    280.531047      0.102371        82.145307      
802             284.402000      23073.421817    280.535865      0.102365        82.247672      
803             284.493000      23102.545081    280.540784      0.102369        82.350041      
804             284.460000      23131.651028    280.545648      0.102320        82.452361      
805             284.464000      23160.803183    280.550512      0.102481        82.554842      
806             284.392000      23189.917245    280.555270      0.102373        82.657215      
807             284.362000      23219.029374    280.559979      0.102377        82.759592      
808             284.348000      23248.136657    280.564658      0.102365        82.861957      
809             284.348000      23277.239959    280.569326      0.102351        82.964308      
810             284.378000      23306.350597    280.574019      0.102366        83.066674      
811             284.378000      23335.675941    280.578736      0.103121        83.169795      
812             284.300000      23364.760115    280.583307      0.102301        83.272096      
813             284.321000      23393.865772    280.587897      0.102369        83.374465      
814             284.321000      23422.966026    280.592474      0.102350        83.476815      
815             284.368000      23452.104078    280.597102      0.102466        83.579281      
816             284.233000      23481.243076    280.601557      0.102518        83.681799      
817             284.327000      23510.342807    280.606108      0.102346        83.784145      
818             284.292000      23539.448907    280.610606      0.102381        83.886526      
819             284.194000      23568.542131    280.614974      0.102371        83.988897      
820             284.191000      23597.629932    280.619326      0.102353        84.091250      
821             284.192000      23626.721246    280.623670      0.102365        84.193615      
822             284.192000      23655.825917    280.628005      0.102412        84.296027      
823             284.126000      23684.893712    280.632246      0.102306        84.398333      
824             284.163000      23713.970975    280.636521      0.102326        84.500659      
825             284.104000      23743.095328    280.640723      0.102513        84.603172      
826             284.286000      23772.199392    280.645128      0.102376        84.705548      
827             284.229000      23801.295630    280.649454      0.102369        84.807917      
828             284.332000      23830.401560    280.653894      0.102366        84.910283      
829             284.430000      23859.519512    280.658441      0.102373        85.012656      
830             284.466000      23888.636030    280.663020      0.102355        85.115011      
831             284.442000      23917.745540    280.667558      0.102339        85.217350      
832             284.433000      23946.854128    280.672075      0.102339        85.319689      
833             284.353000      23975.983818    280.676489      0.102442        85.422131      
834             284.324000      24005.069595    280.680852      0.102298        85.524429      
835             284.336000      24034.179630    280.685222      0.102379        85.626808      
836             284.336000      24063.286822    280.689582      0.102369        85.729177      
837             284.354000      24092.384767    280.693950      0.102330        85.831507      
838             284.271000      24121.492696    280.698213      0.102395        85.933902      
839             284.266000      24150.623707    280.702462      0.102478        86.036380      
840             284.234000      24179.720742    280.706659      0.102370        86.138750      
841             284.299000      24208.828979    280.710924      0.102386        86.241136      
842             284.458000      24237.937282    280.715365      0.102329        86.343465      
843             284.494000      24267.693647    280.719937      0.104594        86.448059      
844             284.620000      24297.021746    280.724580      0.103043        86.551102      
845             284.523000      24326.145236    280.729067      0.102359        86.653461      
846             284.493000      24355.268500    280.733508      0.102369        86.755830      
847             284.392000      24384.381140    280.737820      0.102368        86.858198      
848             284.359000      24413.489265    280.742082      0.102364        86.960562      
849             284.315000      24442.599140    280.746284      0.102386        87.062948      
850             284.326000      24471.695357    280.750487      0.102334        87.165282      
851             284.430000      24500.811318    280.754803      0.102366        87.267648      
852             284.262000      24529.911504    280.758912      0.102371        87.370019      
853             284.291000      24559.833984    280.763162      0.105253        87.475272      
854             284.291000      24588.949078    280.767288      0.102413        87.577685      
855             284.357000      24618.093112    280.771484      0.102491        87.680176      
856             284.484000      24647.198954    280.775811      0.102311        87.782487      
857             284.606000      24676.330371    280.780272      0.102357        87.884844      
858             284.679000      24705.467836    280.784807      0.102352        87.987196      
859             284.604000      24734.598193    280.789245      0.102354        88.089550      
860             284.484000      24763.719967    280.793533      0.102367        88.191917      
861             284.450000      24792.838260    280.797772      0.102367        88.294284      
862             284.386000      24821.937773    280.801926      0.102324        88.396608      
863             284.426000      24851.058160    280.806119      0.102383        88.498991      
864             284.478000      24880.180173    280.810361      0.102370        88.601361      
865             284.450000      24909.297898    280.814561      0.102365        88.703726      
866             284.344000      24938.399937    280.818629      0.102348        88.806074      
867             284.359000      24967.507209    280.822705      0.102361        88.908435      
868             284.357000      24996.615698    280.826770      0.102366        89.010801      
869             284.470000      25025.735754    280.830955      0.102366        89.113167      
870             284.502000      25054.860792    280.835167      0.102372        89.215539      
871             284.562000      25083.997380    280.839439      0.102391        89.317930      
872             284.562000      25113.761712    280.843794      0.104597        89.422527      
873             284.432000      25142.886126    280.847898      0.102395        89.524922      
874             284.379000      25171.989757    280.851930      0.102341        89.627263      
875             284.335000      25201.097700    280.855903      0.102372        89.729635      
876             284.350000      25230.205472    280.859885      0.102366        89.832001      
877             284.368000      25259.315371    280.863878      0.102367        89.934368      
878             284.368000      25288.428683    280.867863      0.102379        90.036747      
879             284.368000      25317.540004    280.871838      0.102372        90.139119      
880             284.302000      25346.648264    280.875729      0.102385        90.241504      
881             284.321000      25375.755626    280.879634      0.102375        90.343879      
882             284.292000      25405.495981    280.883580      0.104612        90.448491      
883             284.322000      25434.635290    280.887472      0.102487        90.550978      
884             284.415000      25463.751138    280.891455      0.102371        90.653349      
885             284.475000      25492.872559    280.895498      0.102369        90.755718      
886             284.475000      25521.993980    280.899530      0.102369        90.858087      
887             284.445000      25551.095833    280.903518      0.102311        90.960398      
888             284.341000      25580.201262    280.907382      0.102361        91.062759      
889             284.326000      25609.296910    280.911220      0.102332        91.165091      
890             284.296000      25638.393468    280.915015      0.102346        91.267437      
891             284.340000      25667.500786    280.918853      0.102368        91.369805      
892             284.372000      25697.238419    280.922800      0.104573        91.474378      
893             284.339000      25726.366390    280.926622      0.102441        91.576819      
894             284.339000      25755.465075    280.930431      0.102338        91.679157      
895             284.339000      25784.572574    280.934233      0.102369        91.781526      
896             284.384000      25813.673304    280.938075      0.102329        91.883855      
897             284.443000      25843.159519    280.942024      0.103663        91.987518      
898             284.472000      25872.425998    280.945968      0.102880        92.090398      
899             284.470000      25901.540649    280.949880      0.102347        92.192745      
900             284.414000      25930.909808    280.953756      0.103262        92.296007      
901             284.354000      25960.006615    280.957521      0.102326        92.398333      
902             284.275000      25989.761111    280.961275      0.104668        92.503001      
903             284.242000      26018.878861    280.964904      0.102440        92.605441      
904             284.242000      26047.976715    280.968523      0.102370        92.707811      
905             284.307000      26077.070987    280.972204      0.102334        92.810145      
906             284.242000      26106.167420    280.975806      0.102365        92.912510      
907             284.176000      26135.261075    280.979329      0.102379        93.014889      
908             284.209000      26164.351571    280.982879      0.102356        93.117245      
909             284.275000      26193.450244    280.986494      0.102361        93.219606      
910             284.296000      26222.557322    280.990125      0.102383        93.321989      
911             284.384000      26252.487316    280.993948      0.105245        93.427234      
912             284.503000      26281.619285    280.997790      0.102396        93.529630      
913             284.444000      26310.739239    281.001558      0.102375        93.632005      
914             284.415000      26339.854234    281.005285      0.102368        93.734373      
915             284.384000      26368.969184    281.008972      0.102379        93.836752      
916             284.325000      26398.075534    281.012585      0.102370        93.939122      
917             284.325000      26427.183306    281.016191      0.102375        94.041497      
918             284.296000      26456.282707    281.019757      0.102356        94.143853      
919             284.307000      26485.384372    281.023327      0.102360        94.246213      
920             284.325000      26514.492996    281.026910      0.102378        94.348591      
921             284.295000      26543.993720    281.030500      0.103768        94.452359      
922             284.266000      26573.109949    281.034005      0.102426        94.554785      
923             284.236000      26602.198093    281.037467      0.102338        94.657123      
924             284.296000      26631.302896    281.040988      0.102375        94.759498      
925             284.373000      26660.418426    281.044584      0.102385        94.861883      
926             268.516000      26687.897011    281.031083      0.102335        94.964218      
927             252.470000      26713.711311    281.000364      0.102247        95.066465      
928             240.729000      26738.326092    280.957096      0.102251        95.168716      
929             226.122000      26761.440056    280.898262      0.102219        95.270935      
930             204.141000      26782.312249    280.815975      0.102244        95.373179      
931             188.054000      26801.534941    280.716661      0.102219        95.475398      
932             171.953000      26819.134674    280.600189      0.102352        95.577750      
933             155.875000      26835.073672    280.466892      0.102255        95.680005      
934             139.786000      26849.364973    280.316731      0.102237        95.782242      
935             123.740000      26862.018997    280.149738      0.102263        95.884505      
936             123.587000      26874.656262    279.982953      0.102254        95.986759      
937             123.650000      26887.298362    279.816611      0.102241        96.089000      
