#timestep       power           acc-energy      avg-power       dt              acc-time       
1               129.388000      12.955879       129.388000      0.100132        0.100132       
2               129.317000      26.199104       129.352101      0.102409        0.202541       
3               129.317000      39.406508       129.340334      0.102132        0.304673       
4               129.259000      52.623757       129.319896      0.102254        0.406927       
5               128.641000      65.774084       129.183591      0.102225        0.509152       
6               129.157000      78.980129       129.179144      0.102248        0.611400       
7               128.519000      92.122096       129.084555      0.102257        0.713657       
8               129.124000      105.324638      129.089498      0.102247        0.815904       
9               128.518000      118.465989      129.025851      0.102253        0.918157       
10              128.518000      131.600143      128.974986      0.102197        1.020354       
11              122.425000      144.118099      128.378394      0.102250        1.122604       
12              122.454000      156.639265      127.883821      0.102252        1.224856       
13              141.930000      171.205683      128.969763      0.102631        1.327487       
14              164.985000      188.141229      131.554781      0.102649        1.430136       
15              186.107000      207.250695      135.209115      0.102680        1.532816       
16              199.523000      227.731731      139.245775      0.102650        1.635466       
17              228.447000      251.182730      144.514032      0.102654        1.738120       
18              249.634000      276.804664      150.375369      0.102638        1.840758       
19              257.368000      303.800251      156.143400      0.104891        1.945649       
20              276.665000      332.221770      162.187726      0.102729        2.048378       
21              313.341000      364.390924      169.401971      0.102665        2.151043       
22              334.603000      398.736918      176.926249      0.102647        2.253690       
23              334.641000      433.099863      183.799132      0.102686        2.356376       
24              334.605000      467.454093      190.095632      0.102671        2.459047       
25              334.742000      501.819377      195.892420      0.102662        2.561709       
26              334.800000      536.150438      201.238711      0.102542        2.664251       
27              334.925000      570.530154      206.198328      0.102649        2.766900       
28              334.947000      604.906770      210.803211      0.102633        2.869533       
29              334.982000      640.813490      215.274814      0.107190        2.976723       
30              335.017000      675.411366      219.289761      0.103272        3.079995       
31              335.020000      709.800499      223.022343      0.102648        3.182643       
32              335.050000      744.213820      226.524697      0.102711        3.285354       
33              335.217000      778.631890      229.818611      0.102674        3.388028       
34              335.231000      813.031619      232.917436      0.102615        3.490643       
35              335.282000      847.441611      235.841143      0.102630        3.593273       
36              335.347000      881.859279      238.604358      0.102633        3.695906       
37              335.409000      916.283982      241.219979      0.102635        3.798541       
38              335.498000      950.730568      243.701209      0.102673        3.901214       
39              335.587000      985.158774      246.055633      0.102591        4.003805       
40              335.672000      1019.614833     248.295751      0.102648        4.106453       
41              335.676000      1054.070968     250.426687      0.102647        4.209100       
42              335.706000      1088.543946     252.457669      0.102688        4.311788       
43              335.706000      1123.030016     254.394880      0.102727        4.414515       
44              335.706000      1157.485873     256.242401      0.102637        4.517152       
45              335.738000      1191.942999     258.008439      0.102631        4.619783       
46              335.765000      1226.421700     259.699204      0.102687        4.722470       
47              335.808000      1260.889033     261.318194      0.102640        4.825110       
48              335.841000      1295.394009     262.871939      0.102742        4.927852       
49              335.858000      1329.859085     264.360802      0.102618        5.030470       
50              335.892000      1364.331681     265.790980      0.102630        5.133100       
51              336.013000      1398.832152     267.168067      0.102676        5.235776       
52              336.049000      1433.325229     268.492456      0.102643        5.338419       
53              336.113000      1467.841682     269.768695      0.102693        5.441112       
54              336.143000      1502.356509     270.998042      0.102679        5.543791       
55              336.143000      1536.878731     272.182929      0.102701        5.646492       
56              336.083000      1571.386389     273.324138      0.102676        5.749168       
57              336.019000      1605.879412     274.423925      0.102652        5.851820       
58              335.986000      1641.116279     275.507812      0.104876        5.956696       
59              335.986000      1675.647576     276.533595      0.102776        6.059472       
60              335.949000      1710.129046     277.523246      0.102639        6.162111       
61              335.911000      1744.609638     278.479928      0.102648        6.264759       
62              335.874000      1779.083746     279.405099      0.102640        6.367399       
63              335.874000      1813.572631     280.301293      0.102684        6.470083       
64              335.944000      1848.061986     281.170413      0.102664        6.572747       
65              336.015000      1882.560982     282.013948      0.102671        6.675418       
66              336.181000      1917.087780     282.834694      0.102703        6.778121       
67              336.231000      1951.604245     283.631334      0.102657        6.880778       
68              336.417000      1986.926348     284.424694      0.104995        6.985773       
69              336.451000      2021.500389     285.178909      0.102761        7.088534       
70              336.486000      2056.060530     285.911703      0.102709        7.191243       
71              336.520000      2090.886985     286.629680      0.103490        7.294733       
72              336.554000      2125.423483     287.322243      0.102618        7.397351       
73              336.583000      2159.993586     287.996841      0.102709        7.500060       
74              336.634000      2194.547720     288.653503      0.102646        7.602706       
75              336.673000      2229.108214     289.293233      0.102653        7.705359       
76              336.700000      2263.664745     289.916376      0.102633        7.807992       
77              336.762000      2298.262662     290.524762      0.102737        7.910729       
78              336.821000      2333.764943     291.133511      0.105404        8.016133       
79              336.992000      2368.355824     291.713301      0.102646        8.118779       
80              337.086000      2402.951634     292.279711      0.102632        8.221411       
81              337.268000      2437.574218     292.834526      0.102656        8.324067       
82              337.587000      2472.217058     293.379516      0.102619        8.426686       
83              337.788000      2506.883903     293.913861      0.102629        8.529315       
84              337.987000      2541.589084     294.438133      0.102682        8.631997       
85              338.187000      2576.324609     294.952574      0.102711        8.734708       
86              338.452000      2611.097844     295.458288      0.102742        8.837450       
87              338.722000      2645.878158     295.955189      0.102681        8.940131       
88              339.025000      2681.682249     296.458029      0.105609        9.045740       
89              339.180000      2716.498398     296.937384      0.102648        9.148388       
90              339.485000      2751.340083     297.409408      0.102631        9.251019       
91              339.895000      2786.237443     297.875752      0.102671        9.353690       
92              340.031000      2821.151486     298.333481      0.102679        9.456369       
93              340.242000      2856.084132     298.783605      0.102670        9.559039       
94              340.483000      2891.030966     299.226590      0.102639        9.661678       
95              340.695000      2925.999220     299.662487      0.102638        9.764316       
96              340.906000      2961.005152     300.091705      0.102685        9.867001       
97              341.059000      2996.018610     300.513559      0.102661        9.969662       
98              341.177000      3031.039747     300.927965      0.102648        10.072310      
99              341.207000      3066.050656     301.334159      0.102609        10.174919      
100             341.237000      3101.079999     301.732714      0.102654        10.277573      
101             341.207000      3136.110016     302.123132      0.102665        10.380238      
102             341.221000      3171.131916     302.505936      0.102637        10.482875      
103             341.300000      3206.462609     302.885280      0.103518        10.586393      
104             341.334000      3241.499520     303.254504      0.102647        10.689040      
105             341.397000      3276.549043     303.617366      0.102665        10.791705      
106             341.399000      3311.588529     303.973304      0.102635        10.894340      
107             341.399000      3346.629723     304.322616      0.102640        10.996980      
108             341.469000      3381.698589     304.666314      0.102700        11.099680      
109             341.469000      3416.746284     305.003508      0.102638        11.202318      
110             341.572000      3451.793621     305.335411      0.102606        11.304924      
111             341.525000      3486.833061     305.660893      0.102597        11.407521      
112             341.507000      3521.894561     305.980629      0.102667        11.510188      
113             341.378000      3556.946571     306.293603      0.102678        11.612866      
114             341.172000      3591.957641     306.599115      0.102620        11.715486      
115             341.073000      3626.946274     306.898358      0.102584        11.818070      
116             340.798000      3661.935323     307.190320      0.102668        11.920738      
117             340.616000      3696.884568     307.475572      0.102606        12.023344      
118             340.311000      3731.814770     307.753511      0.102642        12.125986      
119             339.966000      3766.715000     308.023931      0.102658        12.228644      
120             339.560000      3801.575927     308.286487      0.102665        12.331309      
121             339.225000      3836.409585     308.541992      0.102686        12.433995      
122             338.856000      3871.196881     308.790229      0.102661        12.536656      
123             338.618000      3905.949585     309.032431      0.102631        12.639287      
124             338.413000      3940.681588     309.269082      0.102632        12.741919      
125             338.207000      3975.398875     309.500347      0.102651        12.844570      
126             338.104000      4010.889652     309.732211      0.104970        12.949540      
127             337.904000      4045.617060     309.954033      0.102773        13.052313      
128             337.840000      4080.310525     310.171720      0.102692        13.155005      
129             337.827000      4115.012114     310.385991      0.102720        13.257725      
130             337.704000      4149.683509     310.595917      0.102668        13.360393      
131             337.775000      4184.363881     310.803192      0.102673        13.463066      
132             337.862000      4219.062309     311.008041      0.102700        13.565766      
133             338.044000      4253.757793     311.211054      0.102636        13.668402      
134             338.137000      4288.472290     311.411788      0.102664        13.771066      
135             338.251000      4323.203902     311.610426      0.102680        13.873746      
136             338.354000      4358.700959     311.811139      0.104911        13.978657      
137             338.619000      4393.509299     312.006837      0.102795        14.081452      
138             338.782000      4428.293063     312.200651      0.102673        14.184125      
139             339.592000      4463.154559     312.397471      0.102657        14.286782      
140             339.726000      4498.050874     312.592554      0.102719        14.389501      
141             340.160000      4532.967278     312.787813      0.102647        14.492148      
142             340.463000      4567.924316     312.982509      0.102675        14.594823      
143             340.699000      4602.909334     313.176153      0.102686        14.697509      
144             341.215000      4637.953479     313.370725      0.102704        14.800213      
145             342.037000      4673.047159     313.568085      0.102602        14.902815      
146             342.405000      4709.199649     313.770952      0.105584        15.008399      
147             342.984000      4744.409014     313.969409      0.102656        15.111055      
148             343.471000      4779.667686     314.168470      0.102654        15.213709      
149             343.957000      4814.986911     314.368180      0.102685        15.316394      
150             344.685000      4850.377099     314.570057      0.102674        15.419068      
151             345.117000      4885.801288     314.772062      0.102644        15.521712      
152             345.484000      4921.256583     314.973786      0.102625        15.624337      
153             345.820000      4956.756044     315.175125      0.102653        15.726990      
154             345.785000      4992.280957     315.373787      0.102737        15.829727      
155             345.955000      5027.798428     315.570846      0.102665        15.932392      
156             345.923000      5063.305002     315.765136      0.102643        16.035035      
157             345.821000      5098.794882     315.956271      0.102625        16.137660      
158             345.788000      5134.291403     316.144836      0.102654        16.240314      
159             345.724000      5169.802444     316.330739      0.102715        16.343029      
160             345.757000      5205.281607     316.514345      0.102613        16.445642      
161             345.757000      5240.761116     316.695676      0.102614        16.548256      
162             345.727000      5276.262093     316.874710      0.102685        16.650941      
163             345.698000      5311.771154     317.051426      0.102717        16.753658      
164             345.589000      5347.250704     317.225235      0.102664        16.856322      
165             345.575000      5383.548865     317.400797      0.105037        16.961359      
166             345.452000      5419.057876     317.569770      0.102790        17.064149      
167             345.389000      5454.524145     317.736173      0.102685        17.166834      
168             345.318000      5489.993829     317.900225      0.102716        17.269550      
169             345.265000      5525.454616     318.062007      0.102706        17.372256      
170             345.142000      5560.899319     318.221150      0.102696        17.474952      
171             344.901000      5596.308235     318.376976      0.102664        17.577616      
172             344.655000      5631.689828     318.529556      0.102658        17.680274      
173             344.210000      5667.030213     318.677824      0.102671        17.782945      
174             343.442000      5702.296555     318.820000      0.102685        17.885630      
175             343.289000      5738.739085     318.964374      0.106157        17.991787      
176             342.679000      5773.944898     319.099021      0.102737        18.094524      
177             342.247000      5809.088189     319.229642      0.102684        18.197208      
178             341.986000      5844.194419     319.357295      0.102654        18.299862      
179             341.441000      5879.258703     319.480532      0.102695        18.402557      
180             340.706000      5914.219908     319.598231      0.102614        18.505171      
181             340.527000      5949.183178     319.713711      0.102674        18.607845      
182             339.906000      5984.084726     319.824523      0.102680        18.710525      
183             339.538000      6018.945432     319.932107      0.102671        18.813196      
184             339.436000      6053.803812     320.037994      0.102695        18.915891      
185             339.004000      6089.367704     320.142599      0.104907        19.020798      
186             338.950000      6124.169735     320.243578      0.102676        19.123474      
187             338.827000      6158.951343     320.342799      0.102653        19.226127      
188             338.734000      6193.720694     320.440465      0.102645        19.328772      
189             338.734000      6228.495127     320.537114      0.102660        19.431432      
190             338.822000      6263.271139     320.633188      0.102638        19.534070      
191             338.911000      6298.068148     320.728756      0.102673        19.636743      
192             339.034000      6332.868632     320.823944      0.102646        19.739389      
193             339.231000      6367.695783     320.919184      0.102665        19.842054      
194             339.368000      6403.639944     321.017139      0.105915        19.947969      
195             339.638000      6438.489860     321.112432      0.102609        20.050578      
196             340.058000      6473.391373     321.208916      0.102634        20.153212      
197             340.272000      6508.331863     321.305553      0.102684        20.255896      
198             340.576000      6543.301185     321.402742      0.102677        20.358573      
199             340.910000      6578.310596     321.500648      0.102694        20.461267      
200             341.399000      6613.372615     321.600025      0.102701        20.563968      
201             341.869000      6648.472989     321.700721      0.102672        20.666640      
202             342.159000      6683.604506     321.801859      0.102676        20.769316      
203             342.764000      6718.809454     321.905012      0.102709        20.872025      
204             343.462000      6754.059989     322.010494      0.102633        20.974658      
205             344.373000      6789.416765     322.119425      0.102670        21.077328      
206             345.012000      6824.839837     322.230398      0.102672        21.180000      
207             345.262000      6860.298245     322.341538      0.102700        21.282700      
208             346.147000      6895.859311     322.455897      0.102734        21.385434      
209             346.839000      6931.468577     322.572397      0.102668        21.488102      
210             347.326000      6967.132358     322.690120      0.102681        21.590783      
211             347.888000      7002.857325     322.809400      0.102691        21.693474      
212             347.847000      7038.560689     322.927306      0.102641        21.796115      
213             347.893000      7074.279211     323.044356      0.102671        21.898786      
214             347.828000      7109.995929     323.160025      0.102685        22.001471      
215             347.763000      7145.686846     323.274258      0.102630        22.104101      
216             347.729000      7181.387487     323.387319      0.102668        22.206769      
217             347.703000      7217.096933     323.499255      0.102701        22.309470      
218             347.643000      7252.809255     323.609919      0.102727        22.412197      
219             347.555000      7288.479172     323.719070      0.102631        22.514828      
220             347.339000      7324.165823     323.826366      0.102743        22.617571      
221             347.319000      7359.818118     323.932506      0.102650        22.720221      
222             347.204000      7395.452707     324.037156      0.102633        22.822854      
223             347.162000      7431.098259     324.140726      0.102677        22.925531      
224             347.098000      7466.720233     324.243038      0.102628        23.028159      
225             347.027000      7502.335614     324.344129      0.102630        23.130789      
226             346.912000      7537.941274     324.443825      0.102636        23.233425      
227             346.759000      7573.549956     324.542022      0.102690        23.336115      
228             346.421000      7609.111457     324.637845      0.102654        23.438769      
229             346.183000      7644.680029     324.731877      0.102745        23.541514      
230             346.022000      7680.202994     324.824317      0.102661        23.644175      
231             345.776000      7715.725600     324.914957      0.102733        23.746908      
232             345.472000      7751.174827     325.003403      0.102611        23.849519      
233             345.015000      7787.953081     325.092449      0.106599        23.956118      
234             344.649000      7823.369902     325.175981      0.102762        24.058880      
235             344.180000      7858.710992     325.256744      0.102682        24.161562      
236             343.707000      7893.994922     325.334804      0.102657        24.264219      
237             343.282000      7929.241058     325.410427      0.102674        24.366893      
238             342.763000      7964.431164     325.483233      0.102666        24.469559      
239             342.244000      7999.574147     325.553274      0.102684        24.572243      
240             341.457000      8034.621976     325.619429      0.102642        24.674885      
241             341.236000      8069.661454     325.684148      0.102684        24.777569      
242             340.412000      8104.590789     325.744888      0.102609        24.880178      
243             340.289000      8140.303098     325.805978      0.104947        24.985125      
244             339.493000      8175.197886     325.862054      0.102785        25.087910      
245             339.103000      8210.051571     325.916079      0.102782        25.190692      
246             339.136000      8244.885925     325.969765      0.102715        25.293407      
247             339.136000      8279.683992     326.022960      0.102608        25.396015      
248             339.308000      8314.506833     326.076431      0.102629        25.498644      
249             339.372000      8349.363731     326.129772      0.102710        25.601354      
250             339.510000      8384.219525     326.183214      0.102665        25.704019      
251             339.677000      8419.118279     326.236935      0.102741        25.806760      
252             339.874000      8454.029457     326.290999      0.102718        25.909478      
253             340.045000      8490.532948     326.347750      0.107349        26.016827      
254             340.450000      8525.480481     326.403172      0.102651        26.119478      
255             340.628000      8560.453098     326.458869      0.102671        26.222149      
256             341.028000      8595.452802     326.515668      0.102630        26.324779      
257             341.183000      8630.470460     326.572631      0.102636        26.427415      
258             341.537000      8665.534015     326.630539      0.102664        26.530079      
259             341.798000      8700.580614     326.688934      0.102536        26.632615      
260             342.283000      8735.751562     326.748868      0.102754        26.735369      
261             342.925000      8770.957271     326.810746      0.102663        26.838032      
262             343.886000      8806.268173     326.875827      0.102682        26.940714      
263             344.588000      8841.665286     326.943106      0.102723        27.043437      
264             345.253000      8877.110340     327.012352      0.102664        27.146101      
265             345.574000      8912.588349     327.082286      0.102664        27.248765      
266             346.154000      8948.111711     327.153844      0.102623        27.351388      
267             347.166000      8983.744483     327.228661      0.102639        27.454027      
268             347.313000      9019.411444     327.303508      0.102694        27.556721      
269             348.139000      9055.158356     327.380855      0.102680        27.659401      
270             348.442000      9090.952061     327.458785      0.102725        27.762126      
271             348.410000      9126.722270     327.535980      0.102667        27.864793      
272             348.539000      9163.296210     327.614777      0.104935        27.969728      
273             348.469000      9199.119869     327.691147      0.102803        28.072531      
274             348.376000      9234.881362     327.766509      0.102652        28.175183      
275             348.303000      9270.635710     327.841059      0.102653        28.277836      
276             348.265000      9306.371878     327.914904      0.102612        28.380448      
277             348.220000      9342.593026     327.989053      0.104018        28.484466      
278             348.063000      9378.304986     328.061100      0.102602        28.587068      
279             347.971000      9414.033256     328.132355      0.102676        28.689744      
280             347.894000      9449.735530     328.202791      0.102624        28.792368      
281             347.852000      9485.442538     328.272595      0.102650        28.895018      
282             347.793000      9523.202772     328.345667      0.108571        29.003589      
283             347.627000      9558.928051     328.413746      0.102769        29.106358      
284             347.460000      9594.588913     328.480669      0.102633        29.208991      
285             347.335000      9630.237293     328.546687      0.102634        29.311625      
286             346.994000      9665.875312     328.611099      0.102705        29.414330      
287             346.729000      9701.495476     328.674157      0.102732        29.517062      
288             346.459000      9737.061224     328.735795      0.102655        29.619717      
289             346.189000      9772.592332     328.796063      0.102635        29.722352      
290             345.938000      9808.106328     328.855067      0.102660        29.825012      
291             345.486000      9843.586358     328.912136      0.102696        29.927708      
292             345.016000      9878.985344     328.967156      0.102601        30.030309      
293             344.872000      9914.390939     329.021344      0.102663        30.132972      
294             344.508000      9949.754340     329.073920      0.102649        30.235621      
295             343.918000      9985.057179     329.124145      0.102649        30.338270      
296             343.658000      10020.338828    329.173162      0.102665        30.440935      
297             343.171000      10055.568419    329.220210      0.102659        30.543594      
298             342.344000      10090.696337    329.264151      0.102610        30.646204      
299             342.075000      10126.107941    329.307279      0.103520        30.749724      
300             341.306000      10161.679876    329.347810      0.104223        30.853947      
301             341.072000      10196.856337    329.386870      0.103135        30.957082      
302             340.370000      10231.785106    329.423158      0.102620        31.059702      
303             340.280000      10266.723696    329.458929      0.102676        31.162378      
304             339.912000      10301.604785    329.493239      0.102618        31.264996      
305             339.696000      10336.474580    329.526627      0.102650        31.367646      
306             339.360000      10371.321083    329.558712      0.102683        31.470329      
307             339.392000      10406.134217    329.590658      0.102575        31.572904      
308             339.495000      10440.977947    329.622750      0.102634        31.675538      
309             339.578000      10475.847174    329.654918      0.102684        31.778222      
310             339.731000      10510.717504    329.687358      0.102641        31.880863      
311             340.063000      10545.641634    329.720674      0.102699        31.983562      
312             340.604000      10580.616896    329.755504      0.102686        32.086248      
313             340.842000      10615.616598    329.790872      0.102686        32.188934      
314             340.954000      10650.612457    329.826354      0.102641        32.291575      
315             341.230000      10685.661556    329.862512      0.102714        32.394289      
316             341.534000      10720.715581    329.899375      0.102637        32.496926      
317             342.079000      10755.814254    329.937709      0.102604        32.599530      
318             342.582000      10790.983037    329.977402      0.102658        32.702188      
319             342.960000      10826.195084    330.018034      0.102671        32.804859      
320             343.853000      10861.500190    330.061201      0.102675        32.907534      
321             344.555000      10897.045518    330.106496      0.103163        33.010697      
322             344.970000      10932.463243    330.152581      0.102669        33.113366      
323             345.994000      10967.977105    330.201533      0.102643        33.216009      
324             346.248000      11003.520847    330.250972      0.102654        33.318663      
325             347.303000      11039.184698    330.303365      0.102688        33.421351      
326             347.871000      11074.893308    330.357156      0.102649        33.524000      
327             347.954000      11110.612178    330.410875      0.102654        33.626654      
328             348.606000      11146.392400    330.466243      0.102638        33.729292      
329             348.741000      11182.209496    330.521720      0.102704        33.831996      
330             348.682000      11218.019137    330.576680      0.102700        33.934696      
331             348.682000      11253.789029    330.631248      0.102586        34.037282      
332             348.568000      11289.579294    330.685194      0.102678        34.139960      
333             348.498000      11325.353311    330.738593      0.102652        34.242612      
334             348.460000      11361.140850    330.791585      0.102702        34.345314      
335             348.426000      11396.928033    330.844164      0.102711        34.448025      
336             348.254000      11432.678047    330.895891      0.102655        34.550680      
337             348.184000      11468.467184    330.947171      0.102788        34.653468      
338             348.146000      11504.213075    330.997979      0.102675        34.756143      
339             348.088000      11539.957883    331.048323      0.102689        34.858832      
340             348.088000      11576.492503    331.099475      0.104958        34.963790      
341             348.056000      11612.267788    331.149177      0.102786        35.066576      
342             347.970000      11649.298755    331.200071      0.106420        35.172996      
343             347.847000      11684.994466    331.248497      0.102619        35.275615      
344             347.665000      11720.679149    331.296126      0.102641        35.378256      
345             347.391000      11756.348563    331.342703      0.102678        35.480934      
346             347.213000      11792.010810    331.388511      0.102710        35.583644      
347             346.589000      11827.605847    331.432256      0.102701        35.686345      
348             346.319000      11863.166574    331.474968      0.102682        35.789027      
349             345.983000      11898.672042    331.516449      0.102622        35.891649      
350             345.840000      11937.753691    331.561406      0.113005        36.004654      
351             345.313000      11973.207667    331.600509      0.102672        36.107326      
352             344.913000      12008.618160    331.638253      0.102665        36.209991      
353             344.545000      12044.125934    331.674883      0.103057        36.313048      
354             344.198000      12079.469218    331.710195      0.102683        36.415731      
355             343.572000      12114.732073    331.743533      0.102636        36.518367      
356             343.068000      12149.957953    331.775284      0.102679        36.621046      
357             342.459000      12185.147670    331.805178      0.102756        36.723802      
358             341.631000      12220.233173    331.832580      0.102700        36.826502      
359             341.397000      12255.274161    331.859163      0.102640        36.929142      
360             340.528000      12290.208248    331.883178      0.102588        37.031730      
361             340.423000      12325.150286    331.906783      0.102643        37.134373      
362             340.055000      12360.059992    331.929247      0.102659        37.237032      
363             339.780000      12394.948602    331.950836      0.102680        37.339712      
364             339.452000      12429.810662    331.971411      0.102701        37.442413      
365             339.475000      12464.873338    331.992052      0.103285        37.545698      
366             339.555000      12499.714058    332.012665      0.102607        37.648305      
367             339.690000      12534.580858    332.033539      0.102643        37.750948      
368             339.814000      12569.470921    332.054643      0.102674        37.853622      
369             340.090000      12605.135819    332.076842      0.104869        37.958491      
370             340.242000      12640.103170    332.098889      0.102772        38.061263      
371             340.599000      12675.064976    332.121752      0.102648        38.163911      
372             340.804000      12710.067933    332.145055      0.102707        38.266618      
373             341.041000      12745.086704    332.168862      0.102682        38.369300      
374             341.166000      12780.095112    332.192859      0.102614        38.471914      
375             341.614000      12815.167597    332.217934      0.102667        38.574581      
376             341.839000      12850.260447    332.243470      0.102659        38.677240      
377             342.415000      12885.730532    332.270640      0.103588        38.780828      
378             342.778000      12921.098366    332.298521      0.103180        38.884008      
379             344.182000      12957.244360    332.330531      0.105020        38.989028      
380             344.600000      12992.656834    332.362784      0.102764        39.091792      
381             345.620000      13028.133690    332.397504      0.102647        39.194439      
382             345.938000      13063.645610    332.432875      0.102654        39.297093      
383             346.577000      13099.225204    332.469729      0.102660        39.399753      
384             347.187000      13134.857701    332.507966      0.102632        39.502385      
385             348.032000      13170.607200    332.548229      0.102719        39.605104      
386             348.101000      13206.351951    332.588449      0.102685        39.707789      
387             348.605000      13242.147409    332.629760      0.102682        39.810471      
388             348.587000      13277.938580    332.670809      0.102675        39.913146      
389             348.711000      13314.510343    332.712846      0.104877        40.018023      
390             348.711000      13350.332029    332.753808      0.102726        40.120749      
391             348.633000      13386.135593    332.794351      0.102697        40.223446      
392             348.613000      13421.930827    332.834628      0.102679        40.326125      
393             348.549000      13457.716701    332.874536      0.102671        40.428796      
394             348.421000      13493.482465    332.913909      0.102651        40.531447      
395             348.384000      13529.260108    332.953007      0.102696        40.634143      
396             348.327000      13565.016223    332.991748      0.102651        40.736794      
397             348.281000      13600.783289    333.030194      0.102696        40.839490      
398             348.264000      13636.527713    333.068383      0.102636        40.942126      
399             348.217000      13672.254777    333.106250      0.102600        41.044726      
400             348.176000      13707.980420    333.143829      0.102608        41.147334      
401             348.058000      13743.723192    333.180958      0.102692        41.250026      
402             347.893000      13779.434061    333.217478      0.102649        41.352675      
403             347.660000      13815.130051    333.253248      0.102675        41.455350      
404             347.517000      13850.806494    333.288484      0.102661        41.558011      
405             347.247000      13886.465288    333.322891      0.102690        41.660701      
406             346.930000      13922.081469    333.356339      0.102661        41.763362      
407             346.665000      13957.668711    333.388972      0.102656        41.866018      
408             346.400000      13994.276263    333.421733      0.105680        41.971698      
409             346.129000      14029.827519    333.452753      0.102711        42.074409      
410             345.944000      14065.477048    333.483272      0.103050        42.177459      
411             345.427000      14100.946874    333.512280      0.102684        42.280143      
412             345.021000      14136.366730    333.540156      0.102660        42.382803      
413             344.784000      14171.781564    333.567340      0.102716        42.485519      
414             343.546000      14207.072670    333.591409      0.102726        42.588245      
415             343.044000      14242.288538    333.614140      0.102657        42.690902      
416             342.435000      14277.448736    333.635304      0.102677        42.793579      
417             341.825000      14312.535363    333.654901      0.102645        42.896224      
418             341.245000      14347.552219    333.673014      0.102615        42.998839      
419             340.361000      14382.514101    333.688953      0.102720        43.101559      
420             340.271000      14417.456530    333.704598      0.102690        43.204249      
421             339.587000      14452.316494    333.718541      0.102654        43.306903      
422             339.387000      14487.317815    333.732008      0.103131        43.410034      
423             339.450000      14522.156926    333.745495      0.102634        43.512668      
424             339.515000      14556.990486    333.759067      0.102598        43.615266      
425             339.455000      14592.111179    333.772547      0.103462        43.718728      
426             339.701000      14627.226411    333.786531      0.103371        43.822099      
427             339.998000      14662.135706    333.801051      0.102675        43.924774      
428             340.230000      14697.046706    333.816034      0.102610        44.027384      
429             340.369000      14731.981500    333.831275      0.102638        44.130022      
430             340.739000      14766.968580    333.847310      0.102680        44.232702      
431             340.831000      14801.970220    333.863487      0.102695        44.335397      
432             341.176000      14836.993983    333.880379      0.102656        44.438053      
433             341.409000      14872.052249    333.897736      0.102687        44.540740      
434             341.623000      14907.106527    333.915492      0.102611        44.643351      
435             342.177000      14942.242288    333.934451      0.102683        44.746034      
436             342.713000      14977.431030    333.954548      0.102677        44.848711      
437             343.049000      15014.302966    333.976292      0.107483        44.956194      
438             343.660000      15049.619530    333.998377      0.102766        45.058960      
439             344.332000      15084.976572    334.021873      0.102683        45.161643      
440             345.292000      15120.448074    334.047451      0.102729        45.264372      
441             346.028000      15155.965080    334.074556      0.102642        45.367014      
442             346.308000      15191.508055    334.102170      0.102634        45.469648      
443             347.368000      15227.149054    334.132037      0.102603        45.572251      
444             347.870000      15262.846082    334.162901      0.102616        45.674867      
445             348.308000      15298.623583    334.194641      0.102718        45.777585      
446             348.352000      15334.388883    334.226322      0.102670        45.880255      
447             348.563000      15370.951748    334.259025      0.104896        45.985151      
448             348.805000      15406.747861    334.291415      0.102625        46.087776      
449             348.769000      15442.749192    334.323769      0.103224        46.191000      
450             348.735000      15478.832454    334.355978      0.103469        46.294469      
451             348.671000      15514.977433    334.387961      0.103665        46.398134      
452             348.607000      15551.108805    334.419653      0.103645        46.501779      
453             348.421000      15586.854361    334.450475      0.102593        46.604372      
454             348.351000      15622.607018    334.481020      0.102634        46.707006      
455             348.327000      15658.688818    334.511660      0.103586        46.810592      
456             348.281000      15694.436032    334.541785      0.102639        46.913231      
457             348.217000      15730.549617    334.571950      0.103710        47.016941      
458             348.176000      15766.296151    334.601591      0.102668        47.119609      
459             348.088000      15802.043048    334.630920      0.102695        47.222304      
460             347.999000      15837.768277    334.659919      0.102659        47.324963      
461             347.847000      15873.469902    334.688456      0.102636        47.427599      
462             347.558000      15909.135956    334.716242      0.102619        47.530218      
463             347.423000      15944.799274    334.743626      0.102651        47.632869      
464             347.243000      15980.458353    334.770515      0.102692        47.735561      
465             346.958000      16016.072550    334.796666      0.102647        47.838208      
466             346.849000      16051.689434    334.822482      0.102687        47.940895      
467             346.544000      16087.252126    334.847519      0.102621        48.043516      
468             346.119000      16122.789548    334.871556      0.102674        48.146190      
469             345.934000      16158.313856    334.895101      0.102691        48.248881      
470             345.570000      16193.826357    334.917789      0.102765        48.351646      
471             345.113000      16229.249791    334.939386      0.102643        48.454289      
472             344.616000      16264.631860    334.959846      0.102671        48.556960      
473             344.204000      16299.968187    334.979349      0.102661        48.659621      
474             343.545000      16335.238234    334.997384      0.102665        48.762286      
475             342.908000      16370.454200    335.014009      0.102698        48.864984      
476             342.558000      16406.421763    335.030184      0.104997        48.969981      
477             341.948000      16441.559313    335.044670      0.102757        49.072738      
478             341.402000      16476.611057    335.057943      0.102670        49.175408      
479             340.915000      16511.604959    335.070143      0.102647        49.278055      
480             340.552000      16546.563984    335.081539      0.102654        49.380709      
481             339.993000      16581.465965    335.091728      0.102655        49.483364      
482             339.819000      16616.363677    335.101519      0.102695        49.586059      
483             339.878000      16651.264389    335.111390      0.102686        49.688745      
484             339.819000      16686.141373    335.121093      0.102634        49.791379      
485             340.030000      16721.040352    335.131191      0.102635        49.894014      
486             340.263000      16758.147393    335.142384      0.109054        50.003068      
487             340.399000      16793.119986    335.153162      0.102740        50.105808      
488             340.771000      16828.103878    335.164649      0.102661        50.208469      
489             340.890000      16863.144302    335.176346      0.102791        50.311260      
490             341.241000      16898.217734    335.188711      0.102782        50.414042      
491             341.474000      16933.266626    335.201481      0.102640        50.516682      
492             341.776000      16968.356426    335.214816      0.102669        50.619351      
493             342.144000      17003.490851    335.228844      0.102689        50.722040      
494             342.610000      17038.671074    335.243757      0.102683        50.824723      
495             342.955000      17073.877119    335.259300      0.102655        50.927378      
496             343.750000      17109.234213    335.276414      0.102857        51.030235      
497             344.453000      17144.594036    335.294837      0.102655        51.132890      
498             344.877000      17180.007041    335.314041      0.102683        51.235573      
499             345.546000      17215.481484    335.334502      0.102662        51.338235      
500             346.563000      17251.068306    335.356916      0.102685        51.440920      
501             347.201000      17286.700156    335.380499      0.102626        51.543546      
502             347.769000      17322.403512    335.405125      0.102664        51.646210      
503             347.891000      17358.123569    335.429898      0.102676        51.748886      
504             348.645000      17393.911978    335.456060      0.102650        51.851536      
505             348.845000      17430.074995    335.482775      0.103665        51.955201      
506             348.805000      17465.879130    335.509044      0.102648        52.057849      
507             348.894000      17501.683679    335.535378      0.102623        52.160472      
508             348.834000      17537.477187    335.561487      0.102609        52.263081      
509             348.764000      17573.296296    335.587381      0.102703        52.365784      
510             348.766000      17609.105148    335.613169      0.102673        52.468457      
511             348.736000      17644.913360    335.638800      0.102680        52.571137      
512             348.673000      17680.714058    335.664208      0.102677        52.673814      
513             348.521000      17716.495663    335.689219      0.102667        52.776481      
514             348.478000      17752.260309    335.714040      0.102631        52.879112      
515             348.346000      17788.030218    335.738522      0.102685        52.981797      
516             348.277000      17823.788862    335.762773      0.102673        53.084470      
517             348.258000      17859.515606    335.786874      0.102587        53.187057      
518             348.142000      17895.255864    335.810676      0.102660        53.289717      
519             348.015000      17930.973687    335.834135      0.102633        53.392350      
520             347.697000      17966.663393    335.856898      0.102646        53.494996      
521             347.427000      18002.316005    335.879050      0.102619        53.597615      
522             347.194000      18037.956510    335.900679      0.102653        53.700268      
523             347.090000      18073.599182    335.922036      0.102690        53.802958      
524             346.909000      18109.219105    335.942963      0.102678        53.905636      
525             346.698000      18144.809735    335.963406      0.102656        54.008292      
526             346.457000      18180.373199    335.983312      0.102649        54.110941      
527             345.926000      18215.889768    336.002142      0.102671        54.213612      
528             345.726000      18251.392371    336.020526      0.102690        54.316302      
529             345.256000      18286.833935    336.037947      0.102653        54.418955      
530             344.935000      18322.225990    336.054691      0.102605        54.521560      
531             344.457000      18357.593802    336.070485      0.102677        54.624237      
532             343.820000      18392.897239    336.085024      0.102680        54.726917      
533             343.285000      18428.141280    336.098506      0.102667        54.829584      
534             342.616000      18463.313896    336.110686      0.102659        54.932243      
535             341.978000      18498.401181    336.121625      0.102601        55.034844      
536             341.373000      18533.453702    336.131404      0.102681        55.137525      
537             341.190000      18568.481632    336.140806      0.102664        55.240189      
538             340.401000      18603.453750    336.148714      0.102738        55.342927      
539             340.306000      18638.391266    336.156412      0.102665        55.445592      
540             339.972000      18673.295171    336.163464      0.102667        55.548259      
541             339.596000      18708.167605    336.169798      0.102688        55.650947      
542             339.609000      18743.044091    336.176133      0.102696        55.753643      
543             339.701000      18777.907944    336.182609      0.102631        55.856274      
544             339.701000      18813.550392    336.189206      0.104923        55.961197      
545             339.856000      18848.470257    336.195926      0.102749        56.063946      
546             340.175000      18883.392282    336.203199      0.102659        56.166605      
547             340.416000      18918.329857    336.210883      0.102632        56.269237      
548             340.688000      18953.312723    336.219038      0.102683        56.371920      
549             340.961000      18988.324644    336.227660      0.102686        56.474606      
550             341.229000      19023.346341    336.236733      0.102634        56.577240      
551             341.366000      19058.388585    336.246023      0.102653        56.679893      
552             341.703000      19093.454489    336.255885      0.102621        56.782514      
553             342.779000      19128.646237    336.267658      0.102666        56.885180      
554             343.344000      19164.808258    336.280735      0.105323        56.990503      
555             343.746000      19200.149128    336.294178      0.102811        57.093314      
556             344.419000      19235.514759    336.308765      0.102682        57.195996      
557             345.088000      19270.924239    336.324486      0.102610        57.298606      
558             346.124000      19306.455252    336.342012      0.102654        57.401260      
559             346.396000      19342.019729    336.359962      0.102670        57.503930      
560             347.006000      19377.626362    336.378925      0.102611        57.606541      
561             347.968000      19413.339014    336.399536      0.102632        57.709173      
562             348.439000      19449.120215    336.420921      0.102690        57.811863      
563             348.470000      19484.904599    336.442286      0.102690        57.914553      
564             348.742000      19521.746401    336.464681      0.105642        58.020195      
565             349.006000      19557.589318    336.486841      0.102700        58.122895      
566             348.969000      19593.412730    336.508848      0.102655        58.225550      
567             348.918000      19629.217300    336.530679      0.102616        58.328166      
568             348.833000      19665.029891    336.552294      0.102664        58.430830      
569             348.794000      19700.842664    336.573768      0.102676        58.533506      
570             348.659000      19736.641575    336.594930      0.102676        58.636182      
571             348.556000      19772.432351    336.615839      0.102683        58.738865      
572             348.543000      19808.213775    336.636649      0.102660        58.841525      
573             348.420000      19843.988496    336.657174      0.102677        58.944202      
574             348.351000      19879.730353    336.677494      0.102603        59.046805      
575             348.357000      19915.487806    336.697763      0.102646        59.149451      
576             348.327000      19951.259944    336.717919      0.102697        59.252148      
577             348.255000      19987.021553    336.737878      0.102688        59.354836      
578             348.180000      20022.756311    336.757629      0.102633        59.457469      
579             347.990000      20058.472265    336.776985      0.102635        59.560104      
580             347.876000      20094.193216    336.796087      0.102683        59.662787      
581             347.635000      20129.896374    336.814713      0.102703        59.765490      
582             347.324000      20165.562381    336.832739      0.102688        59.868178      
583             347.124000      20203.097940    336.851294      0.108133        59.976311      
584             346.891000      20238.743072    336.868465      0.102756        60.079067      
585             346.789000      20274.356568    336.885393      0.102695        60.181762      
586             346.518000      20309.940501    336.901802      0.102690        60.284452      
587             345.687000      20345.425272    336.916735      0.102650        60.387102      
588             345.480000      20380.895704    336.931270      0.102670        60.489772      
589             344.816000      20416.290721    336.944627      0.102649        60.592421      
590             344.477000      20451.663342    336.957371      0.102685        60.695106      
591             343.981000      20486.978151    336.969231      0.102665        60.797771      
592             343.266000      20522.222988    336.979847      0.102675        60.900446      
593             342.913000      20558.196962    336.990050      0.104907        61.005353      
594             341.922000      20593.352698    336.998348      0.102818        61.108171      
595             341.249000      20628.392487    337.005479      0.102681        61.210852      
596             340.710000      20663.366709    337.011681      0.102651        61.313503      
597             340.278000      20698.299989    337.017141      0.102661        61.416164      
598             339.911000      20733.221425    337.021974      0.102737        61.518901      
599             339.983000      20768.129180    337.026907      0.102675        61.621576      
600             339.860000      20803.027024    337.031620      0.102683        61.724259      
601             339.743000      20837.905720    337.036122      0.102662        61.826921      
602             339.831000      20872.776458    337.040753      0.102612        61.929533      
603             339.876000      20907.653174    337.045444      0.102616        62.032149      
604             340.076000      20942.556534    337.050449      0.102634        62.134783      
605             340.285000      20977.503123    337.055787      0.102698        62.237481      
606             340.623000      21012.474886    337.061662      0.102670        62.340151      
607             340.901000      21047.478942    337.067975      0.102681        62.442832      
608             341.144000      21082.515113    337.074668      0.102702        62.545534      
609             341.489000      21117.564861    337.081900      0.102638        62.648172      
610             341.794000      21152.644888    337.089607      0.102635        62.750807      
611             342.168000      21187.770829    337.097902      0.102657        62.853464      
612             342.600000      21223.946648    337.107130      0.105592        62.959056      
613             342.917000      21259.148107    337.116587      0.102653        63.061709      
614             343.529000      21294.428191    337.127013      0.102699        63.164408      
615             344.414000      21329.799165    337.138842      0.102699        63.267107      
616             345.085000      21365.248712    337.151723      0.102727        63.369834      
617             345.820000      21400.750939    337.165743      0.102661        63.472495      
618             346.491000      21436.313735    337.180798      0.102637        63.575132      
619             346.729000      21471.906507    337.196190      0.102653        63.677785      
620             347.762000      21507.611928    337.213199      0.102672        63.780457      
621             347.885000      21543.316409    337.230344      0.102633        63.883090      
622             348.671000      21579.107836    337.248698      0.102651        63.985741      
623             348.893000      21614.924144    337.267350      0.102657        64.088398      
624             348.982000      21650.732838    337.286076      0.102609        64.191007      
625             348.982000      21686.563518    337.304753      0.102672        64.293679      
626             348.918000      21722.386231    337.323268      0.102668        64.396347      
627             348.824000      21758.213596    337.341582      0.102709        64.499056      
628             348.762000      21794.023432    337.359734      0.102677        64.601733      
629             348.665000      21829.813894    337.377669      0.102650        64.704383      
630             348.706000      21865.615190    337.395615      0.102669        64.807052      
631             348.612000      21901.386965    337.413347      0.102612        64.909664      
632             348.548000      21937.171342    337.430930      0.102667        65.012331      
633             348.514000      21972.945607    337.448402      0.102648        65.114979      
634             348.484000      22008.720278    337.465773      0.102658        65.217637      
635             348.492000      22044.500300    337.483104      0.102671        65.320308      
636             348.427000      22080.275390    337.500280      0.102676        65.422984      
637             348.330000      22116.026240    337.517243      0.102635        65.525619      
638             348.185000      22151.773349    337.533931      0.102667        65.628286      
639             347.998000      22187.502304    337.550275      0.102670        65.730956      
640             347.616000      22223.203510    337.565978      0.102703        65.833659      
641             347.449000      22258.886522    337.581372      0.102700        65.936359      
642             347.325000      22294.520331    337.596509      0.102595        66.038954      
643             346.984000      22330.140667    337.611079      0.102657        66.141611      
644             346.783000      22365.742104    337.625293      0.102662        66.244273      
645             346.627000      22401.342083    337.639228      0.102704        66.346977      
646             346.292000      22436.901770    337.652599      0.102687        66.449664      
647             345.810000      22472.410924    337.665185      0.102684        66.552348      
648             345.594000      22507.877508    337.677393      0.102625        66.654973      
649             344.912000      22543.272032    337.688514      0.102619        66.757592      
650             344.577000      22578.645274    337.699090      0.102657        66.860249      
651             344.075000      22614.736677    337.709078      0.104894        66.965143      
652             343.339000      22650.020939    337.717704      0.102768        67.067911      
653             342.979000      22685.222932    337.725744      0.102636        67.170547      
654             342.031000      22720.337886    337.732314      0.102666        67.273213      
655             341.790000      22755.416478    337.738495      0.102632        67.375845      
656             341.274000      22790.461222    337.743875      0.102688        67.478533      
657             340.851000      22825.463893    337.748596      0.102692        67.581225      
658             340.225000      22860.404660    337.752354      0.102699        67.683924      
659             340.212000      22896.038465    337.756154      0.104740        67.788664      
660             340.127000      22931.436842    337.759789      0.104074        67.892738      
661             340.061000      22969.697106    337.763596      0.112510        68.005248      
662             340.230000      23004.623756    337.767313      0.102656        68.107904      
663             340.334000      23039.572995    337.771178      0.102691        68.210595      
664             340.635000      23074.549738    337.775482      0.102681        68.313276      
665             340.905000      23109.541931    337.780177      0.102645        68.415921      
666             341.138000      23144.543714    337.785206      0.102603        68.518524      
667             341.403000      23179.598974    337.790619      0.102680        68.621204      
668             341.553000      23214.681590    337.796242      0.102715        68.723919      
669             341.972000      23249.793223    337.802472      0.102674        68.826593      
670             342.193000      23284.924468    337.809011      0.102665        68.929258      
671             342.621000      23320.082864    337.816164      0.102616        69.031874      
672             343.378000      23355.341261    337.824425      0.102681        69.134555      
673             343.806000      23390.639479    337.833294      0.102669        69.237224      
674             344.538000      23426.015951    337.843223      0.102678        69.339902      
675             345.207000      23461.457319    337.854110      0.102667        69.442569      
676             345.846000      23496.969132    337.865909      0.102681        69.545250      
677             346.456000      23532.586541    337.878589      0.102805        69.648055      
678             347.434000      23568.261411    337.892656      0.102681        69.750736      
679             347.587000      23603.937046    337.906900      0.102638        69.853374      
680             348.103000      23640.449221    337.922187      0.104889        69.958263      
681             348.873000      23676.295922    337.938247      0.102750        70.061013      
682             348.865000      23712.118776    337.954238      0.102684        70.163697      
683             349.142000      23747.970771    337.970588      0.102686        70.266383      
684             349.076000      23783.809357    337.986790      0.102667        70.369050      
685             348.969000      23819.641494    338.002792      0.102680        70.471730      
686             348.898000      23855.446104    338.018635      0.102622        70.574352      
687             348.827000      23891.240638    338.034327      0.102614        70.676966      
688             348.795000      23927.035725    338.049929      0.102625        70.779591      
689             348.692000      23962.843255    338.065347      0.102691        70.882282      
690             348.573000      23999.404729    338.080873      0.104889        70.987171      
691             348.449000      24035.200197    338.095855      0.102728        71.089899      
692             348.417000      24070.962067    338.110736      0.102641        71.192540      
693             348.417000      24106.732298    338.125577      0.102665        71.295205      
694             348.387000      24142.512340    338.140337      0.102702        71.397907      
695             348.320000      24178.264253    338.154950      0.102641        71.500548      
696             347.919000      24213.982313    338.168950      0.102662        71.603210      
697             347.783000      24249.693019    338.182717      0.102681        71.705891      
698             347.537000      24285.356571    338.196084      0.102618        71.808509      
699             347.355000      24321.011173    338.209158      0.102646        71.911155      
700             347.143000      24357.535476    338.222210      0.105214        72.016369      
701             346.932000      24393.256983    338.234645      0.102964        72.119333      
702             346.690000      24429.150145    338.246766      0.103531        72.222864      
703             346.254000      24464.686886    338.258128      0.102632        72.325496      
704             346.145000      24500.217631    338.269306      0.102647        72.428143      
705             345.648000      24535.711879    338.279752      0.102689        72.530832      
706             345.415000      24571.164238    338.289835      0.102637        72.633469      
707             345.117000      24606.601197    338.299473      0.102681        72.736150      
708             344.549000      24641.972597    338.308281      0.102660        72.838810      
709             344.182000      24677.295996    338.316545      0.102630        72.941440      
710             343.712000      24713.599201    338.324347      0.105621        73.047061      
711             343.441000      24748.858571    338.331528      0.102665        73.149726      
712             342.832000      24784.059190    338.337836      0.102676        73.252402      
713             342.251000      24819.195704    338.343313      0.102663        73.355065      
714             341.364000      24854.238426    338.347534      0.102655        73.457720      
715             341.214000      24889.283833    338.351536      0.102708        73.560428      
716             340.757000      24924.246524    338.354887      0.102603        73.663031      
717             340.575000      24959.214381    338.357977      0.102673        73.765704      
718             340.300000      24994.149919    338.360676      0.102661        73.868365      
719             340.330000      25029.081050    338.363409      0.102639        73.971004      
720             340.177000      25063.999198    338.365922      0.102647        74.073651      
721             340.090000      25098.913858    338.368308      0.102663        74.176314      
722             340.290000      25133.839182    338.370963      0.102634        74.278948      
723             340.491000      25168.779347    338.373888      0.102617        74.381565      
724             340.665000      25203.765642    338.377047      0.102700        74.484265      
725             341.399000      25238.809225    338.381206      0.102647        74.586912      
726             341.550000      25273.865576    338.385560      0.102639        74.689551      
727             341.884000      25308.958259    338.390362      0.102645        74.792196      
728             342.335000      25344.100658    338.395768      0.102655        74.894851      
729             342.583000      25379.258239    338.401498      0.102625        74.997476      
730             343.238000      25414.511184    338.408113      0.102707        75.100183      
731             343.619000      25449.803261    338.415229      0.102707        75.202890      
732             344.292000      25485.149655    338.423241      0.102664        75.305554      
733             345.254000      25520.593085    338.432540      0.102659        75.408213      
734             345.924000      25556.114983    338.442728      0.102687        75.510900      
735             346.244000      25591.657968    338.453319      0.102653        75.613553      
736             347.135000      25627.285822    338.465087      0.102634        75.716187      
737             347.703000      25662.986923    338.477597      0.102677        75.818864      
738             347.831000      25698.699427    338.490246      0.102672        75.921536      
739             348.611000      25734.457503    338.503901      0.102573        76.024109      
740             348.657000      25770.257255    338.517596      0.102679        76.126788      
741             349.115000      25806.111366    338.531873      0.102700        76.229488      
742             349.115000      25841.958494    338.546109      0.102680        76.332168      
743             349.044000      25877.790653    338.560209      0.102658        76.434826      
744             348.958000      25913.623056    338.574159      0.102684        76.537510      
745             348.893000      25949.458554    338.587988      0.102712        76.640222      
746             348.800000      25985.264967    338.601648      0.102656        76.742878      
747             348.736000      26021.071087    338.615189      0.102674        76.845552      
748             348.665000      26057.706016    338.628911      0.105072        76.950624      
749             348.632000      26093.538761    338.642254      0.102781        77.053405      
750             348.583000      26129.335447    338.655485      0.102692        77.156097      
751             348.489000      26165.110631    338.668551      0.102658        77.258755      
752             348.357000      26200.890378    338.681414      0.102710        77.361465      
753             348.332000      26236.644220    338.694202      0.102643        77.464108      
754             348.303000      26272.395433    338.706917      0.102644        77.566752      
755             348.292000      26308.147606    338.719585      0.102650        77.669402      
756             348.214000      26343.896649    338.732118      0.102664        77.772066      
757             347.957000      26379.617218    338.744279      0.102658        77.874724      
758             347.846000      26416.090611    338.756517      0.104855        77.979579      
759             347.605000      26451.811543    338.768163      0.102763        78.082342      
760             347.360000      26487.479163    338.779447      0.102682        78.185024      
761             346.936000      26523.088674    338.790140      0.102640        78.287664      
762             346.556000      26558.682401    338.800315      0.102707        78.390371      
763             346.221000      26594.232373    338.810022      0.102680        78.493051      
764             345.821000      26629.718449    338.819176      0.102614        78.595665      
765             345.634000      26665.214715    338.828069      0.102699        78.698364      
766             345.270000      26700.667730    338.836463      0.102682        78.801046      
767             344.523000      26736.034738    338.843862      0.102655        78.903701      
768             344.331000      26772.413997    338.851199      0.105652        79.009353      
769             343.485000      26807.688189    338.857214      0.102695        79.112048      
770             343.205000      26842.925046    338.862849      0.102670        79.214718      
771             342.312000      26878.062004    338.867313      0.102646        79.317364      
772             342.045000      26913.186263    338.871422      0.102689        79.420053      
773             341.170000      26948.204975    338.874388      0.102643        79.522696      
774             341.037000      26983.219926    338.877177      0.102672        79.625368      
775             340.327000      27018.171849    338.879045      0.102701        79.728069      
776             339.992000      27053.066928    338.880475      0.102635        79.830704      
777             340.001000      27087.975511    338.881915      0.102672        79.933376      
778             339.792000      27122.832394    338.883081      0.102583        80.035959      
779             339.907000      27157.733025    338.884393      0.102677        80.138636      
780             340.090000      27192.650745    338.885936      0.102672        80.241308      
781             340.178000      27228.074161    338.887610      0.104132        80.345440      
782             340.395000      27263.687307    338.889571      0.104623        80.450063      
783             340.767000      27298.678966    338.891964      0.102685        80.552748      
784             341.037000      27333.693576    338.894694      0.102671        80.655419      
785             341.372000      27368.735753    338.897843      0.102651        80.758070      
786             341.707000      27403.795916    338.901408      0.102603        80.860673      
787             342.074000      27439.676058    338.905518      0.104890        80.965563      
788             342.287000      27474.853236    338.909805      0.102771        81.068334      
789             342.843000      27510.030984    338.914776      0.102606        81.170940      
790             343.312000      27545.274708    338.920331      0.102658        81.273598      
791             343.918000      27580.576171    338.926635      0.102645        81.376243      
792             344.620000      27615.957272    338.933808      0.102667        81.478910      
793             345.356000      27651.414628    338.941891      0.102669        81.581579      
794             345.727000      27686.903850    338.950417      0.102651        81.684230      
795             346.857000      27722.520861    338.960344      0.102685        81.786915      
796             347.735000      27758.227334    338.971347      0.102683        81.889598      
797             348.206000      27798.070805    338.984233      0.114425        82.004023      
798             348.288000      27833.870981    338.995880      0.102789        82.106812      
799             348.915000      27869.703504    339.008271      0.102697        82.209509      
800             349.115000      27905.540857    339.020875      0.102652        82.312161      
801             349.051000      27941.393282    339.033376      0.102714        82.414875      
802             349.017000      27977.228602    339.045798      0.102675        82.517550      
803             348.894000      28013.029662    339.058029      0.102613        82.620163      
804             348.770000      28048.847644    339.070087      0.102698        82.722861      
805             348.699000      28084.641596    339.082020      0.102650        82.825511      
806             348.628000      28120.423728    339.093835      0.102637        82.928148      
807             348.595000      28158.160531    339.106222      0.108254        83.036402      
808             348.492000      28193.946478    339.117814      0.102688        83.139090      
809             348.456000      28229.722455    339.129332      0.102670        83.241760      
810             348.287000      28265.484564    339.140614      0.102680        83.344440      
811             348.222000      28301.227812    339.151785      0.102645        83.447085      
812             348.092000      28337.288402    339.162870      0.103595        83.550680      
813             348.060000      28373.057484    339.173800      0.102767        83.653447      
814             348.028000      28408.787779    339.184653      0.102665        83.756112      
815             347.974000      28444.518793    339.195415      0.102683        83.858795      
816             347.856000      28480.202905    339.205997      0.102583        83.961378      
817             347.704000      28515.904109    339.216376      0.102677        84.064055      
818             347.395000      28551.591302    339.226358      0.102728        84.166783      
819             347.162000      28587.248311    339.236031      0.102710        84.269493      
820             346.972000      28622.881295    339.245447      0.102697        84.372190      
821             346.731000      28658.493343    339.254548      0.102708        84.474898      
822             346.485000      28694.066957    339.263325      0.102670        84.577568      
823             346.268000      28729.614484    339.271817      0.102659        84.680227      
824             345.815000      28765.117235    339.279740      0.102664        84.782891      
825             345.599000      28800.600576    339.287384      0.102672        84.885563      
826             344.744000      28835.987858    339.293974      0.102648        84.988211      
827             344.177000      28871.322445    339.299866      0.102664        85.090875      
828             343.923000      28906.633020    339.305437      0.102670        85.193545      
829             343.306000      28941.876127    339.310252      0.102658        85.296203      
830             342.733000      28977.056984    339.314366      0.102648        85.398851      
831             342.165000      29012.204515    339.317791      0.102721        85.501572      
832             341.912000      29047.304859    339.320902      0.102659        85.604231      
833             341.425000      29082.356232    339.323422      0.102662        85.706893      
834             340.722000      29117.328961    339.325095      0.102643        85.809536      
835             340.664000      29152.304252    339.326695      0.102668        85.912204      
836             340.258000      29187.222889    339.327806      0.102624        86.014828      
837             340.300000      29222.163872    339.328965      0.102677        86.117505      
838             340.024000      29257.086717    339.329793      0.102707        86.220212      
839             340.088000      29291.993690    339.330695      0.102641        86.322853      
840             340.147000      29326.905357    339.331664      0.102637        86.425490      
841             340.363000      29361.858936    339.332888      0.102695        86.528185      
842             340.732000      29396.830305    339.334546      0.102636        86.630821      
843             341.100000      29431.840468    339.336635      0.102639        86.733460      
844             341.472000      29466.899740    339.339160      0.102671        86.836131      
845             341.840000      29501.997136    339.342113      0.102672        86.938803      
846             342.044000      29537.114452    339.345300      0.102669        87.041472      
847             342.641000      29572.286208    339.349182      0.102649        87.144121      
848             343.144000      29607.517832    339.353648      0.102673        87.246794      
849             343.471000      29642.797455    339.358490      0.102715        87.349509      
850             344.111000      29678.119417    339.364068      0.102647        87.452156      
851             345.086000      29713.532143    339.370775      0.102620        87.554776      
852             345.757000      29749.044498    339.378257      0.102709        87.657485      
853             346.032000      29784.713477    339.386073      0.103080        87.760565      
854             346.583000      29820.292994    339.394481      0.102658        87.863223      
855             347.125000      29856.721680    339.403704      0.104944        87.968167      
856             347.964000      29892.484029    339.413693      0.102776        88.070943      
857             348.065000      29928.198978    339.423761      0.102610        88.173553      
858             348.460000      29963.966655    339.434268      0.102645        88.276198      
859             348.732000      29999.773410    339.445070      0.102677        88.378875      
860             348.915000      30035.581510    339.456054      0.102627        88.481502      
861             349.034000      30071.421717    339.467156      0.102684        88.584186      
862             348.934000      30107.273290    339.478124      0.102746        88.686932      
863             348.842000      30143.081224    339.488949      0.102648        88.789580      
864             348.770000      30178.897810    339.499671      0.102694        88.892274      
865             348.647000      30218.072136    339.511219      0.112361        89.004635      
866             348.535000      30253.844025    339.521613      0.102635        89.107270      
867             348.525000      30289.643468    339.531979      0.102717        89.209987      
868             348.506000      30325.422488    339.542295      0.102664        89.312651      
869             348.464000      30361.193363    339.552537      0.102653        89.415304      
870             348.268000      30396.943770    339.562532      0.102652        89.517956      
871             348.201000      30432.676853    339.572423      0.102622        89.620578      
872             348.099000      30468.402949    339.582177      0.102632        89.723210      
873             348.040000      30504.122990    339.591840      0.102632        89.825842      
874             347.942000      30539.843064    339.601373      0.102661        89.928503      
875             347.845000      30575.544136    339.610770      0.102635        90.031138      
876             347.640000      30611.244678    339.619918      0.102694        90.133832      
877             347.370000      30646.900124    339.628734      0.102644        90.236476      
878             346.998000      30682.515652    339.637107      0.102639        90.339115      
879             346.702000      30718.098372    339.645124      0.102632        90.441747      
880             346.587000      30753.666169    339.652992      0.102623        90.544370      
881             346.311000      30789.222266    339.660533      0.102671        90.647041      
882             346.003000      30824.759196    339.667711      0.102707        90.749748      
883             345.670000      30860.261233    339.674497      0.102705        90.852453      
884             345.306000      30896.489358    339.680992      0.104916        90.957369      
885             344.943000      30931.937080    339.686931      0.102764        91.060133      
886             344.330000      30968.426763    339.692328      0.105973        91.166106      
887             343.963000      31003.731813    339.697131      0.102642        91.268748      
888             343.760000      31039.066216    339.701701      0.102788        91.371536      
889             343.274000      31074.317710    339.705712      0.102692        91.474228      
890             342.522000      31109.510133    339.708871      0.102745        91.576973      
891             342.059000      31144.784967    339.711515      0.103125        91.680098      
892             341.524000      31179.858116    339.713543      0.102696        91.782794      
893             341.119000      31214.925149    339.715115      0.102800        91.885594      
894             340.449000      31250.007057    339.715937      0.103046        91.988640      
895             340.249000      31284.945866    339.716532      0.102686        92.091326      
896             340.081000      31319.805528    339.716937      0.102504        92.193830      
897             340.047000      31354.660006    339.717303      0.102499        92.296329      
898             340.185000      31389.558564    339.717823      0.102587        92.398916      
899             340.351000      31424.493212    339.718525      0.102643        92.501559      
900             340.553000      31459.466984    339.719451      0.102697        92.604256      
901             340.722000      31494.445163    339.720561      0.102659        92.706915      
902             341.093000      31529.465523    339.722079      0.102671        92.809586      
903             341.670000      31564.557082    339.724232      0.102706        92.912292      
904             341.919000      31600.434984    339.726708      0.104931        93.017223      
905             342.541000      31635.642376    339.729815      0.102783        93.120006      
906             342.770000      31670.827374    339.733162      0.102649        93.222655      
907             343.289000      31706.066676    339.737073      0.102652        93.325307      
908             343.810000      31741.387653    339.741552      0.102734        93.428041      
909             344.756000      31777.034734    339.747095      0.103398        93.531439      
910             345.122000      31812.471170    339.752990      0.102678        93.634117      
911             346.129000      31848.035925    339.759979      0.102750        93.736867      
912             346.430000      31883.658976    339.767288      0.102829        93.839696      
913             347.265000      31919.324133    339.775484      0.102703        93.942399      
914             347.735000      31955.016696    339.784172      0.102643        94.045042      
915             347.861000      31990.739934    339.792982      0.102694        94.147736      
916             348.579000      32026.536557    339.802555      0.102693        94.250429      
917             348.882000      32062.363599    339.812437      0.102691        94.353120      
918             349.083000      32098.212328    339.822516      0.102694        94.455814      
919             349.053000      32134.044713    339.832537      0.102656        94.558470      
920             349.050000      32169.880280    339.842533      0.102666        94.661136      
921             349.017000      32205.688028    339.852466      0.102596        94.763732      
922             348.905000      32241.528946    339.862269      0.102724        94.866456      
923             348.869000      32278.407539    339.872294      0.105709        94.972165      
924             348.794000      32314.216824    339.881928      0.102666        95.074831      
925             348.692000      32350.020867    339.891432      0.102681        95.177512      
926             348.666000      32385.828516    339.900890      0.102699        95.280211      
927             348.602000      32421.620878    339.910256      0.102674        95.382885      
928             348.447000      32457.484089    339.919458      0.102923        95.485808      
929             348.347000      32493.263157    339.928513      0.102711        95.588519      
930             348.281000      32529.028133    339.937477      0.102690        95.691209      
931             348.215000      32565.186083    339.946449      0.103838        95.795047      
932             348.116000      32601.153428    339.955251      0.103320        95.898367      
933             348.055000      32637.364026    339.964029      0.104037        96.002404      
934             347.888000      32673.062553    339.972489      0.102615        96.105019      
935             347.758000      32708.757129    339.980796      0.102642        96.207661      
936             347.576000      32744.450404    339.988894      0.102692        96.310353      
937             347.335000      32780.111288    339.996717      0.102670        96.413023      
938             347.095000      32815.808274    340.004281      0.102845        96.515868      
939             346.824000      32851.456579    340.011536      0.102785        96.618653      
940             346.428000      32887.043048    340.018350      0.102724        96.721377      
941             346.215000      32922.604522    340.024924      0.102715        96.824092      
942             345.756000      32958.129914    340.030999      0.102747        96.926839      
943             345.424000      32993.639847    340.036713      0.102801        97.029640      
944             344.855000      33029.084388    340.041811      0.102781        97.132421      
945             344.603000      33064.496482    340.046632      0.102762        97.235183      
946             344.145000      33099.871835    340.050960      0.102792        97.337975      
947             343.546000      33135.171873    340.054645      0.102752        97.440727      
948             343.011000      33170.407335    340.057759      0.102724        97.543451      
949             342.476000      33205.588867    340.060303      0.102727        97.646178      
950             342.258000      33240.724389    340.062611      0.102658        97.748836      
951             341.540000      33275.781421    340.064161      0.102644        97.851480      
952             341.374000      33311.617839    340.065564      0.104977        97.956457      
953             340.799000      33346.648909    340.066333      0.102791        98.059248      
954             340.501000      33383.011692    340.066806      0.106792        98.166040      
955             340.334000      33417.951742    340.067085      0.102664        98.268704      
956             340.232000      33452.913982    340.067258      0.102760        98.371464      
957             340.232000      33487.839818    340.067429      0.102653        98.474117      
958             340.399000      33522.782456    340.067775      0.102652        98.576769      
959             340.523000      33557.736461    340.068248      0.102648        98.679417      
960             340.734000      33592.720302    340.068940      0.102672        98.782089      
961             341.438000      33627.759011    340.070361      0.102621        98.884710      
962             341.706000      33663.954219    340.072111      0.105925        98.990635      
963             342.193000      33699.082041    340.074308      0.102655        99.093290      
964             342.680000      33734.229015    340.077002      0.102565        99.195855      
965             343.196000      33769.418961    340.080223      0.102536        99.298391      
966             343.712000      33804.662502    340.083969      0.102538        99.400929      
967             344.321000      33839.964356    340.088335      0.102526        99.503455      
968             345.280000      33875.356247    340.093678      0.102502        99.605957      
969             345.951000      33910.831792    340.099702      0.102545        99.708502      
970             346.589000      33946.371722    340.106369      0.102542        99.811044      
971             346.819000      33981.983790    340.113267      0.102682        99.913726      
972             347.401000      34018.687053    340.120965      0.105651        100.019377     
973             348.136000      34054.446887    340.129188      0.102718        100.122095     
974             348.536000      34090.225501    340.137799      0.102654        100.224749     
975             348.839000      34126.041848    340.146703      0.102673        100.327422     
976             349.077000      34161.885423    340.155834      0.102681        100.430103     
977             349.180000      34197.739924    340.165051      0.102682        100.532785     
978             349.175000      34233.598800    340.174245      0.102696        100.635481     
979             349.175000      34269.450692    340.183419      0.102676        100.738157     
980             349.145000      34305.317311    340.192548      0.102727        100.840884     
981             349.077000      34341.154254    340.201584      0.102662        100.943546     
982             348.974000      34376.973992    340.210495      0.102643        101.046189     
983             348.839000      34412.774641    340.219250      0.102628        101.148817     
984             348.770000      34448.614595    340.227928      0.102761        101.251578     
985             348.633000      34484.443260    340.236450      0.102769        101.354347     
986             348.530000      34520.223698    340.244842      0.102661        101.457008     
987             348.553000      34556.012771    340.253242      0.102679        101.559687     
988             348.431000      34591.785137    340.261501      0.102667        101.662354     
989             348.292000      34628.701303    340.269864      0.105992        101.768346     
990             348.190000      34664.767171    340.277917      0.103581        101.871927     
991             348.151000      34700.506264    340.285843      0.102654        101.974581     
992             348.063000      34736.282267    340.293674      0.102786        102.077367     
993             347.974000      34771.999015    340.301389      0.102642        102.180009     
994             347.865000      34807.708053    340.308980      0.102652        102.282661     
995             347.666000      34843.401878    340.316357      0.102667        102.385328     
996             347.247000      34879.058936    340.323301      0.102685        102.488013     
997             346.860000      34914.674868    340.329844      0.102681        102.590694     
998             346.579000      34950.255707    340.336091      0.102663        102.693357     
999             346.274000      34985.811468    340.342022      0.102681        102.796038     
1000            336.181000      35020.318094    340.337872      0.102643        102.898681     
1001            314.027000      35053.420309    340.310946      0.105412        103.004093     
1002            291.817000      35083.554207    340.262379      0.103263        103.107356     
1003            276.649000      35111.834928    340.199371      0.102226        103.209582     
1004            256.442000      35138.073304    340.116421      0.102317        103.311899     
1005            236.252000      35162.254169    340.013623      0.102352        103.414251     
1006            216.082000      35184.365192    339.891116      0.102327        103.516578     
1007            181.156000      35202.911400    339.734283      0.102377        103.618955     
1008            159.207000      35219.200664    339.556204      0.102315        103.721270     
1009            137.128000      35233.228310    339.356754      0.102296        103.823566     
1010            124.690000      35245.980107    339.145511      0.102268        103.925834     
1011            124.592000      35258.971314    338.930463      0.104270        104.030104     
1012            124.410000      35271.697089    338.719740      0.102289        104.132393     
