#timestep       power           acc-energy      avg-power       dt              acc-time       
1               128.159000      12.835124       128.159000      0.100150        0.100150       
2               128.066000      25.954205       128.111974      0.102440        0.202590       
3               128.032000      39.090800       128.085088      0.102604        0.305194       
4               127.998000      52.347169       128.063022      0.103567        0.408761       
5               127.998000      65.434197       128.050012      0.102244        0.511005       
6               128.538000      78.584534       128.131414      0.102307        0.613312       
7               127.967000      91.672871       128.107914      0.102279        0.715591       
8               127.874000      104.753997      128.078658      0.102297        0.817888       
9               127.780000      117.823080      128.045461      0.102278        0.920166       
10              122.232000      130.342326      127.463187      0.102422        1.022588       
11              122.206000      142.853165      126.984768      0.102375        1.124963       
12              122.264000      155.362973      126.591199      0.102318        1.227281       
13              149.367000      170.725220      128.352281      0.102849        1.330130       
14              176.205000      188.847375      131.786746      0.102847        1.432977       
15              203.039000      209.723236      136.556879      0.102817        1.535794       
16              220.181000      232.348595      141.801173      0.102758        1.638552       
17              244.683000      257.479497      147.869644      0.102708        1.741260       
18              283.977000      287.322640      155.616562      0.105090        1.846350       
19              311.054000      319.280328      163.809946      0.102740        1.949090       
20              318.466000      352.054301      171.566256      0.102912        2.052002       
21              365.121000      389.563181      180.794262      0.102730        2.154732       
22              367.556000      427.337279      189.296439      0.102771        2.257503       
23              391.887000      467.589560      198.112953      0.102714        2.360217       
24              391.862000      507.861218      206.197279      0.102770        2.462987       
25              391.891000      548.151140      213.637849      0.102809        2.565796       
26              392.008000      588.427610      220.505449      0.102744        2.668540       
27              392.067000      628.714062      226.866605      0.102754        2.771294       
28              392.145000      670.132809      232.934518      0.105621        2.876915       
29              392.219000      710.434488      238.427398      0.102753        2.979668       
30              392.209000      750.777106      243.558893      0.102860        3.082528       
31              392.278000      791.088378      248.356783      0.102762        3.185290       
32              392.494000      831.416744      252.860974      0.102749        3.288039       
33              392.750000      871.769450      257.099746      0.102744        3.390783       
34              392.982000      912.145992      261.096019      0.102744        3.493527       
35              393.085000      952.547269      264.868174      0.102780        3.596307       
36              393.074000      992.944270      268.430133      0.102772        3.699079       
37              393.197000      1033.365708     271.803801      0.102802        3.801881       
38              393.253000      1074.983673     275.092931      0.105830        3.907711       
39              393.317000      1115.415087     278.123212      0.102796        4.010507       
40              393.349000      1155.837204     281.001958      0.102764        4.113271       
41              393.414000      1196.264033     283.741822      0.102759        4.216030       
42              393.414000      1236.700304     286.351899      0.102783        4.318813       
43              393.191000      1277.131741     288.836532      0.102829        4.421642       
44              393.251000      1317.545360     291.208215      0.102768        4.524410       
45              393.221000      1357.961794     293.474207      0.102783        4.627193       
46              393.312000      1398.393088     295.643984      0.102797        4.729990       
47              393.403000      1438.810132     297.722204      0.102737        4.832727       
48              393.497000      1479.239194     299.715973      0.102743        4.935470       
49              393.527000      1519.677635     301.629330      0.102759        5.038229       
50              393.584000      1560.118785     303.467196      0.102751        5.140980       
51              393.557000      1600.565425     305.232861      0.102772        5.243752       
52              393.584000      1641.010117     306.930970      0.102760        5.346512       
53              393.586000      1681.454620     308.565058      0.102759        5.449271       
54              393.827000      1721.919951     310.142966      0.102749        5.552020       
55              393.890000      1762.407904     311.665273      0.102790        5.654810       
56              393.984000      1802.891730     313.134412      0.102755        5.757565       
57              394.053000      1844.284239     314.584267      0.105043        5.862608       
58              394.106000      1884.793607     315.954483      0.102788        5.965396       
59              394.188000      1925.298789     317.279262      0.102756        6.068152       
60              394.199000      1965.813379     318.560363      0.102777        6.170929       
61              394.263000      2006.327451     319.800323      0.102759        6.273688       
62              394.386000      2046.855345     321.002336      0.102762        6.376450       
63              394.567000      2087.395921     322.168923      0.102747        6.479197       
64              394.534000      2128.182057     323.305402      0.103378        6.582575       
65              394.502000      2169.120318     324.410372      0.103772        6.686347       
66              394.485000      2209.648918     325.470799      0.102738        6.789085       
67              394.456000      2254.817680     326.615047      0.114509        6.903594       
68              394.404000      2295.403429     327.610659      0.102904        7.006498       
69              394.437000      2335.943270     328.576769      0.102779        7.109277       
70              394.437000      2376.478377     329.515235      0.102767        7.212044       
71              394.469000      2416.999022     330.427388      0.102722        7.314766       
72              394.513000      2457.525369     331.314911      0.102725        7.417491       
73              394.513000      2498.071838     332.178610      0.102776        7.520267       
74              394.734000      2538.642203     333.022023      0.102779        7.623046       
75              394.831000      2579.221749     333.844271      0.102777        7.725823       
76              394.961000      2619.822950     334.646798      0.102798        7.828621       
77              395.096000      2660.411952     335.429775      0.102732        7.931353       
78              395.162000      2701.066219     336.194658      0.102880        8.034233       
79              395.143000      2741.677436     336.939216      0.102776        8.137009       
80              395.194000      2782.299822     337.665941      0.102791        8.239800       
81              395.143000      2822.896814     338.373782      0.102740        8.342540       
82              395.162000      2863.514330     339.064944      0.102787        8.445327       
83              395.194000      2904.137112     339.739902      0.102792        8.548119       
84              395.080000      2944.745015     340.397415      0.102784        8.650903       
85              395.143000      2985.360578     341.040245      0.102787        8.753690       
86              395.172000      3027.135001     341.686155      0.105712        8.859402       
87              395.129000      3067.723047     342.298699      0.102721        8.962123       
88              395.207000      3108.338470     342.898528      0.102770        9.064893       
89              395.231000      3148.931856     343.484828      0.102708        9.167601       
90              395.237000      3189.543643     344.058452      0.102753        9.270354       
91              395.394000      3230.173144     344.621241      0.102757        9.373111       
92              395.385000      3270.811606     345.171859      0.102782        9.475893       
93              395.444000      3311.419354     345.710811      0.102689        9.578582       
94              395.474000      3352.064195     346.239086      0.102775        9.681357       
95              395.597000      3392.724050     346.757584      0.102781        9.784138       
96              395.563000      3433.366962     347.264782      0.102747        9.886885       
97              395.592000      3474.016413     347.761888      0.102756        9.989641       
98              395.553000      3514.675306     348.248634      0.102790        10.092431      
99              395.621000      3555.345145     348.726296      0.102800        10.195231      
100             395.621000      3595.994016     349.194183      0.102747        10.297978      
101             395.655000      3636.649150     349.653193      0.102754        10.400732      
102             395.410000      3677.292553     350.100971      0.102788        10.503520      
103             395.422000      3717.931653     350.540128      0.102774        10.606294      
104             395.473000      3758.579159     350.971378      0.102782        10.709076      
105             395.566000      3799.242948     351.395382      0.102799        10.811875      
106             395.665000      3839.868248     351.811838      0.102676        10.914551      
107             395.723000      3880.573899     352.221814      0.102864        11.017415      
108             395.694000      3921.245702     352.623635      0.102786        11.120201      
109             395.600000      3961.884503     353.017012      0.102727        11.222928      
110             395.600000      4002.549810     353.403501      0.102794        11.325722      
111             395.572000      4043.200766     353.782681      0.102765        11.428487      
112             395.870000      4083.875221     354.157692      0.102747        11.531234      
113             395.910000      4124.557349     354.526465      0.102756        11.633990      
114             395.945000      4165.235947     354.889024      0.102738        11.736728      
115             396.004000      4206.826267     355.253675      0.105025        11.841753      
116             395.973000      4247.509721     355.603930      0.102743        11.944496      
117             395.973000      4288.252966     355.948713      0.102894        12.047390      
118             396.004000      4328.960990     356.287602      0.102797        12.150187      
119             396.108000      4369.655937     356.621484      0.102737        12.252924      
120             396.126000      4410.372144     356.950118      0.102786        12.355710      
121             396.190000      4451.093345     357.273845      0.102782        12.458492      
122             396.280000      4491.822607     357.593002      0.102779        12.561271      
123             396.219000      4532.545996     357.906486      0.102780        12.664051      
124             396.210000      4573.262120     358.214803      0.102764        12.766815      
125             396.144000      4613.979781     358.517730      0.102785        12.869600      
126             396.190000      4654.696624     358.816181      0.102771        12.972371      
127             395.809000      4695.402017     359.107142      0.102841        13.075212      
128             395.809000      4736.070600     359.393305      0.102748        13.177960      
129             395.809000      4776.721372     359.674918      0.102703        13.280663      
130             395.842000      4817.407596     359.952679      0.102784        13.383447      
131             395.805000      4858.094371     360.225953      0.102795        13.486242      
132             395.908000      4898.775898     360.495767      0.102755        13.588997      
133             395.974000      4939.472521     360.762081      0.102776        13.691773      
134             396.063000      4980.176708     361.025080      0.102772        13.794545      
135             396.152000      5024.107984     361.305215      0.110895        13.905440      
136             396.181000      5064.882537     361.561446      0.102919        14.008359      
137             396.516000      5105.644778     361.816093      0.102801        14.111160      
138             396.486000      5146.393230     362.066774      0.102774        14.213934      
139             396.423000      5187.160578     362.313556      0.102838        14.316772      
140             396.439000      5227.900236     362.556759      0.102764        14.419536      
141             396.033000      5268.589854     362.793598      0.102743        14.522279      
142             396.058000      5309.302636     363.027403      0.102795        14.625074      
143             395.991000      5349.998632     363.257421      0.102770        14.727844      
144             396.012000      5390.702329     363.484428      0.102784        14.830628      
145             395.975000      5431.385196     363.707961      0.102741        14.933369      
146             395.867000      5472.545072     363.930321      0.103974        15.037343      
147             395.922000      5513.439855     364.148570      0.103290        15.140633      
148             396.011000      5554.120481     364.363293      0.102726        15.243359      
149             396.089000      5594.830509     364.575774      0.102780        15.346139      
150             396.145000      5635.524900     364.785691      0.102726        15.448865      
151             396.137000      5676.235899     364.992870      0.102770        15.551635      
152             396.516000      5717.014001     365.199960      0.102841        15.654476      
153             396.492000      5757.757519     365.404029      0.102760        15.757236      
154             396.566000      5799.437399     365.610505      0.105102        15.862338      
155             396.575000      5840.201740     365.809868      0.102791        15.965129      
156             396.639000      5880.978609     366.007120      0.102806        16.067935      
157             396.677000      5921.748278     366.202052      0.102778        16.170713      
158             396.634000      5962.505198     366.394211      0.102757        16.273470      
159             396.578000      6003.254380     366.583598      0.102752        16.376222      
160             396.619000      6044.013328     366.770904      0.102766        16.478988      
161             396.694000      6084.779984     366.956354      0.102766        16.581754      
162             396.630000      6125.547202     367.139156      0.102784        16.684538      
163             396.874000      6166.326402     367.321156      0.102751        16.787289      
164             396.929000      6208.054754     367.505417      0.105128        16.892417      
165             396.929000      6248.853498     367.683369      0.102786        16.995203      
166             396.991000      6289.660997     367.859565      0.102792        17.097995      
167             396.932000      6330.459256     368.033288      0.102784        17.200779      
168             396.873000      6371.241132     368.204554      0.102758        17.303537      
169             396.864000      6412.033592     368.373793      0.102787        17.406324      
170             396.864000      6452.810574     368.540981      0.102748        17.509072      
171             396.896000      6493.623786     368.706538      0.102831        17.611903      
172             396.864000      6534.402753     368.869864      0.102753        17.714656      
173             396.832000      6575.199860     369.031206      0.102807        17.817463      
174             396.902000      6615.957330     369.190916      0.102689        17.920152      
175             396.932000      6656.792503     369.349264      0.102877        18.023029      
176             396.896000      6697.584284     369.505460      0.102777        18.125806      
177             396.961000      6738.389096     369.660285      0.102793        18.228599      
178             396.990000      6779.173466     369.813448      0.102734        18.331333      
179             397.050000      6819.969163     369.965258      0.102747        18.434080      
180             397.109000      6860.765759     370.115693      0.102734        18.536814      
181             397.139000      6901.569011     370.264648      0.102743        18.639557      
182             397.169000      6942.390835     370.412190      0.102782        18.742339      
183             397.139000      6984.379547     370.562114      0.105728        18.848067      
184             397.092000      7025.190280     370.705990      0.102774        18.950841      
185             397.092000      7065.989895     370.848276      0.102746        19.053587      
186             397.136000      7106.808725     370.989322      0.102783        19.156370      
187             397.136000      7147.623186     371.128848      0.102772        19.259142      
188             397.136000      7188.715642     371.267828      0.103472        19.362614      
189             397.136000      7229.524940     371.404388      0.102759        19.465373      
190             397.186000      7270.335007     371.539761      0.102748        19.568121      
191             397.166000      7311.147388     371.673631      0.102759        19.670880      
192             397.121000      7351.953954     371.805871      0.102756        19.773636      
193             397.256000      7392.770021     371.937428      0.102745        19.876381      
194             397.247000      7433.604629     372.067647      0.102794        19.979175      
195             397.306000      7474.427821     372.196780      0.102750        20.081925      
196             397.308000      7515.251218     372.324609      0.102750        20.184675      
197             397.199000      7556.058252     372.450574      0.102737        20.287412      
198             397.158000      7596.874974     372.575106      0.102772        20.390184      
199             397.103000      7637.675718     372.698083      0.102746        20.492930      
200             397.107000      7678.482831     372.819869      0.102761        20.595691      
201             397.266000      7719.323365     372.941287      0.102804        20.698495      
202             397.295000      7760.161715     373.061633      0.102791        20.801286      
203             397.263000      7800.964201     373.180543      0.102709        20.903995      
204             397.321000      7841.829857     373.298738      0.102853        21.006848      
205             397.263000      7882.645452     373.415374      0.102742        21.109590      
206             397.263000      7923.477335     373.530926      0.102783        21.212373      
207             397.257000      7964.317739     373.645360      0.102806        21.315179      
208             397.316000      8005.145136     373.758926      0.102758        21.417937      
209             397.345000      8045.969553     373.871530      0.102743        21.520680      
210             397.104000      8086.780726     373.981949      0.102772        21.623452      
211             397.057000      8127.575950     374.091072      0.102744        21.726196      
212             397.040000      8168.381339     374.199119      0.102774        21.828970      
213             396.948000      8209.168540     374.305699      0.102752        21.931722      
214             396.916000      8250.023104     374.411318      0.102930        22.034652      
215             397.014000      8290.826615     374.516254      0.102776        22.137428      
216             397.022000      8331.621419     374.620233      0.102752        22.240180      
217             397.008000      8372.412800     374.723186      0.102747        22.342927      
218             397.063000      8413.213803     374.825459      0.102757        22.445684      
219             397.042000      8454.022177     374.926727      0.102781        22.548465      
220             397.050000      8494.836137     375.027124      0.102793        22.651258      
221             397.387000      8536.037619     375.129005      0.103681        22.754939      
222             397.512000      8577.112931     375.230187      0.103331        22.858270      
223             397.585000      8618.007332     375.330328      0.102857        22.961127      
224             397.657000      8659.338607     375.430938      0.103937        23.065064      
225             397.698000      8700.219178     375.529734      0.102793        23.167857      
226             397.698000      8741.085431     375.627623      0.102757        23.270614      
227             397.660000      8781.962493     375.724520      0.102794        23.373408      
228             397.569000      8822.798793     375.820096      0.102715        23.476123      
229             397.569000      8863.647815     375.914868      0.102747        23.578870      
230             397.569000      8904.492861     376.008810      0.102737        23.681607      
231             397.607000      8945.367259     376.102161      0.102801        23.784408      
232             397.575000      8987.186185     376.196706      0.105185        23.889593      
233             397.642000      9028.060999     376.288586      0.102793        23.992386      
234             397.671000      9068.975778     376.379888      0.102886        24.095272      
235             397.730000      9109.858842     376.470581      0.102791        24.198063      
236             397.775000      9150.735792     376.560674      0.102764        24.300827      
237             397.910000      9191.631788     376.650588      0.102777        24.403604      
238             397.853000      9232.530679     376.739527      0.102799        24.506403      
239             397.974000      9273.422507     376.828187      0.102750        24.609153      
240             397.742000      9314.286918     376.915137      0.102741        24.711894      
241             397.700000      9355.136674     377.001172      0.102715        24.814609      
242             397.600000      9397.171343     377.088560      0.105721        24.920330      
243             397.601000      9438.025244     377.172789      0.102751        25.023081      
244             397.529000      9478.884467     377.256060      0.102783        25.125864      
245             397.601000      9519.750295     377.338945      0.102781        25.228645      
246             397.513000      9560.592768     377.420772      0.102745        25.331390      
247             397.449000      9601.440192     377.501702      0.102774        25.434164      
248             397.394000      9642.268849     377.581733      0.102741        25.536905      
249             397.394000      9683.114594     377.661156      0.102784        25.639689      
250             397.659000      9723.990758     377.741009      0.102792        25.742481      
251             397.762000      9765.769292     377.822367      0.105034        25.847515      
252             397.865000      9806.647135     377.901720      0.102743        25.950258      
253             397.968000      9847.535959     377.980855      0.102744        26.053002      
254             398.000000      9888.441205     378.059518      0.102777        26.155779      
255             398.032000      9929.361283     378.137713      0.102806        26.258585      
256             397.994000      9970.265515     378.215128      0.102776        26.361361      
257             397.994000      10011.167756    378.291937      0.102771        26.464132      
258             397.900000      10052.037657    378.367747      0.102714        26.566846      
259             397.929000      10092.916505    378.443095      0.102729        26.669575      
260             397.900000      10133.807892    378.517782      0.102768        26.772343      
261             397.935000      10175.596240    378.593647      0.105013        26.877356      
262             397.964000      10216.497388    378.667435      0.102776        26.980132      
263             397.964000      10257.404108    378.740673      0.102790        27.082922      
264             397.964000      10298.284164    378.813310      0.102723        27.185645      
265             397.968000      10339.165029    378.885416      0.102724        27.288369      
266             397.935000      10380.411787    378.957500      0.103652        27.392021      
267             397.965000      10421.284783    379.028501      0.102705        27.494726      
268             398.023000      10462.245728    379.099331      0.102911        27.597637      
269             398.117000      10503.156629    379.169882      0.102761        27.700398      
270             398.097000      10544.055920    379.239820      0.102737        27.803135      
271             398.087000      10584.956971    379.309212      0.102744        27.905879      
272             398.029000      10625.906592    379.377973      0.102881        28.008760      
273             398.000000      10666.799898    379.446036      0.102747        28.111507      
274             397.999000      10707.695490    379.513604      0.102753        28.214260      
275             397.936000      10748.580230    379.580445      0.102742        28.317002      
276             397.970000      10789.490750    379.646963      0.102798        28.419800      
277             397.974000      10830.381783    379.712983      0.102748        28.522548      
278             397.974000      10871.274805    379.778532      0.102753        28.625301      
279             397.903000      10912.130291    379.843311      0.102677        28.727978      
280             398.006000      10953.015856    379.908026      0.102726        28.830704      
281             398.071000      10993.910486    379.972516      0.102732        28.933436      
282             398.168000      11034.876399    380.036989      0.102886        29.036322      
283             398.265000      11075.800119    380.101268      0.102755        29.139077      
284             398.201000      11116.755092    380.164929      0.102850        29.241927      
285             398.240000      11157.669074    380.228210      0.102737        29.344664      
286             398.162000      11198.580618    380.290787      0.102751        29.447415      
287             398.083000      11239.495589    380.352671      0.102780        29.550195      
288             398.098000      11280.399760    380.414159      0.102749        29.652944      
289             397.763000      11321.562264    380.474494      0.103485        29.756429      
290             397.730000      11363.589996    380.535554      0.105669        29.862098      
291             397.595000      11404.465147    380.594083      0.102806        29.964904      
292             397.595000      11445.385625    380.652275      0.102920        30.067824      
293             397.719000      11486.263979    380.710417      0.102782        30.170606      
294             397.719000      11527.138754    380.768158      0.102773        30.273379      
295             397.692000      11568.020696    380.825431      0.102798        30.376177      
296             397.763000      11608.904368    380.882549      0.102784        30.478961      
297             397.795000      11649.777407    380.939372      0.102749        30.581710      
298             397.898000      11690.626411    380.996111      0.102662        30.684372      
299             398.275000      11731.530448    381.053752      0.102703        30.787075      
300             398.305000      11772.408490    381.111069      0.102630        30.889705      
301             398.398000      11813.306037    381.168328      0.102655        30.992360      
302             398.278000      11854.204807    381.224831      0.102689        31.095049      
303             398.180000      11895.143683    381.280708      0.102815        31.197864      
304             398.213000      11936.048521    381.336276      0.102721        31.300585      
305             398.180000      11976.978240    381.391410      0.102792        31.403377      
306             398.219000      12017.902808    381.446300      0.102769        31.506146      
307             398.134000      12058.825409    381.500565      0.102786        31.608932      
308             398.109000      12099.773309    381.554434      0.102856        31.711788      
309             397.941000      12140.674878    381.607374      0.102783        31.814571      
310             397.941000      12181.548990    381.659937      0.102714        31.917285      
311             398.005000      12222.898128    381.712968      0.103891        32.021176      
312             398.038000      12263.795736    381.765183      0.102748        32.123924      
313             398.173000      12304.708012    381.817497      0.102750        32.226674      
314             398.245000      12345.649987    381.869736      0.102806        32.329480      
315             398.186000      12386.581915    381.921451      0.102796        32.432276      
316             398.167000      12427.535382    381.972809      0.102855        32.535131      
317             398.167000      12468.483673    382.023837      0.102842        32.637973      
318             398.087000      12509.446029    382.074320      0.102898        32.740871      
319             398.264000      12551.320701    382.126145      0.105143        32.846014      
320             398.297000      12592.289928    382.176628      0.102861        32.948875      
321             398.297000      12633.334434    382.226888      0.103050        33.051925      
322             398.297000      12674.363407    382.276817      0.103011        33.154936      
323             398.349000      12715.369851    382.326564      0.102941        33.257877      
324             398.349000      12756.343631    382.375965      0.102859        33.360736      
325             398.288000      12797.299586    382.424861      0.102830        33.463566      
326             398.253000      12838.229241    382.473324      0.102773        33.566339      
327             398.279000      12879.160374    382.521568      0.102770        33.669109      
328             398.440000      12920.114428    382.570017      0.102786        33.771895      
329             398.450000      12961.951678    382.619236      0.105000        33.876895      
330             398.469000      13002.900743    382.667171      0.102766        33.979661      
331             398.493000      13043.914440    382.714961      0.102922        34.082583      
332             398.461000      13084.835588    382.762265      0.102698        34.185281      
333             398.485000      13126.190759    382.809852      0.103781        34.289062      
334             398.324000      13167.234463    382.856334      0.103041        34.392103      
335             398.296000      13208.361313    382.902550      0.103257        34.495360      
336             398.263000      13249.277260    382.948162      0.102736        34.598096      
337             398.268000      13290.212042    382.993538      0.102782        34.700878      
338             398.211000      13331.119461    383.038455      0.102728        34.803606      
339             398.250000      13373.187405    383.084483      0.105632        34.909238      
340             398.338000      13414.121813    383.129254      0.102763        35.012001      
341             398.376000      13455.060923    383.173874      0.102765        35.114766      
342             398.435000      13496.009283    383.218410      0.102773        35.217539      
343             398.558000      13536.953147    383.263025      0.102730        35.320269      
344             398.624000      13577.923721    383.307595      0.102780        35.423049      
345             398.567000      13618.886843    383.351740      0.102776        35.525825      
346             398.633000      13659.854755    383.395819      0.102771        35.628596      
347             398.540000      13700.824667    383.439389      0.102800        35.731396      
348             398.265000      13741.757946    383.481912      0.102779        35.834175      
349             398.201000      13782.658763    383.523982      0.102714        35.936889      
350             398.136000      13823.618597    383.565693      0.102879        36.039768      
351             398.136000      13864.562505    383.607151      0.102839        36.142607      
352             398.241000      13905.485352    383.648639      0.102759        36.245366      
353             398.275000      13946.424836    383.690003      0.102792        36.348158      
354             398.137000      13987.338190    383.730731      0.102762        36.450920      
355             398.182000      14028.257363    383.771359      0.102765        36.553685      
356             398.182000      14069.167378    383.811750      0.102742        36.656427      
357             398.272000      14110.100978    383.852180      0.102778        36.759205      
358             398.672000      14151.979877    383.894410      0.105046        36.864251      
359             398.769000      14192.957379    383.935758      0.102760        36.967011      
360             398.786000      14233.952181    383.976939      0.102799        37.069810      
361             398.834000      14274.943941    384.018018      0.102779        37.172589      
362             398.801000      14315.944672    384.058791      0.102810        37.275399      
363             398.763000      14356.938705    384.099233      0.102803        37.378202      
364             398.698000      14397.944794    384.139292      0.102850        37.481052      
365             398.633000      14438.867660    384.178881      0.102658        37.583710      
366             398.595000      14479.763507    384.218129      0.102600        37.686310      
367             398.575000      14520.675238    384.257126      0.102645        37.788955      
368             398.452000      14567.131952    384.300788      0.116593        37.905548      
369             398.401000      14608.154108    384.338986      0.102967        38.008515      
370             398.401000      14649.101763    384.376909      0.102780        38.111295      
371             398.434000      14690.055598    384.414719      0.102787        38.214082      
372             398.546000      14731.023736    384.452630      0.102794        38.316876      
373             398.580000      14771.988194    384.490422      0.102776        38.419652      
374             398.639000      14812.953534    384.528165      0.102763        38.522415      
375             398.610000      14853.927453    384.565640      0.102792        38.625207      
376             398.671000      14894.907642    384.603079      0.102792        38.727999      
377             398.575000      14935.874775    384.640062      0.102784        38.830783      
378             398.604000      14976.843294    384.676925      0.102780        38.933563      
379             398.704000      15017.858373    384.713890      0.102871        39.036434      
380             398.727000      15058.859471    384.750706      0.102830        39.139264      
381             398.727000      15099.822689    384.787296      0.102735        39.241999      
382             398.703000      15140.812148    384.823657      0.102807        39.344806      
383             398.703000      15181.782470    384.859813      0.102759        39.447565      
384             398.697000      15222.763737    384.895774      0.102788        39.550353      
385             398.668000      15263.734847    384.931468      0.102770        39.653123      
386             398.741000      15304.705485    384.967159      0.102750        39.755873      
387             398.673000      15346.851999    385.003508      0.105717        39.861590      
388             398.812000      15387.840700    385.039020      0.102777        39.964367      
389             398.877000      15428.834884    385.074515      0.102774        40.067141      
390             398.910000      15469.833657    385.109914      0.102777        40.169918      
391             398.979000      15510.843512    385.145311      0.102787        40.272705      
392             399.013000      15551.848881    385.180609      0.102767        40.375472      
393             398.878000      15592.868697    385.215408      0.102838        40.478310      
394             398.814000      15633.879538    385.249867      0.102832        40.581142      
395             398.743000      15675.441318    385.284435      0.104232        40.685374      
396             398.666000      15716.727568    385.318410      0.103561        40.788935      
397             398.634000      15757.664091    385.351849      0.102692        40.891627      
398             398.605000      15798.650251    385.385092      0.102824        40.994451      
399             398.639000      15839.619179    385.418236      0.102772        41.097223      
400             398.609000      15880.577050    385.451133      0.102752        41.199975      
401             398.536000      15921.534197    385.483691      0.102769        41.302744      
402             398.606000      15962.494551    385.516257      0.102759        41.405503      
403             398.638000      16003.440653    385.548728      0.102715        41.508218      
404             398.638000      16044.404295    385.581052      0.102759        41.610977      
405             398.844000      16085.388308    385.613724      0.102757        41.713734      
406             398.882000      16126.391383    385.646341      0.102795        41.816529      
407             398.831000      16167.355714    385.678646      0.102711        41.919240      
408             398.889000      16208.422533    385.711011      0.102953        42.022193      
409             398.876000      16249.375132    385.743097      0.102670        42.124863      
410             398.876000      16290.340894    385.775038      0.102703        42.227566      
411             398.806000      16331.818313    385.807054      0.104004        42.331570      
412             398.884000      16373.184578    385.839012      0.103705        42.435275      
413             398.741000      16414.574692    385.870495      0.103802        42.539077      
414             398.774000      16455.547524    385.901586      0.102747        42.641824      
415             398.741000      16496.536105    385.932463      0.102795        42.744619      
416             398.806000      16538.460586    385.964046      0.105125        42.849744      
417             398.697000      16579.423114    385.994503      0.102741        42.952485      
418             398.735000      16620.433009    386.024938      0.102850        43.055335      
419             398.849000      16661.433490    386.055483      0.102797        43.158132      
420             398.914000      16702.462193    386.086053      0.102851        43.260983      
421             399.007000      16743.473729    386.116680      0.102784        43.363767      
422             399.043000      16784.555605    386.147296      0.102951        43.466718      
423             399.100000      16825.564327    386.177843      0.102753        43.569471      
424             399.004000      16866.557200    386.208016      0.102738        43.672209      
425             399.002000      16907.574207    386.238061      0.102799        43.775008      
426             398.937000      16949.495304    386.268472      0.105082        43.880090      
427             398.691000      16990.499478    386.297520      0.102847        43.982937      
428             398.832000      17031.543678    386.326779      0.102911        44.085848      
429             398.739000      17072.521686    386.355646      0.102769        44.188617      
430             398.739000      17113.494511    386.384376      0.102756        44.291373      
431             398.614000      17154.471631    386.412695      0.102799        44.394172      
432             398.672000      17195.417638    386.440991      0.102706        44.496878      
433             398.646000      17236.375724    386.469108      0.102743        44.599621      
434             398.675000      17277.934802    386.497570      0.104243        44.703864      
435             398.666000      17319.261715    386.525722      0.103663        44.807527      
436             398.865000      17360.248684    386.553955      0.102759        44.910286      
437             398.874000      17401.279257    386.582110      0.102866        45.013152      
438             399.009000      17442.284215    386.610416      0.102767        45.115919      
439             399.051000      17483.285508    386.638684      0.102747        45.218666      
440             398.971000      17524.280975    386.666644      0.102753        45.321419      
441             398.828000      17565.264939    386.694156      0.102761        45.424180      
442             398.832000      17606.238546    386.721546      0.102734        45.526914      
443             398.747000      17647.230136    386.748638      0.102801        45.629715      
444             398.747000      17688.201390    386.775596      0.102750        45.732465      
445             398.755000      17729.464558    386.802641      0.103480        45.835945      
446             398.822000      17770.452292    386.829530      0.102772        45.938717      
447             398.818000      17811.420472    386.856277      0.102724        46.041441      
448             398.748000      17852.385848    386.882753      0.102735        46.144176      
449             398.831000      17893.375704    386.909306      0.102775        46.246951      
450             398.831000      17934.421397    386.935777      0.102915        46.349866      
451             398.962000      17975.430302    386.962388      0.102789        46.452655      
452             399.063000      18016.445598    386.989102      0.102779        46.555434      
453             399.071000      18057.454932    387.015712      0.102762        46.658196      
454             399.114000      18098.481057    387.042307      0.102793        46.760989      
455             399.114000      18140.390023    387.069354      0.105005        46.865994      
456             398.978000      18181.403365    387.095417      0.102796        46.968790      
457             398.978000      18222.397557    387.121355      0.102748        47.071538      
458             399.066000      18263.420743    387.147383      0.102798        47.174336      
459             398.973000      18304.404048    387.173078      0.102722        47.277058      
460             398.973000      18345.402912    387.198670      0.102761        47.379819      
461             399.036000      18386.402265    387.224285      0.102746        47.482565      
462             399.007000      18427.408614    387.249732      0.102771        47.585336      
463             398.855000      18468.384184    387.274733      0.102733        47.688069      
464             398.855000      18509.378102    387.299637      0.102779        47.790848      
465             398.941000      18555.231982    387.327568      0.114939        47.905787      
466             398.973000      18596.288299    387.352530      0.102905        48.008692      
467             399.036000      18637.298824    387.377488      0.102774        48.111466      
468             399.100000      18678.301560    387.402467      0.102738        48.214204      
469             399.114000      18719.312918    387.427374      0.102756        48.316960      
470             399.178000      18760.328458    387.452309      0.102750        48.419710      
471             399.146000      18801.344302    387.477074      0.102759        48.522469      
472             399.114000      18842.401957    387.501693      0.102872        48.625341      
473             399.011000      18883.406323    387.525965      0.102765        48.728106      
474             399.011000      18924.421062    387.550142      0.102791        48.830897      
475             398.918000      18966.995985    387.574934      0.106726        48.937623      
476             399.041000      19008.015005    387.598968      0.102794        49.040417      
477             399.071000      19049.042697    387.622967      0.102808        49.143225      
478             398.979000      19090.039385    387.646662      0.102754        49.245979      
479             399.071000      19131.042733    387.670448      0.102747        49.348726      
480             398.980000      19172.051493    387.693955      0.102784        49.451510      
481             399.044000      19213.062043    387.717494      0.102772        49.554282      
482             398.999000      19254.070362    387.740844      0.102778        49.657060      
483             399.020000      19295.080042    387.764141      0.102776        49.759836      
484             399.046000      19336.077629    387.787386      0.102739        49.862575      
485             399.174000      19377.085572    387.810798      0.102732        49.965307      
486             399.166000      19418.107463    387.834105      0.102769        50.068076      
487             399.059000      19459.124343    387.857102      0.102784        50.170860      
488             399.076000      19500.125411    387.880029      0.102740        50.273600      
489             398.873000      19541.102831    387.902447      0.102733        50.376333      
490             398.767000      19582.125986    387.924588      0.102875        50.479208      
491             398.869000      19623.115759    387.946824      0.102765        50.581973      
492             398.773000      19664.106433    387.968780      0.102792        50.684765      
493             398.763000      19705.098871    387.990628      0.102799        50.787564      
494             398.731000      19746.056918    388.012308      0.102721        50.890285      
495             398.685000      19787.036952    388.033821      0.102788        50.993073      
496             398.769000      19828.028012    388.055418      0.102794        51.095867      
497             398.871000      19869.012407    388.077124      0.102751        51.198618      
498             398.936000      19910.001086    388.098871      0.102745        51.301363      
499             399.053000      19951.010566    388.120771      0.102767        51.404130      
500             399.136000      19992.015403    388.142742      0.102734        51.506864      
501             399.136000      20033.046584    388.164639      0.102800        51.609664      
502             399.053000      20074.057660    388.186278      0.102771        51.712435      
503             399.018000      20115.073917    388.207766      0.102793        51.815228      
504             399.066000      20156.057197    388.229245      0.102698        51.917926      
505             398.866000      20197.084155    388.250276      0.102859        52.020785      
506             398.867000      20238.070133    388.271206      0.102756        52.123541      
507             398.896000      20279.046325    388.292104      0.102724        52.226265      
508             398.905000      20320.027432    388.312940      0.102734        52.328999      
509             398.934000      20361.017501    388.333753      0.102749        52.431748      
510             398.998000      20402.015344    388.354612      0.102752        52.534500      
511             398.875000      20443.002542    388.375149      0.102757        52.637257      
512             398.805000      20483.966994    388.395463      0.102718        52.739975      
513             398.908000      20525.857121    388.416353      0.105012        52.844987      
514             398.816000      20566.844239    388.436539      0.102772        52.947759      
515             398.845000      20607.873823    388.456722      0.102871        53.050630      
516             399.177000      20648.887264    388.477444      0.102745        53.153375      
517             399.145000      20689.908992    388.498030      0.102774        53.256149      
518             399.213000      20730.918547    388.518659      0.102726        53.358875      
519             399.103000      20771.940349    388.539008      0.102785        53.461660      
520             399.033000      20812.936600    388.559136      0.102739        53.564399      
521             399.019000      20853.942985    388.579166      0.102768        53.667167      
522             398.592000      20894.901501    388.598301      0.102758        53.769925      
523             398.563000      20937.596766    388.618114      0.107123        53.877048      
524             398.597000      20978.549020    388.637107      0.102741        53.979789      
525             398.662000      21019.566157    388.656178      0.102887        54.082676      
526             398.716000      21060.532233    388.675253      0.102745        54.185421      
527             398.694000      21101.496446    388.694215      0.102746        54.288167      
528             398.792000      21142.483490    388.713296      0.102778        54.390945      
529             398.922000      21183.480704    388.732548      0.102770        54.493715      
530             398.862000      21224.465769    388.751613      0.102755        54.596470      
531             399.298000      21265.510010    388.771432      0.102791        54.699261      
532             399.405000      21306.566048    388.791377      0.102793        54.802054      
533             399.414000      21348.837629    388.811852      0.105834        54.907888      
534             399.314000      21389.896293    388.831482      0.102823        55.010711      
535             399.169000      21430.912504    388.850756      0.102754        55.113465      
536             399.173000      21471.949085    388.869974      0.102804        55.216269      
537             399.078000      21512.959139    388.888937      0.102762        55.319031      
538             399.161000      21553.972133    388.907980      0.102748        55.421779      
539             399.170000      21594.985254    388.926970      0.102746        55.524525      
540             399.106000      21635.996189    388.945773      0.102757        55.627282      
541             399.123000      21677.012863    388.964540      0.102767        55.730049      
542             399.045000      21718.059429    388.983111      0.102862        55.832911      
543             398.979000      21759.030982    389.001462      0.102691        55.935602      
544             399.078000      21800.045425    389.019943      0.102773        56.038375      
545             399.278000      21841.080024    389.038721      0.102772        56.141147      
546             399.372000      21882.126280    389.057603      0.102777        56.243924      
547             399.465000      21923.182094    389.076587      0.102777        56.346701      
548             399.554000      21964.220685    389.095651      0.102711        56.449412      
549             399.477000      22005.799849    389.114757      0.104084        56.553496      
550             399.477000      22046.844912    389.133549      0.102747        56.656243      
551             399.371000      22087.881481    389.152082      0.102753        56.758996      
552             399.283000      22129.840933    389.170805      0.105087        56.864083      
553             399.341000      22170.883604    389.189153      0.102776        56.966859      
554             399.184000      22211.904550    389.207150      0.102762        57.069621      
555             399.272000      22252.958895    389.225252      0.102823        57.172444      
556             399.206000      22293.992881    389.243163      0.102789        57.275233      
557             399.306000      22335.022371    389.261184      0.102752        57.377985      
558             399.173000      22376.032606    389.278900      0.102738        57.480723      
559             399.238000      22417.067086    389.296676      0.102782        57.583505      
560             399.336000      22458.099659    389.314558      0.102752        57.686257      
561             399.400000      22499.145997    389.332494      0.102770        57.789027      
562             399.503000      22546.091994    389.353133      0.117511        57.906538      
563             399.395000      22587.193334    389.370947      0.102909        58.009447      
564             399.541000      22628.236183    389.388925      0.102725        58.112172      
565             399.488000      22669.287570    389.406752      0.102760        58.214932      
566             399.438000      22710.347800    389.424433      0.102795        58.317727      
567             399.459000      22751.400201    389.442086      0.102770        58.420497      
568             399.308000      22792.430695    389.459408      0.102754        58.523251      
569             399.308000      22833.454002    389.476667      0.102736        58.625987      
570             399.277000      22874.483307    389.493815      0.102759        58.728746      
571             399.247000      22915.513522    389.510852      0.102769        58.831515      
572             399.247000      22957.599745    389.528266      0.105414        58.936929      
573             399.307000      22998.687637    389.545309      0.102898        59.039827      
574             399.276000      23039.732411    389.562222      0.102798        59.142625      
575             399.410000      23080.806537    389.579316      0.102837        59.245462      
576             399.492000      23121.850745    389.596476      0.102741        59.348203      
577             399.507000      23162.914072    389.613610      0.102785        59.450988      
578             399.639000      23203.994963    389.630915      0.102795        59.553783      
579             399.675000      23245.467639    389.648385      0.103766        59.657549      
580             399.746000      23286.536744    389.665745      0.102738        59.760287      
581             399.616000      23327.584100    389.682818      0.102717        59.863004      
582             399.649000      23368.673213    389.699905      0.102813        59.965817      
583             399.464000      23409.729723    389.716612      0.102779        60.068596      
584             399.514000      23450.774993    389.733340      0.102738        60.171334      
585             399.482000      23491.838946    389.749966      0.102793        60.274127      
586             399.515000      23532.901098    389.766589      0.102780        60.376907      
587             399.617000      23573.983723    389.783333      0.102805        60.479712      
588             399.647000      23615.032266    389.800056      0.102712        60.582424      
589             399.516000      23656.078140    389.816505      0.102739        60.685163      
590             399.510000      23697.357911    389.832982      0.103326        60.788489      
591             399.431000      23738.440188    389.849194      0.102852        60.891341      
592             399.645000      23779.491323    389.865691      0.102719        60.994060      
593             399.478000      23820.550071    389.881861      0.102781        61.096841      
594             399.524000      23861.609152    389.898053      0.102770        61.199611      
595             399.613000      23902.654203    389.914330      0.102712        61.302323      
596             399.583000      23943.734132    389.930518      0.102807        61.405130      
597             399.583000      23984.783294    389.946639      0.102730        61.507860      
598             399.583000      24025.873213    389.962723      0.102832        61.610692      
599             399.431000      24066.934720    389.978495      0.102800        61.713492      
600             399.342000      24107.959922    389.994056      0.102732        61.816224      
601             399.313000      24148.970964    390.009513      0.102704        61.918928      
602             399.284000      24190.060482    390.024902      0.102908        62.021836      
603             399.254000      24231.095808    390.040170      0.102780        62.124616      
604             399.559000      24272.143703    390.055885      0.102733        62.227349      
605             399.450000      24313.197177    390.071375      0.102775        62.330124      
606             399.516000      24354.253439    390.086921      0.102765        62.432889      
607             399.483000      24395.303513    390.102361      0.102758        62.535647      
608             399.651000      24436.388435    390.118032      0.102802        62.638449      
609             399.617000      24477.488244    390.133603      0.102848        62.741297      
610             399.587000      24519.432092    390.149392      0.104968        62.846265      
611             399.746000      24560.510791    390.165058      0.102762        62.949027      
612             399.779000      24601.639255    390.180745      0.102878        63.051905      
613             399.843000      24642.723523    390.196465      0.102751        63.154656      
614             399.773000      24683.809793    390.212024      0.102774        63.257430      
615             399.793000      24724.874931    390.227556      0.102716        63.360146      
616             399.676000      24765.941240    390.242854      0.102749        63.462895      
617             399.734000      24807.023502    390.258199      0.102774        63.565669      
618             399.638000      24848.086706    390.273337      0.102751        63.668420      
619             399.730000      24889.164160    390.288575      0.102763        63.771183      
620             399.671000      24931.420176    390.304105      0.105727        63.876910      
621             399.709000      24972.484280    390.319207      0.102735        63.979645      
622             399.612000      25013.572786    390.334117      0.102821        64.082466      
623             399.641000      25054.647488    390.349020      0.102779        64.185245      
624             399.779000      25095.715985    390.364089      0.102728        64.287973      
625             399.887000      25136.813172    390.379288      0.102772        64.390745      
626             399.979000      25177.909014    390.394581      0.102745        64.493490      
627             400.017000      25219.010761    390.409887      0.102750        64.596240      
628             400.044000      25260.148486    390.425200      0.102833        64.699073      
629             399.921000      25301.250767    390.440260      0.102776        64.801849      
630             399.768000      25343.565410    390.455471      0.105848        64.907697      
631             399.739000      25384.645787    390.470146      0.102768        65.010465      
632             399.785000      25425.699709    390.484837      0.102690        65.113155      
633             399.579000      25466.759648    390.499166      0.102758        65.215913      
634             399.579000      25507.824781    390.513452      0.102771        65.318684      
635             399.547000      25548.889023    390.527644      0.102777        65.421461      
636             399.710000      25589.970817    390.542047      0.102779        65.524240      
637             399.676000      25631.056311    390.556354      0.102797        65.627037      
638             399.542000      25672.114446    390.570403      0.102763        65.729800      
639             399.520000      25713.158334    390.584369      0.102733        65.832533      
640             399.490000      25754.193947    390.598243      0.102720        65.935253      
641             399.671000      25795.304106    390.612374      0.102860        66.038113      
642             399.577000      25836.374628    390.626305      0.102785        66.140898      
643             399.900000      25877.478749    390.640695      0.102786        66.243684      
644             399.937000      25918.566277    390.655090      0.102735        66.346419      
645             399.867000      25959.659809    390.669337      0.102768        66.449187      
646             399.797000      26000.758540    390.683436      0.102799        66.551986      
647             399.797000      26041.849276    390.697488      0.102779        66.654765      
648             399.764000      26082.943017    390.711449      0.102795        66.757560      
649             399.764000      26124.924233    390.725667      0.105015        66.862575      
650             399.662000      26166.592594    390.739580      0.104259        66.966834      
651             399.632000      26207.815434    390.753256      0.103152        67.069986      
652             399.732000      26248.890695    390.766992      0.102757        67.172743      
653             399.699000      26289.966562    390.780636      0.102767        67.275510      
654             399.765000      26331.054009    390.794340      0.102779        67.378289      
655             399.777000      26372.133094    390.808019      0.102755        67.481044      
656             399.836000      26413.212645    390.821743      0.102741        67.583785      
657             399.751000      26454.281863    390.835296      0.102737        67.686522      
658             399.924000      26495.382853    390.849075      0.102772        67.789294      
659             399.948000      26542.128775    390.864736      0.116880        67.906174      
660             399.980000      26583.292717    390.878530      0.102915        68.009089      
661             399.948000      26624.387374    390.892211      0.102750        68.111839      
662             399.919000      26665.501446    390.905816      0.102806        68.214645      
663             399.824000      26706.593358    390.919232      0.102775        68.317420      
664             399.752000      26747.678270    390.932500      0.102776        68.420196      
665             399.686000      26788.741610    390.945624      0.102739        68.522935      
666             399.686000      26829.823335    390.958715      0.102785        68.625720      
667             399.866000      26870.908367    390.972032      0.102747        68.728467      
668             399.676000      26911.987466    390.985029      0.102781        68.831248      
669             399.677000      26954.231726    390.998355      0.105696        68.936944      
670             399.668000      26995.349570    391.011274      0.102880        69.039824      
671             399.596000      27036.406461    391.024031      0.102746        69.142570      
672             399.647000      27077.474986    391.036828      0.102762        69.245332      
673             399.702000      27118.563152    391.049673      0.102797        69.348129      
674             399.889000      27159.646148    391.062748      0.102736        69.450865      
675             399.910000      27200.758896    391.075825      0.102805        69.553670      
676             399.995000      27241.859582    391.088982      0.102753        69.656423      
677             400.024000      27282.987650    391.102151      0.102814        69.759237      
678             399.828000      27325.254267    391.115354      0.105712        69.864949      
679             399.711000      27366.335764    391.127981      0.102778        69.967727      
680             399.730000      27407.426809    391.140600      0.102797        70.070524      
681             399.593000      27448.488187    391.152977      0.102758        70.173282      
682             399.563000      27489.889306    391.165377      0.103616        70.276898      
683             399.656000      27530.956358    391.177774      0.102756        70.379654      
684             399.706000      27572.025750    391.190206      0.102749        70.482403      
685             399.753000      27613.097173    391.202670      0.102742        70.585145      
686             399.655000      27654.139743    391.214949      0.102695        70.687840      
687             399.677000      27695.230935    391.227239      0.102811        70.790651      
688             399.650000      27736.290177    391.239445      0.102738        70.893389      
689             399.688000      27777.368111    391.251675      0.102775        70.996164      
690             399.908000      27818.469056    391.264188      0.102776        71.098940      
691             399.793000      27859.565377    391.276501      0.102794        71.201734      
692             399.960000      27900.680065    391.289020      0.102797        71.304531      
693             399.890000      27941.770363    391.301397      0.102754        71.407285      
694             399.932000      27982.866175    391.313799      0.102757        71.510042      
695             399.858000      28023.971577    391.326064      0.102800        71.612842      
696             399.858000      28065.090175    391.338298      0.102833        71.715675      
697             399.870000      28106.194812    391.350509      0.102795        71.818470      
698             399.815000      28147.292195    391.362607      0.102791        71.921261      
699             399.868000      28188.419819    391.374753      0.102853        72.024114      
700             399.785000      28229.509721    391.386737      0.102780        72.126894      
701             399.604000      28270.574227    391.398428      0.102763        72.229657      
702             399.668000      28311.646509    391.410177      0.102766        72.332423      
703             399.727000      28352.741242    391.421981      0.102807        72.435230      
704             399.667000      28393.812222    391.433662      0.102763        72.537993      
705             399.819000      28434.897623    391.445524      0.102760        72.640753      
706             399.950000      28475.996485    391.457538      0.102760        72.743513      
707             399.909000      28518.018123    391.469728      0.105078        72.848591      
708             399.909000      28559.099175    391.481612      0.102726        72.951317      
709             399.876000      28600.228820    391.493431      0.102856        73.054173      
710             399.735000      28641.315183    391.505010      0.102784        73.156957      
711             399.947000      28682.402938    391.516848      0.102733        73.259690      
712             399.877000      28723.498297    391.528560      0.102770        73.362460      
713             399.845000      28764.591967    391.540194      0.102774        73.465234      
714             399.918000      28805.694339    391.551898      0.102777        73.568011      
715             399.952000      28846.795007    391.563615      0.102764        73.670775      
716             399.952000      28887.894474    391.575300      0.102761        73.773536      
717             399.859000      28929.900862    391.587079      0.105053        73.878589      
718             399.786000      28970.988068    391.598469      0.102773        73.981362      
719             399.711000      29012.099144    391.609731      0.102852        74.084214      
720             399.947000      29053.212096    391.621284      0.102796        74.187010      
721             399.980000      29094.295242    391.632841      0.102713        74.289723      
722             400.103000      29135.402224    391.644538      0.102741        74.392464      
723             400.192000      29176.527955    391.656329      0.102765        74.495229      
724             400.109000      29217.635154    391.667971      0.102740        74.597969      
725             400.158000      29258.776198    391.679656      0.102812        74.700781      
726             400.039000      29299.906208    391.691146      0.102815        74.803596      
727             399.969000      29342.190930    391.702828      0.105720        74.909316      
728             399.848000      29383.273313    391.713985      0.102745        75.012061      
729             399.789000      29424.365625    391.725034      0.102785        75.114846      
730             399.840000      29465.459181    391.736122      0.102775        75.217621      
731             399.705000      29506.539263    391.746996      0.102776        75.320397      
732             399.737000      29547.870469    391.757949      0.103396        75.423793      
733             399.737000      29589.155307    391.768860      0.103280        75.527073      
734             399.737000      29630.411363    391.779734      0.103208        75.630281      
735             399.839000      29671.506016    391.790671      0.102778        75.733059      
736             399.941000      29712.593155    391.801712      0.102733        75.835792      
737             399.974000      29753.685283    391.812769      0.102737        75.938529      
738             400.006000      29794.801900    391.823844      0.102790        76.041319      
739             400.038000      29835.911405    391.834930      0.102764        76.144083      
740             399.882000      29876.997281    391.845773      0.102745        76.246828      
741             399.942000      29918.089722    391.856669      0.102746        76.349574      
742             399.876000      29959.174582    391.867446      0.102744        76.452318      
743             399.887000      30000.272968    391.878212      0.102775        76.555093      
744             399.857000      30041.366272    391.888909      0.102770        76.657863      
745             399.677000      30082.429487    391.899333      0.102741        76.760604      
746             399.747000      30124.412116    391.910055      0.105023        76.865627      
747             399.705000      30165.485802    391.920462      0.102760        76.968387      
748             399.710000      30206.553606    391.930846      0.102744        77.071131      
749             399.742000      30247.628695    391.941247      0.102754        77.173885      
750             399.742000      30288.697389    391.951618      0.102738        77.276623      
751             399.735000      30329.758168    391.961950      0.102720        77.379343      
752             399.943000      30370.857911    391.972535      0.102764        77.482107      
753             400.035000      30411.960707    391.983213      0.102748        77.584855      
754             400.205000      30453.078169    391.994086      0.102741        77.687596      
755             400.120000      30494.208504    392.004824      0.102795        77.790391      
756             400.116000      30540.315871    392.016821      0.115235        77.905626      
757             399.944000      30581.460110    392.027275      0.102875        78.008501      
758             399.847000      30622.551587    392.037564      0.102768        78.111269      
759             399.780000      30663.635778    392.047737      0.102767        78.214036      
760             399.856000      30704.701789    392.057976      0.102702        78.316738      
761             399.823000      30745.797196    392.068154      0.102784        78.419522      
762             399.926000      30786.901591    392.078439      0.102780        78.522302      
763             399.865000      30827.986520    392.088614      0.102747        78.625049      
764             400.028000      30869.188204    392.099001      0.102997        78.728046      
765             399.915000      30910.246677    392.109181      0.102668        78.830714      
766             400.021000      30952.748508    392.119830      0.106249        78.936963      
767             399.925000      30993.904790    392.129992      0.102910        79.039873      
768             399.963000      31034.997788    392.140161      0.102742        79.142615      
769             400.210000      31076.137375    392.150629      0.102795        79.245410      
770             400.243000      31117.274351    392.161111      0.102780        79.348190      
771             400.157000      31158.404488    392.171455      0.102785        79.450975      
772             400.141000      31199.548586    392.181756      0.102824        79.553799      
773             400.187000      31240.747438    392.192102      0.102949        79.656748      
774             400.002000      31281.867643    392.202168      0.102800        79.759548      
775             400.123000      31322.982282    392.212359      0.102755        79.862303      
776             399.941000      31364.066221    392.222288      0.102725        79.965028      
777             399.872000      31405.129877    392.232099      0.102692        80.067720      
778             399.872000      31446.231920    392.241894      0.102788        80.170508      
779             399.759000      31487.311155    392.251517      0.102760        80.273268      
780             399.824000      31528.396269    392.261198      0.102758        80.376026      
781             399.917000      31569.509337    392.270978      0.102804        80.478830      
782             400.069000      31610.598823    392.280917      0.102706        80.581536      
783             400.011000      31651.689153    392.290758      0.102723        80.684259      
784             400.114000      31692.815671    392.300712      0.102787        80.787046      
785             400.147000      31735.385710    392.311031      0.106386        80.893432      
786             400.250000      31776.525406    392.321106      0.102785        80.996217      
787             400.103000      31817.645592    392.330967      0.102774        81.098991      
788             400.103000      31858.780581    392.340808      0.102811        81.201802      
789             400.103000      31899.888764    392.350617      0.102744        81.304546      
790             400.103000      31941.008149    392.360404      0.102772        81.407318      
791             400.133000      31982.117014    392.370200      0.102738        81.510056      
792             400.018000      32023.247664    392.379836      0.102822        81.612878      
793             400.138000      32064.351440    392.389588      0.102724        81.715602      
794             400.167000      32105.483006    392.399359      0.102786        81.818388      
795             399.985000      32146.557465    392.408868      0.102690        81.921078      
796             399.927000      32187.692357    392.418295      0.102856        82.023934      
797             399.833000      32228.790791    392.427576      0.102789        82.126723      
798             399.920000      32269.882571    392.436938      0.102750        82.229473      
799             399.720000      32310.964194    392.446029      0.102776        82.332249      
800             399.785000      32352.041703    392.455177      0.102749        82.434998      
801             399.863000      32393.144820    392.464402      0.102793        82.537791      
802             399.887000      32434.231610    392.473631      0.102746        82.640537      
803             399.919000      32475.314089    392.482874      0.102727        82.743264      
804             400.078000      32517.337482    392.492504      0.105038        82.848302      
805             399.984000      32558.434638    392.501783      0.102747        82.951049      
806             399.947000      32599.544790    392.510997      0.102789        83.053838      
807             399.947000      32640.634145    392.520184      0.102737        83.156575      
808             399.947000      32681.923873    392.529393      0.103238        83.259813      
809             399.677000      32723.161747    392.538240      0.103178        83.362991      
810             399.705000      32764.250222    392.547066      0.102797        83.465788      
811             399.612000      32806.177513    392.555936      0.104920        83.570708      
812             399.769000      32847.243783    392.564792      0.102725        83.673433      
813             399.547000      32888.298836    392.573355      0.102754        83.776187      
814             399.769000      32930.284575    392.582365      0.105025        83.881212      
815             399.706000      32971.354366    392.591080      0.102750        83.983962      
816             399.617000      33012.432197    392.599669      0.102793        84.086755      
817             399.617000      33053.493643    392.608234      0.102752        84.189507      
818             399.706000      33094.567831    392.616887      0.102761        84.292268      
819             400.285000      33135.697115    392.626222      0.102750        84.395018      
820             400.344000      33176.856481    392.635613      0.102810        84.497828      
821             400.404000      33217.997992    392.645048      0.102750        84.600578      
822             400.340000      33259.110508    392.654377      0.102694        84.703272      
823             400.175000      33300.248098    392.663493      0.102799        84.806071      
824             400.247000      33342.306453    392.672878      0.105081        84.911152      
825             400.129000      33383.480928    392.681903      0.102903        85.014055      
826             400.065000      33424.580005    392.690814      0.102731        85.116786      
827             400.174000      33465.725096    392.699843      0.102818        85.219604      
828             400.077000      33506.852611    392.708731      0.102799        85.322403      
829             400.012000      33547.956644    392.717516      0.102757        85.425160      
830             400.133000      33589.073911    392.726426      0.102759        85.527919      
831             400.082000      33630.190338    392.735253      0.102770        85.630689      
832             400.184000      33671.315247    392.744182      0.102765        85.733454      
833             400.216000      33712.444245    392.753127      0.102767        85.836221      
834             400.378000      33754.761797    392.762505      0.105694        85.941915      
835             400.289000      33795.913908    392.771497      0.102806        86.044721      
836             400.384000      33837.060170    392.780578      0.102767        86.147488      
837             400.226000      33878.184993    392.789449      0.102754        86.250242      
838             400.138000      33919.303174    392.798193      0.102760        86.353002      
839             400.050000      33960.417512    392.806814      0.102773        86.455775      
840             399.915000      34001.497581    392.815249      0.102722        86.558497      
841             399.915000      34042.901581    392.823731      0.103532        86.662029      
842             400.010000      34084.515821    392.832348      0.104033        86.766062      
843             400.010000      34126.616474    392.841044      0.105249        86.871311      
844             399.877000      34167.713033    392.849358      0.102773        86.974084      
845             399.909000      34208.791685    392.857686      0.102720        87.076804      
846             399.823000      34249.875497    392.865895      0.102755        87.179559      
847             399.909000      34290.948151    392.874183      0.102705        87.282264      
848             399.793000      34332.047271    392.882322      0.102801        87.385065      
849             400.341000      34373.171900    392.891080      0.102724        87.487789      
850             400.398000      34414.321203    392.899888      0.102771        87.590560      
851             400.461000      34455.479784    392.908750      0.102778        87.693338      
852             400.411000      34496.613205    392.917528      0.102728        87.796066      
853             400.525000      34537.768350    392.926421      0.102753        87.898819      
854             400.313000      34579.934920    392.935262      0.105334        88.004153      
855             400.313000      34621.053870    392.943863      0.102717        88.106870      
856             400.132000      34662.174236    392.952238      0.102767        88.209637      
857             400.217000      34703.301735    392.960691      0.102763        88.312400      
858             400.132000      34744.418499    392.969026      0.102758        88.415158      
859             400.221000      34785.543608    392.977444      0.102756        88.517914      
860             400.255000      34826.676214    392.985883      0.102766        88.620680      
861             400.349000      34867.808070    392.994410      0.102740        88.723420      
862             400.218000      34908.942076    393.002768      0.102779        88.826199      
863             400.379000      34950.073811    393.011289      0.102732        88.928931      
864             400.256000      34991.245744    393.019659      0.102864        89.031795      
865             400.162000      35032.369593    393.027894      0.102768        89.134563      
866             400.193000      35073.984062    393.036243      0.103986        89.238549      
867             400.222000      35115.115677    393.044509      0.102772        89.341321      
868             400.482000      35156.266004    393.053053      0.102752        89.444073      
869             400.449000      35197.412539    393.061540      0.102751        89.546824      
870             400.467000      35238.569734    393.070029      0.102773        89.649597      
871             400.314000      35279.703999    393.078323      0.102755        89.752352      
872             400.373000      35321.742764    393.086847      0.104999        89.857351      
873             400.211000      35362.864444    393.094984      0.102750        89.960101      
874             400.220000      35404.062691    393.103127      0.102939        90.063040      
875             400.162000      35445.207347    393.111177      0.102820        90.165860      
876             400.216000      35486.339147    393.119266      0.102774        90.268634      
877             400.249000      35527.450723    393.127370      0.102715        90.371349      
878             400.196000      35568.570461    393.135397      0.102749        90.474098      
879             400.102000      35609.677341    393.143299      0.102741        90.576839      
880             400.114000      35650.807060    393.151202      0.102795        90.679634      
881             400.225000      35691.928578    393.159208      0.102746        90.782380      
882             400.407000      35734.326073    393.167651      0.105886        90.888266      
883             400.385000      35775.477643    393.175804      0.102780        90.991046      
884             400.319000      35816.626433    393.183864      0.102790        91.093836      
885             400.226000      35857.764063    393.191801      0.102786        91.196622      
886             400.197000      35898.869898    393.199682      0.102714        91.299336      
887             400.185000      35939.978902    393.207533      0.102725        91.402061      
888             400.196000      35981.105844    393.215381      0.102767        91.504828      
889             400.379000      36022.252794    393.223418      0.102770        91.607598      
890             400.283000      36063.385875    393.231328      0.102760        91.710358      
891             400.438000      36104.531280    393.239393      0.102751        91.813109      
892             400.250000      36145.638156    393.247227      0.102703        91.915812      
893             400.250000      36186.802267    393.255053      0.102846        92.018658      
894             400.250000      36227.931157    393.262856      0.102758        92.121416      
895             400.163000      36269.057509    393.270545      0.102774        92.224190      
896             373.277000      36307.260543    393.248382      0.102345        92.326535      
897             350.858000      36343.141388    393.201480      0.102266        92.428801      
898             318.693000      36375.711175    393.119188      0.102198        92.530999      
899             301.150000      36406.523337    393.017606      0.102315        92.633314      
900             276.089000      36434.780494    392.888558      0.102348        92.735662      
901             235.897000      36458.907568    392.715603      0.102278        92.837940      
902             225.819000      36482.003657    392.531940      0.102277        92.940217      
903             200.573000      36502.535313    392.320747      0.102365        93.042582      
904             152.958000      36518.185516    392.057814      0.102317        93.144899      
905             125.458000      36531.026017    391.765192      0.102349        93.247248      
906             125.090000      36543.825726    391.472879      0.102324        93.349572      
907             124.890000      36556.611465    391.180839      0.102376        93.451948      
