#timestep       power           acc-energy      avg-power       dt              acc-time       
1               126.834000      12.700269       126.834000      0.100133        0.100133       
2               126.715000      25.680954       126.773822      0.102440        0.202573       
3               126.894000      38.656753       126.814137      0.102257        0.304830       
4               126.894000      51.635218       126.834201      0.102278        0.407108       
5               126.596000      64.579532       126.786384      0.102249        0.509357       
6               126.596000      77.527391       126.754548      0.102277        0.611634       
7               126.626000      90.473127       126.736138      0.102236        0.713870       
8               126.567000      103.847209      126.714330      0.105668        0.819538       
9               126.507000      116.784447      126.691329      0.102265        0.921803       
10              126.419000      129.718501      126.664123      0.102311        1.024114       
11              123.469000      142.353084      126.373867      0.102330        1.126444       
12              129.252000      155.575305      126.613484      0.102298        1.228742       
13              174.418000      173.724196      130.345676      0.104054        1.332796       
14              211.069000      195.670306      136.187444      0.103976        1.436772       
15              265.518000      223.273026      144.913792      0.103958        1.540730       
16              294.188000      253.866225      154.352058      0.103992        1.644722       
17              335.786000      288.794013      165.144054      0.104018        1.748740       
18              377.446000      328.047265      177.060891      0.103997        1.852737       
19              448.852000      374.798791      191.527288      0.104158        1.956895       
20              494.533000      426.246543      206.822627      0.104033        2.060928       
21              540.476000      482.457668      222.851291      0.104003        2.164931       
22              544.412000      539.072161      237.589447      0.103992        2.268923       
23              581.684000      599.583003      252.674099      0.104027        2.372950       
24              581.753000      660.067862      266.487356      0.103970        2.476920       
25              582.357000      720.622508      279.213433      0.103982        2.580902       
26              582.876000      781.242777      290.976056      0.104002        2.684904       
27              583.006000      841.858494      301.863115      0.103971        2.788875       
28              583.137000      904.510733      312.297086      0.107440        2.896315       
29              583.471000      965.217390      321.700633      0.104044        3.000359       
30              584.045000      1025.943469     330.487463      0.103975        3.104334       
31              584.403000      1086.711446     338.716980      0.103983        3.208317       
32              584.595000      1147.502896     346.436258      0.103989        3.312306       
33              584.972000      1208.332379     353.696940      0.103987        3.416293       
34              585.243000      1269.191799     360.536866      0.103990        3.520283       
35              585.446000      1330.089306     366.991853      0.104019        3.624302       
36              586.118000      1391.043234     373.104090      0.103996        3.728298       
37              586.253000      1451.976025     378.885012      0.103936        3.832234       
38              586.491000      1512.975781     384.370621      0.104008        3.936242       
39              586.827000      1574.001682     389.581715      0.103993        4.040235       
40              587.038000      1635.049524     394.536576      0.103993        4.144228       
41              587.554000      1696.149265     399.261353      0.103990        4.248218       
42              587.993000      1757.305241     403.771597      0.104008        4.352226       
43              588.328000      1818.487823     408.078556      0.103994        4.456220       
44              588.128000      1879.642548     412.184054      0.103982        4.560202       
45              588.328000      1940.816894     416.110884      0.103980        4.664182       
46              588.497000      2002.028821     419.871335      0.104014        4.768196       
47              588.614000      2063.486597     423.487180      0.104411        4.872607       
48              589.071000      2124.821848     426.951487      0.104122        4.976729       
49              589.253000      2186.115356     430.274313      0.104019        5.080748       
50              589.398000      2247.396834     433.465337      0.103973        5.184721       
51              589.263000      2308.697864     436.529885      0.104030        5.288751       
52              589.347000      2370.003507     439.477624      0.104023        5.392774       
53              589.328000      2431.297155     442.312982      0.104006        5.496780       
54              589.700000      2492.610033     445.049091      0.103973        5.600753       
55              589.528000      2553.929788     447.683374      0.104015        5.704768       
56              589.523000      2622.924023     450.534735      0.117034        5.821802       
57              589.360000      2684.208033     452.970801      0.103984        5.925786       
58              589.327000      2745.535168     455.324034      0.104063        6.029849       
59              589.341000      2806.827811     457.596347      0.104002        6.133851       
60              589.704000      2868.185333     459.799899      0.104048        6.237899       
61              590.094000      2929.603497     461.938233      0.104082        6.341981       
62              590.587000      2990.994425     464.012862      0.103949        6.445930       
63              591.137000      3052.472081     466.031324      0.103999        6.549929       
64              591.529000      3114.009435     467.993411      0.104031        6.653960       
65              592.290000      3175.616479     469.906515      0.104015        6.757975       
66              593.241000      3239.347173     471.836420      0.107428        6.865403       
67              593.356000      3301.051451     473.649643      0.103992        6.969395       
68              593.935000      3362.823660     475.418280      0.104005        7.073400       
69              594.948000      3424.695277     477.150175      0.103995        7.177395       
70              594.971000      3486.559767     478.832672      0.103979        7.281374       
71              595.000000      3548.460592     480.469070      0.104035        7.385409       
72              595.275000      3610.350739     482.062828      0.103969        7.489378       
73              595.283000      3672.270290     483.613758      0.104017        7.593395       
74              595.212000      3734.160434     485.121283      0.103980        7.697375       
75              595.306000      3797.670059     486.627543      0.106684        7.804059       
76              595.153000      3859.558234     488.054601      0.103987        7.908046       
77              595.386000      3921.492072     489.448115      0.104023        8.012069       
78              595.483000      3983.395508     490.806275      0.103955        8.116024       
79              595.716000      4045.341632     492.133420      0.103986        8.220010       
80              595.954000      4107.335746     493.430860      0.104025        8.324035       
81              596.186000      4169.336706     494.698786      0.103996        8.428031       
82              596.153000      4231.334233     495.935401      0.103996        8.532027       
83              596.390000      4293.354022     497.145041      0.103992        8.636019       
84              596.434000      4355.377194     498.326397      0.103990        8.740009       
85              596.692000      4418.961290     499.511256      0.106561        8.846570       
86              596.962000      4481.156970     500.645584      0.104187        8.950757       
87              596.962000      4543.258330     501.752148      0.104029        9.054786       
88              596.954000      4605.375572     502.833772      0.104057        9.158843       
89              596.836000      4667.453678     503.889317      0.104012        9.262855       
90              596.684000      4729.521941     504.919830      0.104022        9.366877       
91              596.654000      4791.573360     505.927156      0.103999        9.470876       
92              596.561000      4853.608546     506.911487      0.103988        9.574864       
93              596.627000      4915.656560     507.875467      0.103998        9.678862       
94              596.660000      4977.702040     508.819213      0.103988        9.782850       
95              596.130000      5043.487370     509.793124      0.110354        9.893204       
96              595.754000      5105.837197     510.692957      0.104657        9.997861       
97              595.684000      5167.740082     511.567277      0.103919        10.101780      
98              595.851000      5229.738379     512.426562      0.104050        10.205830      
99              596.051000      5291.729471     513.270144      0.104003        10.309833      
100             596.180000      5353.726826     514.098071      0.103991        10.413824      
101             596.121000      5415.722813     514.909104      0.103999        10.517823      
102             596.155000      5477.716972     515.704520      0.103990        10.621813      
103             596.400000      5539.750921     516.487066      0.104014        10.725827      
104             597.124000      5601.829127     517.261151      0.103962        10.829789      
105             597.226000      5663.929283     518.021623      0.103981        10.933770      
106             597.283000      5726.030589     518.768247      0.103973        11.037743      
107             597.587000      5788.164100     519.503780      0.103974        11.141717      
108             597.722000      5850.333165     520.227209      0.104010        11.245727      
109             597.763000      5912.491550     520.937584      0.103985        11.349712      
110             597.923000      5974.670161     521.636554      0.103991        11.453703      
111             598.356000      6036.888415     522.326782      0.103982        11.557685      
112             598.187000      6099.090292     523.003207      0.103984        11.661669      
113             598.305000      6161.311618     523.668795      0.103996        11.765665      
114             598.280000      6223.484876     524.322028      0.103920        11.869585      
115             594.747000      6285.427181     524.934593      0.104149        11.973734      
116             594.032000      6347.210668     525.529622      0.104007        12.077741      
117             594.408000      6409.022561     526.117601      0.103989        12.181730      
118             594.000000      6470.823509     526.692463      0.104042        12.285772      
119             593.499000      6532.574706     527.253484      0.104046        12.389818      
120             593.806000      6594.343000     527.807586      0.104021        12.493839      
121             593.682000      6656.083553     528.351384      0.103996        12.597835      
122             593.336000      6717.780410     528.883378      0.103983        12.701818      
123             593.868000      6781.498290     529.427709      0.107293        12.809111      
124             597.313000      6843.606896     529.974341      0.103980        12.913091      
125             597.918000      6905.808305     530.517332      0.104030        13.017121      
126             598.094000      6968.396450     531.056256      0.104646        13.121767      
127             597.976000      7030.581170     531.582435      0.103992        13.225759      
128             597.976000      7092.772468     532.100458      0.104003        13.329762      
129             598.614000      7155.045684     532.615528      0.104029        13.433791      
130             598.890000      7217.351804     533.124836      0.104036        13.537827      
131             598.947000      7279.636901     533.626596      0.103991        13.641818      
132             569.309000      7338.863824     533.896652      0.104033        13.745851      
133             519.009000      7391.942875     533.786705      0.102270        13.848121      
134             484.333000      7441.509514     533.423914      0.102340        13.950461      
135             441.537000      7486.644309     532.755511      0.102222        14.052683      
136             378.805000      7525.380151     531.643343      0.102258        14.154941      
137             356.003000      7562.095452     530.372895      0.103132        14.258073      
138             284.819000      7591.223322     528.624169      0.102268        14.360341      
139             237.555000      7615.517597     526.565960      0.102268        14.462609      
140             227.505000      7638.780893     524.466375      0.102254        14.564863      
141             143.058000      7653.406571     521.807794      0.102236        14.667099      
142             128.409000      7666.540757     519.083347      0.102284        14.769383      
143             128.249000      7679.655756     516.395850      0.102262        14.871645      
144             127.505000      7692.698880     513.739128      0.102295        14.973940      
