#timestep       power           acc-energy      avg-power       dt              acc-time       
1               125.855000      12.604756       125.855000      0.100153        0.100153       
2               125.528000      25.963320       125.686541      0.106419        0.206572       
3               125.529000      38.797656       125.634382      0.102242        0.308814       
4               125.470000      51.625082       125.593497      0.102235        0.411049       
5               125.411000      64.448983       125.557142      0.102255        0.513304       
6               125.544000      77.283346       125.554959      0.102230        0.615534       
7               125.187000      90.083592       125.502543      0.102249        0.717783       
8               125.169000      102.881997      125.460954      0.102249        0.820032       
9               125.349000      115.699308      125.448542      0.102253        0.922285       
10              125.010000      128.479206      125.404782      0.102231        1.024516       
11              121.649000      140.923412      125.063819      0.102296        1.126812       
12              135.551000      154.783908      125.936308      0.102253        1.229065       
13              159.487000      171.192250      128.527824      0.102882        1.331947       
14              181.923000      189.908124      132.356297      0.102878        1.434825       
15              196.838000      210.162754      136.671222      0.102900        1.537725       
16              227.163000      233.545096      142.348520      0.102932        1.640657       
17              249.680000      259.242162      148.684091      0.102920        1.743577       
18              258.414000      285.835547      154.799653      0.102910        1.846487       
19              279.068000      314.587644      161.367049      0.103029        1.949516       
20              317.597000      347.261070      169.198136      0.102877        2.052393       
21              320.489000      380.237465      176.420804      0.102894        2.155287       
22              347.867000      416.031588      184.232893      0.102896        2.258183       
23              348.203000      451.848097      191.376398      0.102861        2.361044       
24              348.635000      487.703463      197.940517      0.102845        2.463889       
25              349.003000      523.615174      203.996348      0.102898        2.566787       
26              349.136000      559.530445      209.588968      0.102869        2.669656       
27              349.510000      595.476850      214.779438      0.102848        2.772504       
28              349.942000      631.450188      219.611779      0.102798        2.875302       
29              350.109000      667.520517      224.125925      0.103026        2.978328       
30              350.230000      703.557083      228.337031      0.102894        3.081222       
31              350.294000      739.596731      232.277673      0.102884        3.184106       
32              350.265000      775.642852      235.971658      0.102911        3.287017       
33              350.388000      811.720903      239.446895      0.102966        3.389983       
34              350.388000      847.779683      242.715548      0.102911        3.492894       
35              350.236000      883.812313      245.791884      0.102881        3.595775       
36              350.329000      919.876231      248.701369      0.102943        3.698718       
37              350.417000      956.865899      251.523719      0.105559        3.804277       
38              350.388000      992.927131      254.127867      0.102918        3.907195       
39              350.450000      1029.029088     256.602231      0.103016        4.010211       
40              350.569000      1065.088966     258.952181      0.102861        4.113072       
41              350.569000      1101.174085     261.188989      0.102933        4.216005       
42              350.811000      1137.247980     263.322859      0.102830        4.318835       
43              350.940000      1173.351635     265.361388      0.102877        4.421712       
44              350.956000      1209.529583     267.311406      0.103084        4.524796       
45              351.275000      1245.663837     269.177792      0.102866        4.627662       
46              351.307000      1281.830541     270.965112      0.102949        4.730611       
47              351.260000      1318.761315     272.710870      0.105138        4.835749       
48              351.290000      1354.905192     274.347946      0.102889        4.938638       
49              351.275000      1391.050687     275.918031      0.102898        5.041536       
50              351.231000      1427.190249     277.424370      0.102894        5.144430       
51              351.243000      1463.333154     278.871951      0.102900        5.247330       
52              351.243000      1499.469385     280.263598      0.102881        5.350211       
53              351.320000      1535.620213     281.604430      0.102900        5.453111       
54              351.308000      1571.775076     282.895558      0.102915        5.556026       
55              351.320000      1607.922391     284.139646      0.102890        5.658916       
56              351.341000      1644.091190     285.340308      0.102945        5.761861       
57              351.406000      1681.282244     286.531927      0.105835        5.867696       
58              351.470000      1717.455888     287.651324      0.102921        5.970617       
59              351.561000      1753.632218     288.734129      0.102902        6.073519       
60              351.703000      1789.816478     289.783029      0.102883        6.176402       
61              351.679000      1825.998972     290.797183      0.102885        6.279287       
62              351.708000      1862.177415     291.778920      0.102865        6.382152       
63              351.708000      1898.339328     292.729084      0.102818        6.484970       
64              351.638000      1934.531318     293.649430      0.102924        6.587894       
65              351.531000      1970.684875     294.539150      0.102846        6.690740       
66              351.591000      2007.650450     295.421791      0.105138        6.795878       
67              351.561000      2043.823616     296.259090      0.102893        6.898771       
68              351.590000      2079.981131     297.071793      0.102840        7.001611       
69              351.649000      2116.145418     297.861836      0.102842        7.104453       
70              351.615000      2152.331172     298.629371      0.102913        7.207366       
71              351.585000      2188.517355     299.374943      0.102923        7.310289       
72              351.678000      2224.704318     300.100931      0.102898        7.413187       
73              351.936000      2260.937889     300.810960      0.102955        7.516142       
74              352.098000      2297.143774     301.503152      0.102829        7.618971       
75              352.131000      2333.367490     302.177614      0.102870        7.721841       
76              352.072000      2372.347141     302.882883      0.110715        7.832556       
77              351.871000      2408.559242     303.518197      0.102913        7.935469       
78              351.871000      2444.773101     304.137273      0.102918        8.038387       
79              351.909000      2480.977499     304.740957      0.102880        8.141267       
80              351.909000      2517.197381     305.329823      0.102924        8.244191       
81              351.904000      2553.429065     305.904298      0.102959        8.347150       
82              351.867000      2589.634772     306.463985      0.102896        8.450046       
83              351.867000      2625.822182     307.009933      0.102844        8.552890       
84              351.900000      2662.021431     307.543421      0.102868        8.655758       
85              351.896000      2698.216398     308.064277      0.102857        8.758615       
86              351.977000      2734.414064     308.573903      0.102841        8.861456       
87              352.036000      2770.696303     309.073581      0.103064        8.964520       
88              352.398000      2806.970391     309.565406      0.102935        9.067455       
89              352.434000      2843.245013     310.046552      0.102926        9.170381       
90              352.431000      2879.499237     310.516727      0.102869        9.273250       
91              352.400000      2915.758026     310.976342      0.102891        9.376141       
92              352.402000      2952.038516     311.426264      0.102952        9.479093       
93              352.369000      2988.307857     311.866070      0.102930        9.582023       
94              352.303000      3024.551733     312.295608      0.102877        9.684900       
95              352.339000      3061.617444     312.725892      0.105199        9.790099       
96              352.307000      3097.869482     313.137583      0.102899        9.892998       
97              352.307000      3134.162740     313.541252      0.103016        9.996014       
98              352.351000      3170.431285     313.936818      0.102933        10.098947      
99              352.340000      3206.690947     314.324209      0.102911        10.201858      
100             352.317000      3242.944366     314.703593      0.102900        10.304758      
101             352.443000      3279.220267     315.076817      0.102927        10.407685      
102             352.534000      3315.485087     315.443419      0.102869        10.510554      
103             352.611000      3351.785684     315.803934      0.102948        10.613502      
104             352.657000      3388.047287     316.157542      0.102824        10.716326      
105             352.644000      3428.677166     316.545648      0.115215        10.831541      
106             352.611000      3464.942855     316.884879      0.102849        10.934390      
107             352.564000      3501.231209     317.217600      0.102927        11.037317      
108             352.593000      3537.499278     317.544233      0.102861        11.140178      
109             352.509000      3573.774922     317.864262      0.102907        11.243085      
110             352.470000      3610.062766     318.178272      0.102953        11.346038      
111             352.530000      3646.347268     318.487094      0.102926        11.448964      
112             352.441000      3682.600407     318.789435      0.102863        11.551827      
113             352.439000      3718.853692     319.086426      0.102864        11.654691      
114             352.470000      3755.117568     319.378549      0.102885        11.757576      
115             352.559000      3791.375793     319.666261      0.102843        11.860419      
116             352.559000      3827.697479     319.949516      0.103023        11.963442      
117             352.774000      3863.992632     320.229398      0.102885        12.066327      
118             352.840000      3900.296693     320.505121      0.102891        12.169218      
119             352.877000      3936.580564     320.776354      0.102823        12.272041      
120             352.746000      3972.886947     321.042251      0.102925        12.374966      
121             352.747000      4009.171561     321.303615      0.102863        12.477829      
122             352.746000      4045.454662     321.560686      0.102859        12.580688      
123             352.747000      4081.732222     321.813557      0.102843        12.683531      
124             352.780000      4118.866550     322.068435      0.105262        12.788793      
125             352.868000      4155.144203     322.314056      0.102808        12.891601      
126             352.779000      4191.420115     322.555134      0.102829        12.994430      
127             352.779000      4227.735185     322.792682      0.102940        13.097370      
128             352.681000      4264.018654     323.025623      0.102879        13.200249      
129             352.691000      4300.307384     323.255065      0.102891        13.303140      
130             352.691000      4336.602815     323.481026      0.102910        13.406050      
131             352.914000      4372.926488     323.705277      0.102925        13.508975      
132             352.962000      4409.245219     323.926439      0.102897        13.611872      
133             353.049000      4445.564782     324.144886      0.102874        13.714746      
134             353.017000      4482.736413     324.364867      0.105297        13.820043      
135             353.017000      4519.037504     324.576485      0.102831        13.922874      
136             352.967000      4555.390634     324.784959      0.102993        14.025867      
137             353.026000      4591.725835     324.990688      0.102925        14.128792      
138             352.996000      4628.044888     325.193153      0.102888        14.231680      
139             353.017000      4664.376338     325.392917      0.102917        14.334597      
140             352.952000      4700.695452     325.589340      0.102901        14.437498      
141             352.984000      4737.008681     325.783161      0.102875        14.540373      
142             353.016000      4773.310375     325.974406      0.102833        14.643206      
143             353.016000      4809.644194     326.163149      0.102924        14.746130      
144             353.084000      4846.792515     326.353864      0.105211        14.851341      
145             353.054000      4883.149310     326.537725      0.102978        14.954319      
146             353.177000      4919.474624     326.719694      0.102853        15.057172      
147             353.210000      4955.804038     326.899420      0.102855        15.160027      
148             353.200000      4992.151497     327.076750      0.102909        15.262936      
149             353.142000      5028.478155     327.251245      0.102867        15.365803      
150             353.171000      5064.808150     327.423613      0.102868        15.468671      
151             353.231000      5101.182465     327.594279      0.102976        15.571647      
152             353.113000      5137.531564     327.761867      0.102939        15.674586      
153             353.043000      5173.863572     327.926766      0.102911        15.777497      
154             353.081000      5211.861090     328.097179      0.107617        15.885114      
155             353.081000      5248.196303     328.257991      0.102909        15.988023      
156             353.048000      5284.515057     328.416478      0.102872        16.090895      
157             353.113000      5320.862037     328.573456      0.102933        16.193828      
158             353.081000      5357.185598     328.728165      0.102876        16.296704      
159             353.084000      5393.504878     328.880932      0.102863        16.399567      
160             353.202000      5429.850423     329.032589      0.102903        16.502470      
161             353.354000      5466.211610     329.183308      0.102903        16.605373      
162             353.378000      5502.583394     329.332351      0.102926        16.708299      
163             353.353000      5538.933170     329.479338      0.102871        16.811170      
164             353.353000      5575.312628     329.624656      0.102955        16.914125      
165             353.113000      5611.627475     329.766607      0.102842        17.016967      
166             353.146000      5647.979265     329.907181      0.102937        17.119904      
167             353.146000      5684.319754     330.046031      0.102905        17.222809      
168             353.143000      5720.671588     330.183258      0.102938        17.325747      
169             353.183000      5757.014826     330.319053      0.102902        17.428649      
170             353.270000      5793.356417     330.453725      0.102872        17.531521      
171             353.119000      5829.695893     330.585994      0.102910        17.634431      
172             353.118000      5866.020789     330.716670      0.102869        17.737300      
173             353.212000      5902.339813     330.846326      0.102825        17.840125      
174             353.241000      5938.735293     330.974921      0.103033        17.943158      
175             353.551000      5975.122054     331.103673      0.102918        18.046076      
176             353.620000      6011.516271     331.231359      0.102919        18.148995      
177             353.653000      6047.909641     331.357775      0.102907        18.251902      
178             353.620000      6084.307394     331.482616      0.102929        18.354831      
179             353.574000      6120.685915     331.605759      0.102888        18.457719      
180             353.448000      6157.064197     331.726880      0.102924        18.560643      
181             353.417000      6193.424092     331.846445      0.102881        18.663524      
182             353.446000      6229.799340     331.964898      0.102916        18.766440      
183             353.480000      6266.156172     332.082174      0.102854        18.869294      
184             353.480000      6302.563905     332.198340      0.102998        18.972292      
185             353.480000      6338.923211     332.313099      0.102861        19.075153      
186             352.381000      6375.554273     332.421870      0.103953        19.179106      
187             352.411000      6411.792344     332.528470      0.102829        19.281935      
188             352.351000      6448.014027     332.633592      0.102800        19.384735      
189             352.373000      6484.277437     332.737833      0.102912        19.487647      
190             352.508000      6520.551920     332.841681      0.102904        19.590551      
191             352.593000      6556.845728     332.944917      0.102934        19.693485      
192             352.541000      6593.935862     333.049048      0.105208        19.798693      
193             352.541000      6630.193999     333.149780      0.102848        19.901541      
194             352.541000      6666.490915     333.249581      0.102958        20.004499      
195             352.564000      6702.769398     333.348422      0.102899        20.107398      
196             353.714000      6739.166568     333.452113      0.102900        20.210298      
197             353.681000      6775.560697     333.554587      0.102901        20.313199      
198             353.649000      6811.945167     333.655849      0.102883        20.416082      
199             353.616000      6848.340387     333.755969      0.102923        20.519005      
200             353.686000      6884.744933     333.855444      0.102929        20.621934      
201             353.633000      6921.146146     333.953674      0.102935        20.724869      
202             353.756000      6959.703427     334.057271      0.108994        20.833863      
203             353.853000      6996.105701     334.154539      0.102874        20.936737      
204             353.816000      7032.521151     334.250719      0.102922        21.039659      
205             353.939000      7068.935457     334.346525      0.102883        21.142542      
206             354.032000      7105.337736     334.441798      0.102822        21.245364      
207             353.939000      7141.755935     334.535770      0.102894        21.348258      
208             353.909000      7178.237583     334.628866      0.103082        21.451340      
209             353.886000      7214.649267     334.720792      0.102891        21.554231      
210             353.849000      7251.037329     334.811619      0.102835        21.657066      
211             353.849000      7287.444853     334.901635      0.102890        21.759956      
212             353.779000      7323.841636     334.990467      0.102880        21.862836      
213             353.900000      7360.271748     335.079083      0.102939        21.965775      
214             353.777000      7396.663373     335.166238      0.102866        22.068641      
215             353.741000      7433.045635     335.252403      0.102850        22.171491      
216             353.807000      7469.475019     335.338172      0.102964        22.274455      
217             353.773000      7505.874015     335.422933      0.102888        22.377343      
218             353.806000      7542.260132     335.507031      0.102842        22.480185      
219             353.908000      7578.842894     335.591255      0.103368        22.583553      
220             353.989000      7615.285000     335.674740      0.102947        22.686500      
221             353.959000      7652.527504     335.759149      0.105217        22.791717      
222             354.044000      7688.947302     335.841305      0.102868        22.894585      
223             353.979000      7725.377405     335.922473      0.102916        22.997501      
224             353.914000      7761.797279     336.002620      0.102906        23.100407      
225             353.713000      7798.189394     336.081150      0.102886        23.203293      
226             353.713000      7834.581157     336.158986      0.102885        23.306178      
227             353.752000      7870.971271     336.236297      0.102869        23.409047      
228             353.752000      7907.364923     336.312939      0.102879        23.511926      
229             353.783000      7943.760703     336.389045      0.102876        23.614802      
230             353.816000      7980.407549     336.465147      0.103576        23.718378      
231             353.811000      8016.802671     336.540051      0.102866        23.821244      
232             353.904000      8053.187188     336.614669      0.102809        23.924053      
233             353.812000      8089.577813     336.688287      0.102853        24.026906      
234             353.842000      8125.979663     336.761421      0.102876        24.129782      
235             354.147000      8162.425993     336.835255      0.102913        24.232695      
236             354.147000      8198.863470     336.908447      0.102888        24.335583      
237             354.082000      8235.303465     336.980767      0.102914        24.438497      
238             354.053000      8271.715691     337.052311      0.102844        24.541341      
239             354.053000      8308.155180     337.123310      0.102921        24.644262      
240             353.930000      8344.575639     337.193195      0.102903        24.747165      
241             353.930000      8381.792440     337.264011      0.105153        24.852318      
242             353.947000      8418.247919     337.332866      0.102997        24.955315      
243             353.979000      8454.741030     337.401350      0.103094        25.058409      
244             353.960000      8491.149002     337.469042      0.102859        25.161268      
245             353.979000      8527.578043     337.536295      0.102913        25.264181      
246             354.052000      8564.018491     337.603305      0.102924        25.367105      
247             353.959000      8600.432377     337.669368      0.102876        25.469981      
248             354.114000      8636.878144     337.735551      0.102921        25.572902      
249             354.180000      8673.312286     337.801435      0.102869        25.675771      
250             354.176000      8709.761601     337.866805      0.102913        25.778684      
251             354.287000      8747.436126     337.934261      0.106339        25.885023      
252             354.274000      8783.907218     337.998988      0.102946        25.987969      
253             354.222000      8820.359495     338.062975      0.102908        26.090877      
254             354.157000      8856.796584     338.126189      0.102884        26.193761      
255             354.124000      8893.240193     338.188796      0.102912        26.296673      
256             354.124000      8929.683802     338.250916      0.102912        26.399585      
257             354.124000      8966.130598     338.312558      0.102921        26.502506      
258             354.124000      9002.562875     338.373699      0.102880        26.605386      
259             354.185000      9038.988323     338.434582      0.102843        26.708229      
260             354.054000      9075.421542     338.494531      0.102903        26.811132      
261             354.082000      9111.850915     338.554117      0.102884        26.914016      
262             354.116000      9148.284847     338.613380      0.102887        27.016903      
263             354.117000      9184.730923     338.672217      0.102921        27.119824      
264             354.239000      9221.171843     338.731042      0.102871        27.222695      
265             354.328000      9257.642116     338.789791      0.102928        27.325623      
266             354.205000      9294.085914     338.847616      0.102889        27.428512      
267             354.180000      9330.575309     338.904991      0.103025        27.531537      
268             354.235000      9367.015817     338.962058      0.102871        27.634408      
269             354.112000      9403.460670     339.018272      0.102919        27.737327      
270             354.083000      9439.888729     339.073942      0.102880        27.840207      
271             354.115000      9476.272275     339.129247      0.102745        27.942952      
272             354.177000      9512.732318     339.184480      0.102943        28.045895      
273             354.113000      9549.153194     339.239027      0.102851        28.148746      
274             354.213000      9585.575500     339.293527      0.102826        28.251572      
275             354.246000      9621.999074     339.347748      0.102820        28.354392      
276             354.172000      9658.835087     339.401926      0.104006        28.458398      
277             354.142000      9695.258237     339.455005      0.102849        28.561247      
278             354.277000      9731.699878     339.508194      0.102862        28.664109      
279             354.265000      9768.162249     339.560992      0.102924        28.767033      
280             354.282000      9804.590587     339.613422      0.102823        28.869856      
281             354.358000      9841.095839     339.665849      0.103018        28.972874      
282             354.346000      9877.570091     339.717819      0.102934        29.075808      
283             354.281000      9914.024897     339.769176      0.102898        29.178706      
284             354.268000      9950.482617     339.820132      0.102910        29.281616      
285             354.268000      9986.933606     339.870722      0.102891        29.384507      
286             354.184000      10023.359305    339.920643      0.102844        29.487351      
287             354.145000      10059.791618    339.970095      0.102874        29.590225      
288             354.357000      10096.215265    340.019898      0.102788        29.693013      
289             354.347000      10133.495050    340.070482      0.105207        29.798220      
290             354.412000      10169.959792    340.119831      0.102888        29.901108      
291             354.447000      10206.475985    340.169025      0.103023        30.004131      
292             354.476000      10242.957237    340.217931      0.102916        30.107047      
293             354.353000      10279.413073    340.266068      0.102880        30.209927      
294             354.476000      10315.862068    340.314270      0.102825        30.312752      
295             354.534000      10352.355671    340.362393      0.102934        30.415686      
296             354.579000      10388.838659    340.410323      0.102891        30.518577      
297             354.569000      10425.327000    340.457906      0.102909        30.621486      
298             354.480000      10461.793776    340.504856      0.102874        30.724360      
299             354.328000      10500.562928    340.553908      0.109416        30.833776      
300             354.383000      10537.008030    340.599880      0.102841        30.936617      
301             354.479000      10573.489591    340.645898      0.102916        31.039533      
302             354.453000      10609.963159    340.691519      0.102901        31.142434      
303             354.421000      10646.408979    340.736705      0.102832        31.245266      
304             354.389000      10682.855762    340.781494      0.102844        31.348110      
305             354.395000      10719.313084    340.826022      0.102872        31.450982      
306             354.389000      10755.767309    340.870237      0.102865        31.553847      
307             354.454000      10792.235308    340.914385      0.102885        31.656732      
308             354.551000      10829.029193    340.958942      0.103776        31.760508      
309             354.584000      10865.792462    341.003275      0.103680        31.864188      
310             354.603000      10902.249551    341.047014      0.102811        31.966999      
311             354.662000      10939.038995    341.091051      0.103731        32.070730      
312             354.510000      10975.516301    341.133966      0.102895        32.173625      
313             354.417000      11011.967735    341.176293      0.102849        32.276474      
314             354.412000      11048.438148    341.218357      0.102904        32.379378      
315             354.412000      11084.907497    341.260153      0.102901        32.482279      
316             354.353000      11121.359436    341.301486      0.102869        32.585148      
317             354.446000      11157.835119    341.342868      0.102909        32.688057      
318             354.476000      11195.125640    341.384998      0.105199        32.793256      
319             354.417000      11231.611807    341.425781      0.102947        32.896203      
320             354.314000      11268.081701    341.465982      0.102931        32.999134      
321             354.346000      11304.527250    341.506002      0.102853        33.101987      
322             354.327000      11341.009467    341.545758      0.102962        33.204949      
323             354.454000      11377.471087    341.585623      0.102867        33.307816      
324             354.543000      11413.965616    341.625543      0.102934        33.410750      
325             354.583000      11450.448661    341.665324      0.102890        33.513640      
326             354.573000      11486.917912    341.704816      0.102854        33.616494      
327             354.551000      11523.414328    341.744033      0.102937        33.719431      
328             354.481000      11563.486278    341.786590      0.113044        33.832475      
329             354.357000      11599.953157    341.824711      0.102910        33.935385      
330             354.384000      11636.420334    341.862679      0.102903        34.038288      
331             354.384000      11672.899560    341.900432      0.102937        34.141225      
332             354.217000      11709.313422    341.937406      0.102801        34.244026      
333             354.152000      11745.952217    341.974197      0.103455        34.347481      
334             354.240000      11782.374819    342.010805      0.102819        34.450300      
335             354.152000      11818.916223    342.047059      0.103180        34.553480      
336             354.185000      11855.348754    342.083086      0.102863        34.656343      
337             354.217000      11891.758366    342.118968      0.102789        34.759132      
338             354.240000      11929.262109    342.155775      0.105871        34.865003      
339             354.333000      11965.742817    342.191628      0.102956        34.967959      
340             354.515000      12002.208939    342.227772      0.102862        35.070821      
341             354.426000      12038.658109    342.263437      0.102840        35.173661      
342             354.552000      12075.154983    342.299295      0.102938        35.276599      
343             354.519000      12111.624707    342.334826      0.102871        35.379470      
344             354.602000      12148.124600    342.370412      0.102932        35.482402      
345             354.450000      12184.605303    342.405350      0.102922        35.585324      
346             354.551000      12221.093564    342.440374      0.102914        35.688238      
347             354.551000      12258.433812    342.476008      0.105317        35.793555      
348             354.551000      12294.933774    342.510637      0.102947        35.896502      
349             354.519000      12331.567994    342.545106      0.103335        35.999837      
350             354.551000      12368.044201    342.579319      0.102880        36.102717      
351             354.543000      12404.531994    342.613326      0.102915        36.205632      
352             354.543000      12441.032551    342.647152      0.102951        36.308583      
353             354.725000      12477.520274    342.681272      0.102862        36.411445      
354             354.859000      12514.043072    342.715597      0.102922        36.514367      
355             354.793000      12550.542756    342.749528      0.102876        36.617243      
356             354.823000      12587.043043    342.783351      0.102869        36.720112      
357             354.670000      12626.455038    342.819214      0.111123        36.831235      
358             354.514000      12662.963953    342.851822      0.102983        36.934218      
359             354.569000      12699.446976    342.884374      0.102894        37.037112      
360             354.535000      12735.901683    342.916630      0.102824        37.139936      
361             354.506000      12772.728829    342.948956      0.103883        37.243819      
362             354.557000      12809.555956    342.981239      0.103868        37.347687      
363             354.497000      12846.004628    343.012855      0.102818        37.450505      
364             354.397000      12882.495824    343.044069      0.102967        37.553472      
365             354.418000      12918.962956    343.075147      0.102893        37.656365      
366             354.511000      12955.433984    343.106305      0.102877        37.759242      
367             354.517000      12991.896057    343.137301      0.102850        37.862092      
368             354.449000      13028.421672    343.168004      0.103049        37.965141      
369             354.661000      13064.927638    343.199080      0.102932        38.068073      
370             354.724000      13101.418096    343.230140      0.102870        38.170943      
371             354.652000      13137.907886    343.260844      0.102889        38.273832      
372             354.485000      13174.380493    343.290937      0.102889        38.376721      
373             354.350000      13210.851258    343.320517      0.102923        38.479644      
374             354.297000      13247.277241    343.349766      0.102812        38.582456      
375             354.297000      13284.044767    343.379132      0.103776        38.686232      
376             354.247000      13321.298798    343.408595      0.105164        38.791396      
377             354.312000      13357.766715    343.437449      0.102926        38.894322      
378             354.274000      13394.270754    343.466081      0.103039        38.997361      
379             354.274000      13430.735114    343.494532      0.102927        39.100288      
380             354.274000      13467.199119    343.522833      0.102926        39.203214      
381             354.228000      13503.658745    343.550865      0.102927        39.306141      
382             354.228000      13540.119787    343.578752      0.102931        39.409072      
383             354.445000      13576.604938    343.607061      0.102936        39.512008      
384             354.382000      13613.058796    343.635040      0.102866        39.614874      
385             354.382000      13649.567939    343.662916      0.103022        39.717896      
386             354.415000      13686.022711    343.690689      0.102859        39.820755      
387             354.268000      13722.481140    343.717954      0.102912        39.923667      
388             354.361000      13758.930358    343.745304      0.102859        40.026526      
389             354.290000      13795.387862    343.772344      0.102903        40.129429      
390             354.323000      13831.827502    343.799314      0.102843        40.232272      
391             354.392000      13868.290186    343.826334      0.102888        40.335160      
392             354.359000      13904.755145    343.853137      0.102904        40.438064      
393             354.424000      13941.232463    343.879972      0.102920        40.540984      
394             354.090000      13977.682133    343.905831      0.102939        40.643923      
395             354.331000      14014.131454    343.932150      0.102868        40.746791      
396             354.397000      14051.656781    343.959274      0.105885        40.852676      
397             354.369000      14088.128438    343.985433      0.102920        40.955596      
398             354.601000      14124.630001    344.012047      0.102937        41.058533      
399             354.678000      14161.124240    344.038710      0.102894        41.161427      
400             354.589000      14197.605420    344.065015      0.102883        41.264310      
401             354.559000      14234.078904    344.091110      0.102870        41.367180      
402             354.536000      14270.568104    344.117033      0.102921        41.470101      
403             354.496000      14307.059567    344.142732      0.102939        41.573040      
404             354.638000      14343.535859    344.168634      0.102855        41.675895      
405             354.708000      14380.034957    344.194592      0.102899        41.778794      
406             354.834000      14419.192309    344.222621      0.110354        41.889148      
407             354.740000      14455.671287    344.248377      0.102833        41.991981      
408             354.600000      14492.157499    344.273679      0.102894        42.094875      
409             354.563000      14528.649123    344.298775      0.102920        42.197795      
410             354.526000      14565.139776    344.323660      0.102928        42.300723      
411             354.595000      14601.626183    344.348585      0.102896        42.403619      
412             354.638000      14638.123043    344.373496      0.102913        42.506532      
413             354.725000      14674.634887    344.398502      0.102930        42.609462      
414             354.758000      14711.154740    344.423470      0.102943        42.712405      
415             354.693000      14748.868892    344.448972      0.106329        42.818734      
416             354.586000      14785.399406    344.473303      0.103023        42.921757      
417             354.541000      14821.898338    344.497392      0.102947        43.024704      
418             354.570000      14858.386428    344.521427      0.102908        43.127612      
419             354.521000      14894.857775    344.545223      0.102875        43.230487      
420             354.452000      14931.336912    344.568751      0.102917        43.333404      
421             354.489000      14967.793979    344.592240      0.102844        43.436248      
422             354.596000      15004.293609    344.615890      0.102933        43.539181      
423             354.568000      15040.772274    344.639351      0.102882        43.642063      
424             354.584000      15077.271732    344.662752      0.102936        43.744999      
425             354.601000      15114.564056    344.686587      0.105167        43.850166      
426             354.555000      15151.091021    344.709718      0.103022        43.953188      
427             354.736000      15187.623153    344.733155      0.102984        44.056172      
428             354.806000      15224.114595    344.756615      0.102849        44.159021      
429             354.800000      15260.622451    344.779963      0.102897        44.261918      
430             354.737000      15297.112472    344.803050      0.102865        44.364783      
431             354.796000      15333.629496    344.826179      0.102924        44.467707      
432             354.885000      15370.137581    344.849396      0.102873        44.570580      
433             354.635000      15406.648318    344.871947      0.102953        44.673533      
434             354.631000      15443.145522    344.894378      0.102916        44.776449      
435             354.694000      15481.722041    344.918123      0.108760        44.885209      
436             354.619000      15518.229003    344.940322      0.102947        44.988156      
437             354.508000      15554.726666    344.962167      0.102953        45.091109      
438             354.517000      15591.203983    344.983920      0.102893        45.194002      
439             354.517000      15627.680592    345.005574      0.102891        45.296893      
440             354.479000      15664.175268    345.027057      0.102953        45.399846      
441             354.631000      15700.661479    345.048773      0.102885        45.502731      
442             354.695000      15737.168816    345.070543      0.102926        45.605657      
443             354.542000      15773.660052    345.091870      0.102925        45.708582      
444             354.690000      15810.122538    345.113409      0.102801        45.811383      
445             354.695000      15846.628812    345.134887      0.102923        45.914306      
446             354.528000      15883.126760    345.155901      0.102948        46.017254      
447             354.547000      15919.611774    345.176855      0.102906        46.120160      
448             354.483000      15956.087011    345.197571      0.102897        46.223057      
449             354.425000      15992.548129    345.218062      0.102874        46.325931      
450             354.454000      16029.024990    345.238534      0.102910        46.428841      
451             354.457000      16065.491880    345.258916      0.102881        46.531722      
452             354.457000      16101.965860    345.279212      0.102901        46.634623      
453             354.457000      16138.444802    345.299421      0.102915        46.737538      
454             354.547000      16174.906770    345.319724      0.102841        46.840379      
455             354.483000      16211.374563    345.339806      0.102876        46.943255      
456             354.483000      16247.864335    345.359811      0.102938        47.046193      
457             354.829000      16284.351046    345.380463      0.102829        47.149022      
458             355.001000      16320.876034    345.401411      0.102887        47.251909      
459             355.066000      16357.409485    345.422410      0.102892        47.354801      
460             355.034000      16393.949584    345.443254      0.102920        47.457721      
461             355.071000      16430.478933    345.464080      0.102879        47.560600      
462             354.867000      16466.970971    345.484367      0.102833        47.663433      
463             354.867000      16503.488560    345.504580      0.102905        47.766338      
464             354.885000      16539.968964    345.524724      0.102795        47.869133      
465             354.899000      16576.527465    345.544853      0.103011        47.972144      
466             354.824000      16613.039919    345.564715      0.102903        48.075047      
467             354.861000      16649.527436    345.584555      0.102822        48.177869      
468             354.978000      16686.053253    345.604575      0.102896        48.280765      
469             354.737000      16722.575200    345.624007      0.102955        48.383720      
470             354.805000      16759.105214    345.643503      0.102958        48.486678      
471             354.842000      16795.611004    345.662979      0.102879        48.589557      
472             354.838000      16832.133060    345.682373      0.102926        48.692483      
473             354.906000      16869.444328    345.702244      0.105130        48.797613      
474             354.991000      16905.959412    345.721783      0.102862        48.900475      
475             355.031000      16942.528315    345.741350      0.103002        49.003477      
476             354.879000      16979.045364    345.760498      0.102900        49.106377      
477             355.006000      17015.559861    345.779823      0.102856        49.209233      
478             354.855000      17052.066634    345.798756      0.102878        49.312111      
479             354.822000      17088.589527    345.817552      0.102933        49.415044      
480             354.912000      17125.103228    345.836447      0.102881        49.517925      
481             354.878000      17161.629756    345.855201      0.102927        49.620852      
482             354.849000      17198.146912    345.873815      0.102909        49.723761      
483             354.873000      17236.892656    345.893532      0.109182        49.832943      
484             354.854000      17273.407842    345.911997      0.102902        49.935845      
485             354.789000      17309.906760    345.930247      0.102875        50.038720      
486             354.883000      17346.421382    345.948618      0.102892        50.141612      
487             355.005000      17382.954237    345.967167      0.102908        50.244520      
488             354.994000      17419.495189    345.985622      0.102934        50.347454      
489             354.946000      17456.028361    346.003902      0.102926        50.450380      
490             354.957000      17492.549532    346.022124      0.102889        50.553269      
491             354.912000      17529.063943    346.040180      0.102883        50.656152      
492             354.730000      17565.566369    346.057796      0.102902        50.759054      
493             354.827000      17602.029456    346.075514      0.102763        50.861817      
494             354.917000      17638.585553    346.093382      0.102999        50.964816      
495             354.827000      17675.113928    346.110988      0.102947        51.067763      
496             354.762000      17711.616809    346.128384      0.102894        51.170657      
497             354.729000      17748.085433    346.145629      0.102807        51.273464      
498             354.729000      17784.591304    346.162822      0.102912        51.376376      
499             354.594000      17821.099593    346.179684      0.102958        51.479334      
500             354.704000      17857.595442    346.196688      0.102891        51.582225      
501             354.704000      17894.098031    346.213627      0.102910        51.685135      
502             354.831000      17931.424123    346.231130      0.105194        51.790329      
503             354.863000      17967.922847    346.248238      0.102853        51.893182      
504             354.892000      18004.441589    346.265344      0.102901        51.996083      
505             354.819000      18040.959206    346.282242      0.102919        52.099002      
506             354.874000      18077.468288    346.299174      0.102879        52.201881      
507             354.929000      18113.980899    346.316147      0.102873        52.304754      
508             354.874000      18150.509144    346.332956      0.102933        52.407687      
509             354.588000      18187.004051    346.349136      0.102922        52.510609      
510             354.731000      18223.498421    346.365526      0.102879        52.613488      
511             354.675000      18259.998380    346.381747      0.102911        52.716399      
512             354.696000      18300.735216    346.399821      0.114850        52.831249      
513             354.631000      18337.221781    346.415820      0.102886        52.934135      
514             354.631000      18373.716502    346.431760      0.102909        53.037044      
515             354.641000      18410.200195    346.447653      0.102875        53.139919      
516             354.766000      18446.711648    346.463732      0.102917        53.242836      
517             354.764000      18483.212961    346.479741      0.102889        53.345725      
518             355.031000      18519.730739    346.496197      0.102858        53.448583      
519             355.068000      18556.245222    346.512658      0.102838        53.551421      
520             355.072000      18592.781421    346.529073      0.102898        53.654319      
521             355.001000      18629.307829    346.545288      0.102891        53.757210      
522             354.982000      18667.416567    346.562103      0.107354        53.864564      
523             354.982000      18704.012016    346.578187      0.103091        53.967655      
524             354.863000      18740.549420    346.593963      0.102962        54.070617      
525             354.912000      18777.051410    346.609755      0.102848        54.173465      
526             355.024000      18813.583379    346.625707      0.102900        54.276365      
527             354.964000      18850.111305    346.641486      0.102906        54.379271      
528             354.875000      18886.629007    346.657037      0.102903        54.482174      
529             355.001000      18923.161095    346.672768      0.102907        54.585081      
530             355.022000      18959.699959    346.688480      0.102920        54.688001      
531             355.060000      18997.284125    346.704653      0.105853        54.793854      
532             355.065000      19033.812147    346.720320      0.102877        54.896731      
533             355.163000      19070.371916    346.736122      0.102938        54.999669      
534             355.129000      19106.898354    346.751788      0.102854        55.102523      
535             355.228000      19143.445276    346.767584      0.102883        55.205406      
536             355.195000      19179.990580    346.783261      0.102888        55.308294      
537             355.217000      19216.520385    346.798914      0.102838        55.411132      
538             355.129000      19253.061384    346.814353      0.102895        55.514027      
539             354.995000      19289.596759    346.829492      0.102918        55.616945      
540             354.918000      19326.125630    346.844432      0.102922        55.719867      
541             354.963000      19362.631444    346.859389      0.102844        55.822711      
542             355.040000      19399.138077    346.874430      0.102824        55.925535      
543             354.962000      19435.672541    346.889287      0.102925        56.028460      
544             354.930000      19472.206906    346.904032      0.102934        56.131394      
545             354.976000      19508.755590    346.918811      0.102961        56.234355      
546             354.995000      19545.294870    346.933567      0.102929        56.337284      
547             355.027000      19581.844545    346.948329      0.102949        56.440233      
548             355.060000      19618.374538    346.963089      0.102884        56.543117      
549             355.187000      19654.908007    346.978022      0.102857        56.645974      
550             355.157000      19691.455438    346.992853      0.102905        56.748879      
551             355.124000      19727.975325    347.007561      0.102837        56.851716      
552             355.124000      19764.565171    347.022244      0.103034        56.954750      
553             355.123000      19801.094188    347.036848      0.102863        57.057613      
554             354.971000      19837.612540    347.051128      0.102877        57.160490      
555             354.990000      19874.148466    347.065397      0.102921        57.263411      
556             354.924000      19910.677954    347.079496      0.102922        57.366333      
557             354.819000      19947.182797    347.093352      0.102883        57.469216      
558             354.859000      19983.707014    347.107235      0.102926        57.572142      
559             354.976000      20020.223395    347.121270      0.102870        57.675012      
560             354.824000      20056.737269    347.134989      0.102907        57.777919      
561             354.795000      20093.220839    347.148598      0.102830        57.880749      
562             354.883000      20129.789047    347.162342      0.103043        57.983792      
563             354.860000      20166.320465    347.175985      0.102946        58.086738      
564             354.930000      20202.837083    347.189694      0.102884        58.189622      
565             354.976000      20239.363049    347.203439      0.102897        58.292519      
566             355.128000      20275.906785    347.217403      0.102903        58.395422      
567             355.129000      20312.462344    347.231325      0.102936        58.498358      
568             354.994000      20348.965312    347.244946      0.102827        58.601185      
569             354.924000      20385.486637    347.258406      0.102899        58.704084      
570             354.858000      20422.810956    347.271998      0.105181        58.809265      
571             354.641000      20459.296067    347.284867      0.102879        58.912144      
572             354.823000      20495.821192    347.298015      0.102939        59.015083      
573             354.756000      20532.325939    347.310997      0.102901        59.117984      
574             354.724000      20568.838745    347.323881      0.102933        59.220917      
575             354.692000      20605.351094    347.336667      0.102941        59.323858      
576             354.671000      20641.854188    347.349369      0.102921        59.426779      
577             354.827000      20678.369435    347.362296      0.102910        59.529689      
578             354.917000      20715.039459    347.375385      0.103320        59.633009      
579             354.995000      20751.851021    347.388612      0.103696        59.736705      
580             355.194000      20790.124240    347.402666      0.107753        59.844458      
581             355.216000      20826.734577    347.416099      0.103065        59.947523      
582             355.281000      20863.285886    347.429573      0.102880        60.050403      
583             355.124000      20899.812875    347.442730      0.102857        60.153260      
584             355.094000      20936.352403    347.455796      0.102901        60.256161      
585             355.021000      20972.897200    347.468698      0.102937        60.359098      
586             355.021000      21009.432056    347.481552      0.102909        60.462007      
587             354.941000      21045.941642    347.494221      0.102861        60.564868      
588             354.989000      21082.455100    347.506928      0.102858        60.667726      
589             355.030000      21118.999403    347.519671      0.102933        60.770659      
590             354.957000      21155.501052    347.532235      0.102834        60.873493      
591             354.994000      21192.076438    347.544843      0.103031        60.976524      
592             354.994000      21228.624491    347.557399      0.102954        61.079478      
593             354.946000      21265.137431    347.569822      0.102869        61.182347      
594             355.097000      21301.657382    347.582453      0.102845        61.285192      
595             355.192000      21338.216939    347.595212      0.102929        61.388121      
596             355.133000      21374.770779    347.607830      0.102930        61.491051      
597             355.104000      21411.312756    347.620353      0.102905        61.593956      
598             355.163000      21447.878207    347.632940      0.102954        61.696910      
599             355.200000      21486.261475    347.646170      0.108061        61.804971      
600             355.040000      21522.894147    347.658493      0.103179        61.908150      
601             355.129000      21559.437986    347.670890      0.102903        62.011053      
602             355.159000      21595.963958    347.683288      0.102844        62.113897      
603             355.036000      21632.478701    347.695443      0.102848        62.216745      
604             355.028000      21669.002917    347.707547      0.102877        62.319622      
605             355.007000      21705.524972    347.719577      0.102877        62.422499      
606             355.028000      21742.053093    347.731604      0.102888        62.525387      
607             355.036000      21778.571030    347.743600      0.102857        62.628244      
608             355.029000      21815.092864    347.755547      0.102870        62.731114      
609             355.132000      21851.617124    347.767621      0.102847        62.833961      
610             355.132000      21888.160562    347.779662      0.102901        62.936862      
611             355.132000      21924.714654    347.791666      0.102931        63.039793      
612             355.132000      21961.248504    347.803625      0.102874        63.142667      
613             355.041000      21997.781157    347.815400      0.102897        63.245564      
614             355.100000      22034.340123    347.827239      0.102954        63.348518      
615             355.028000      22070.867534    347.838915      0.102886        63.451404      
616             354.990000      22107.387485    347.850491      0.102876        63.554280      
617             354.990000      22143.911341    347.862030      0.102887        63.657167      
618             355.124000      22180.443302    347.873747      0.102871        63.760038      
619             355.022000      22216.946309    347.885255      0.102819        63.862857      
620             354.887000      22253.502864    347.896531      0.103009        63.965866      
621             354.919000      22290.020835    347.907808      0.102891        64.068757      
622             354.878000      22326.549847    347.918989      0.102934        64.171691      
623             354.882000      22363.066850    347.930136      0.102899        64.274590      
624             354.952000      22399.602769    347.941363      0.102932        64.377522      
625             355.061000      22436.149908    347.952729      0.102932        64.480454      
626             355.125000      22472.711802    347.964162      0.102955        64.583409      
627             355.153000      22509.258822    347.975598      0.102905        64.686314      
628             355.157000      22546.603225    347.987253      0.105149        64.791463      
629             355.065000      22583.139769    347.998476      0.102901        64.894364      
630             354.942000      22619.698440    348.009479      0.102999        64.997363      
631             354.957000      22657.199292    348.020754      0.105649        65.103012      
632             354.990000      22693.692264    348.031741      0.102800        65.205812      
633             355.028000      22730.202278    348.042757      0.102837        65.308649      
634             355.099000      22766.704680    348.053846      0.102795        65.411444      
635             354.941000      22803.218525    348.064661      0.102873        65.514317      
636             355.000000      22839.725305    348.075530      0.102836        65.617153      
637             355.065000      22876.238415    348.086467      0.102835        65.719988      
638             354.990000      22916.586578    348.098385      0.113660        65.833648      
639             354.942000      22953.099107    348.109062      0.102869        65.936517      
640             355.247000      22989.638037    348.120180      0.102855        66.039372      
641             355.247000      23026.197571    348.131268      0.102913        66.142285      
642             355.292000      23062.751789    348.142390      0.102885        66.245170      
643             355.305000      23099.302725    348.153495      0.102872        66.348042      
644             355.157000      23135.845894    348.164340      0.102893        66.450935      
645             355.031000      23172.387460    348.174959      0.102925        66.553860      
646             355.125000      23208.945448    348.185692      0.102944        66.656804      
647             355.188000      23245.503173    348.196488      0.102925        66.759729      
648             355.092000      23283.134402    348.207417      0.105976        66.865705      
649             355.060000      23319.662975    348.217944      0.102880        66.968585      
650             355.158000      23356.213350    348.228593      0.102913        67.071498      
651             355.099000      23392.750552    348.239116      0.102893        67.174391      
652             355.010000      23429.299541    348.249477      0.102952        67.277343      
653             355.097000      23465.842574    348.259936      0.102910        67.380253      
654             355.222000      23502.405929    348.270555      0.102931        67.483184      
655             355.265000      23538.955948    348.281202      0.102881        67.586065      
656             355.222000      23575.506515    348.291753      0.102895        67.688960      
657             355.298000      23612.882799    348.302624      0.105197        67.794157      
658             355.252000      23649.422954    348.313152      0.102857        67.897014      
659             355.159000      23685.981246    348.323515      0.102935        67.999949      
660             355.248000      23722.535555    348.333977      0.102898        68.102847      
661             355.191000      23759.092523    348.344324      0.102922        68.205769      
662             355.159000      23795.654366    348.354594      0.102945        68.308714      
663             355.159000      23832.211947    348.364832      0.102933        68.411647      
664             355.127000      23868.756291    348.374989      0.102905        68.514552      
665             355.126000      23905.305504    348.385115      0.102919        68.617471      
666             355.126000      23941.847259    348.395208      0.102898        68.720369      
667             355.154000      23981.609946    348.406202      0.111959        68.832328      
668             355.228000      24018.162907    348.416385      0.102900        68.935228      
669             355.228000      24054.716579    348.426537      0.102902        69.038130      
670             355.292000      24091.285718    348.436758      0.102927        69.141057      
671             355.325000      24127.861808    348.446998      0.102937        69.243994      
672             355.325000      24164.411248    348.457200      0.102862        69.346856      
673             355.325000      24200.953582    348.467370      0.102842        69.449698      
674             355.260000      24237.511257    348.477419      0.102904        69.552602      
675             355.124000      24274.068076    348.487242      0.102941        69.655543      
676             355.087000      24310.600492    348.496976      0.102883        69.758426      
677             355.087000      24347.129002    348.506680      0.102872        69.861298      
678             355.087000      24383.706514    348.516368      0.103010        69.964308      
679             355.153000      24420.253178    348.526115      0.102904        70.067212      
680             355.124000      24456.775196    348.535785      0.102843        70.170055      
681             355.064000      24493.322643    348.545347      0.102932        70.272987      
682             355.035000      24529.856455    348.554836      0.102902        70.375889      
683             355.099000      24566.418158    348.564396      0.102962        70.478851      
684             355.092000      24602.945762    348.573910      0.102868        70.581719      
685             355.060000      24639.482856    348.583353      0.102904        70.684623      
686             355.131000      24676.833759    348.593081      0.105175        70.789798      
687             355.201000      24713.383942    348.602672      0.102900        70.892698      
688             355.134000      24749.957417    348.612146      0.102985        70.995683      
689             355.196000      24786.512058    348.621676      0.102914        71.098597      
690             355.252000      24823.057897    348.631256      0.102873        71.201470      
691             355.041000      24859.598362    348.640507      0.102919        71.304389      
692             355.098000      24896.159962    348.649818      0.102962        71.407351      
693             355.194000      24932.712977    348.659236      0.102910        71.510261      
694             355.129000      24969.269956    348.668536      0.102940        71.613201      
695             355.265000      25005.827435    348.678001      0.102902        71.716103      
696             355.345000      25047.332797    348.688842      0.116803        71.832906      
697             355.265000      25083.895605    348.698250      0.102917        71.935823      
698             355.265000      25120.470492    348.707635      0.102951        72.038774      
699             355.374000      25157.033857    348.717142      0.102887        72.141661      
700             355.428000      25193.619127    348.726704      0.102933        72.244594      
701             355.370000      25230.187411    348.736153      0.102902        72.347496      
702             355.582000      25266.777510    348.745876      0.102902        72.450398      
703             355.517000      25303.348833    348.755476      0.102868        72.553266      
704             355.455000      25339.900626    348.764958      0.102831        72.656097      
705             355.320000      25376.474779    348.774232      0.102933        72.759030      
706             355.320000      25413.008071    348.783469      0.102818        72.861848      
707             355.288000      25449.605577    348.792651      0.103008        72.964856      
708             355.272000      25486.157737    348.801775      0.102885        73.067741      
709             355.336000      25522.738157    348.810968      0.102946        73.170687      
710             355.191000      25559.537365    348.819989      0.103604        73.274291      
711             355.126000      25596.294682    348.828884      0.103505        73.377796      
712             355.061000      25632.850697    348.837616      0.102957        73.480753      
713             355.131000      25669.386575    348.846415      0.102880        73.583633      
714             355.169000      25705.947316    348.855248      0.102939        73.686572      
715             355.239000      25743.286843    348.864341      0.105111        73.791683      
716             355.379000      25779.848234    348.873411      0.102880        73.894563      
717             355.368000      25816.397833    348.882438      0.102850        73.997413      
718             355.316000      25852.967311    348.891374      0.102921        74.100334      
719             355.410000      25889.548952    348.900416      0.102928        74.203262      
720             355.368000      25926.106013    348.909369      0.102871        74.306133      
721             355.223000      25962.655973    348.918100      0.102893        74.409026      
722             355.282000      25999.198859    348.926885      0.102856        74.511882      
723             355.159000      26035.730158    348.935476      0.102859        74.614741      
724             355.248000      26072.278073    348.944168      0.102880        74.717621      
725             355.307000      26112.628512    348.953824      0.113565        74.831186      
726             355.155000      26149.192785    348.962344      0.102953        74.934139      
727             355.158000      26185.740674    348.970841      0.102906        75.037045      
728             355.158000      26222.289628    348.979314      0.102909        75.139954      
729             355.218000      26258.825576    348.987842      0.102855        75.242809      
730             355.298000      26295.397820    348.996463      0.102934        75.345743      
731             355.400000      26332.391051    349.005297      0.104089        75.449832      
732             355.432000      26368.956473    349.014048      0.102876        75.552708      
733             355.344000      26405.504670    349.022654      0.102853        75.655561      
734             355.281000      26442.048873    349.031151      0.102860        75.758421      
735             355.344000      26479.715337    349.039971      0.106000        75.864421      
736             355.166000      26516.306314    349.048279      0.103025        75.967446      
737             355.039000      26552.840538    349.056383      0.102902        76.070348      
738             355.162000      26589.397362    349.064633      0.102930        76.173278      
739             355.064000      26625.938419    349.072728      0.102914        76.276192      
740             355.039000      26662.477257    349.080767      0.102915        76.379107      
741             355.097000      26699.034849    349.088865      0.102951        76.482058      
742             355.250000      26735.554549    349.097135      0.102800        76.584858      
743             355.097000      26772.080181    349.105183      0.102861        76.687719      
744             355.166000      26809.683737    349.113539      0.105876        76.793595      
745             355.285000      26846.221601    349.121793      0.102841        76.896436      
746             355.250000      26882.779313    349.129983      0.102907        76.999343      
747             355.096000      26919.328634    349.137947      0.102928        77.102271      
748             355.129000      26955.876025    349.145933      0.102913        77.205184      
749             355.162000      26992.422195    349.153941      0.102900        77.308084      
750             355.097000      27028.957770    349.161840      0.102889        77.410973      
751             355.027000      27065.486498    349.169625      0.102890        77.513863      
752             354.963000      27102.002607    349.177304      0.102873        77.616736      
753             354.947000      27138.511390    349.184940      0.102857        77.719593      
754             354.996000      27175.014919    349.192618      0.102828        77.822421      
755             355.033000      27211.530773    349.200326      0.102852        77.925273      
756             354.982000      27248.062326    349.207952      0.102911        78.028184      
757             355.380000      27284.647986    349.216084      0.102948        78.131132      
758             355.336000      27321.222365    349.224136      0.102929        78.234061      
759             355.256000      27357.819417    349.232068      0.103016        78.337077      
760             332.537000      27391.846598    349.210289      0.102326        78.439403      
761             309.499000      27423.484205    349.158605      0.102222        78.541625      
762             292.773000      27453.762496    349.084457      0.103419        78.645044      
763             263.631000      27480.706902    348.973548      0.102205        78.747249      
764             250.968000      27506.443420    348.846086      0.102549        78.849798      
765             229.841000      27529.970404    348.691795      0.102362        78.952160      
766             194.190000      27549.829827    348.491925      0.102268        79.054428      
767             187.821000      27569.039595    348.284325      0.102277        79.156705      
768             166.728000      27586.087200    348.050109      0.102248        79.258953      
769             145.595000      27600.977929    347.789199      0.102275        79.361228      
770             124.672000      27613.721900    347.502186      0.102220        79.463448      
771             124.261000      27626.423736    347.215385      0.102219        79.565667      
