#timestep       power           acc-energy      avg-power       dt              acc-time       
1               66.325000       6.638270        66.325000       0.100087        0.100087       
2               66.325000       13.497668       66.325000       0.103421        0.203508       
3               66.922000       20.397527       66.525751       0.103103        0.306611       
4               66.651000       27.230521       66.557136       0.102519        0.409130       
5               66.582000       34.064364       66.562122       0.102638        0.511768       
6               179.218000      53.042654       85.876367       0.105895        0.617663       
7               231.723000      76.813958       106.649318      0.102585        0.720248       
8               232.684000      100.683846      122.362431      0.102585        0.822833       
9               222.106000      126.380622      134.658196      0.115696        0.938529       
10              218.513000      149.053750      143.006025      0.103761        1.042290       
11              215.296000      171.143335      149.484392      0.102601        1.144891       
12              213.332000      193.051678      154.740052      0.102696        1.247587       
13              213.552000      214.972150      159.211033      0.102647        1.350234       
14              209.126000      236.422831      162.735195      0.102573        1.452807       
15              209.405000      258.075308      165.836105      0.103400        1.556207       
16              209.405000      279.575338      168.532689      0.102672        1.658879       
17              208.257000      300.947713      170.847022      0.102625        1.761504       
18              208.529000      322.341120      172.920880      0.102592        1.864096       
19              208.529000      344.152628      174.812745      0.104597        1.968693       
20              207.986000      365.481384      176.455182      0.102549        2.071242       
21              208.257000      387.061807      177.970416      0.103624        2.174866       
22              208.257000      408.448552      179.336023      0.102694        2.277560       
23              208.257000      429.827591      180.583363      0.102657        2.380217       
24              208.529000      451.481450      181.751574      0.103841        2.484058       
25              208.529000      472.886327      182.814170      0.102647        2.586705       
26              208.257000      494.253287      183.784833      0.102599        2.689304       
27              207.772000      515.960890      184.681872      0.104478        2.793782       
28              208.529000      538.019504      185.551864      0.105782        2.899564       
29              208.529000      559.408115      186.336886      0.102569        3.002133       
30              208.043000      580.742301      187.053835      0.102547        3.104680       
31              208.529000      602.129035      187.740560      0.102560        3.207240       
32              208.639000      623.551044      188.388839      0.102675        3.309915       
33              208.257000      645.084610      188.990702      0.103399        3.413314       
34              208.639000      666.921811      189.575268      0.104665        3.517979       
35              208.314000      688.404609      190.108936      0.103127        3.621106       
36              208.854000      709.838042      190.625540      0.102624        3.723730       
37              208.854000      731.254140      191.114048      0.102541        3.826271       
38              208.639000      752.739993      191.573356      0.102981        3.929252       
39              208.854000      774.534743      192.020426      0.104354        4.033606       
40              208.854000      795.957107      192.437874      0.102571        4.136177       
41              208.854000      817.642835      192.839882      0.103832        4.240009       
42              208.854000      839.222675      193.220847      0.103325        4.343334       
43              208.854000      860.637937      193.581401      0.102537        4.445871       
44              207.653000      881.933375      193.898672      0.102553        4.548424       
45              208.854000      903.352815      194.228447      0.102557        4.650981       
46              209.126000      925.173440      194.555331      0.104342        4.755323       
47              208.529000      946.894029      194.854851      0.104161        4.859484       
48              208.854000      968.329342      195.144399      0.102633        4.962117       
49              209.126000      989.786506      195.427647      0.102604        5.064721       
50              208.854000      1011.357156     195.695968      0.103281        5.168002       
51              208.910000      1032.817853     195.953511      0.102727        5.270729       
52              209.126000      1054.700798     196.209934      0.104640        5.375369       
53              208.854000      1076.485315     196.450613      0.104305        5.479674       
54              209.126000      1097.941015     196.683575      0.102597        5.582271       
55              209.126000      1119.418464     196.908351      0.102701        5.684972       
56              208.910000      1140.864120     197.121224      0.102655        5.787627       
57              209.126000      1162.340315     197.330522      0.102695        5.890322       
58              209.126000      1183.959133     197.533966      0.103377        5.993699       
59              208.910000      1205.386196     197.725361      0.102566        6.096265       
60              209.126000      1226.843570     197.914067      0.102605        6.198870       
61              208.854000      1248.295173     198.092379      0.102711        6.301581       
62              209.189000      1269.769051     198.270246      0.102653        6.404234       
63              209.405000      1291.264474     198.445904      0.102650        6.506884       
64              208.854000      1312.709812     198.607596      0.102681        6.609565       
65              209.405000      1334.257586     198.773116      0.102900        6.712465       
66              209.189000      1355.701133     198.929788      0.102508        6.814973       
67              209.405000      1377.603011     199.088123      0.104591        6.919564       
68              209.189000      1399.140064     199.236209      0.102955        7.022519       
69              209.126000      1420.583844     199.378538      0.102540        7.125059       
70              209.405000      1442.057071     199.520791      0.102544        7.227603       
71              209.405000      1463.788493     199.660704      0.103777        7.331380       
72              209.405000      1485.436363     199.796196      0.103378        7.434758       
73              209.405000      1506.915034     199.926955      0.102570        7.537328       
74              209.405000      1528.392449     200.054196      0.102564        7.639892       
75              209.405000      1549.867769     200.178053      0.102554        7.742446       
76              209.730000      1571.402636     200.303072      0.102679        7.845125       
77              208.854000      1592.848182     200.413546      0.102682        7.947807       
78              209.405000      1614.674465     200.529936      0.104230        8.052037       
79              209.405000      1636.314587     200.642397      0.103341        8.155378       
80              209.126000      1658.105726     200.749424      0.104201        8.259579       
81              209.405000      1679.608688     200.855712      0.102686        8.362265       
82              209.730000      1701.113563     200.963208      0.102536        8.464801       
83              209.189000      1722.577191     201.061721      0.102604        8.567405       
84              209.514000      1744.199874     201.162326      0.103204        8.670609       
85              209.514000      1765.815643     201.260533      0.103171        8.773780       
86              209.405000      1787.644648     201.356163      0.104243        8.878023       
87              209.730000      1809.169658     201.451860      0.102632        8.980655       
88              209.514000      1830.666423     201.542929      0.102603        9.083258       
89              209.405000      1852.153470     201.630752      0.102610        9.185868       
90              209.405000      1873.957137     201.717885      0.104122        9.289990       
91              209.730000      1895.878326     201.807026      0.104521        9.394511       
92              209.514000      1917.878972     201.892219      0.105008        9.499519       
93              209.730000      1939.423906     201.976070      0.102727        9.602246       
94              209.405000      1960.918282     202.054643      0.102645        9.704891       
95              209.514000      1982.782535     202.134000      0.104357        9.809248       
96              209.514000      2004.595247     202.211505      0.104111        9.913359       
97              209.189000      2026.068916     202.283016      0.102652        10.016011      
98              210.002000      2047.730202     202.361698      0.103148        10.119159      
99              210.002000      2069.279558     202.438398      0.102615        10.221774      
100             209.730000      2090.821975     202.510940      0.102715        10.324489      
101             209.730000      2112.343209     202.581984      0.102614        10.427103      
102             209.730000      2133.974551     202.651995      0.103139        10.530242      
103             209.730000      2155.610927     202.720664      0.103163        10.633405      
104             209.785000      2177.131722     202.788166      0.102585        10.735990      
105             210.002000      2198.672047     202.856435      0.102572        10.838562      
106             210.002000      2220.211322     202.923421      0.102567        10.941129      
107             210.002000      2242.058040     202.990092      0.104031        11.045160      
108             209.785000      2263.572541     203.052602      0.102555        11.147715      
109             209.785000      2285.105293     203.114025      0.102642        11.250357      
110             209.405000      2306.589408     203.170876      0.102596        11.352953      
111             209.785000      2328.090273     203.230052      0.102490        11.455443      
112             209.785000      2349.611696     203.288233      0.102588        11.558031      
113             209.730000      2371.124751     203.344899      0.102575        11.660606      
114             209.785000      2392.635266     203.401036      0.102536        11.763142      
115             209.785000      2414.134032     203.456172      0.102480        11.865622      
116             209.730000      2435.727624     203.510142      0.102959        11.968581      
117             210.002000      2457.296299     203.565378      0.102707        12.071288      
118             210.002000      2478.889335     203.619741      0.102823        12.174111      
119             210.002000      2500.461580     203.673144      0.102724        12.276835      
120             210.002000      2522.023115     203.725634      0.102673        12.379508      
121             210.327000      2543.625381     203.779952      0.102708        12.482216      
122             210.002000      2565.287297     203.830949      0.103151        12.585367      
123             210.327000      2586.872737     203.883493      0.102628        12.687995      
124             210.606000      2610.118584     203.941469      0.110376        12.798371      
125             212.947000      2632.430319     204.014596      0.104776        12.903147      
126             212.947000      2654.292097     204.085105      0.102663        13.005810      
127             212.351000      2676.078460     204.149800      0.102596        13.108406      
128             212.947000      2697.926184     204.218119      0.102597        13.211003      
129             212.947000      2719.796905     204.285456      0.102705        13.313708      
130             212.676000      2741.619802     204.349628      0.102611        13.416319      
131             213.219000      2763.503961     204.416965      0.102637        13.518956      
132             212.947000      2785.793123     204.482501      0.104670        13.623626      
133             212.947000      2807.644680     204.545781      0.102615        13.726241      
134             213.219000      2830.656127     204.613443      0.107924        13.834165      
135             213.219000      2852.611927     204.677024      0.102973        13.937138      
136             212.947000      2874.634054     204.737937      0.103416        14.040554      
137             213.219000      2896.507765     204.799454      0.102588        14.143142      
138             213.219000      2918.413459     204.860174      0.102738        14.245880      
139             212.947000      2940.525449     204.918692      0.103838        14.349718      
140             212.999000      2962.410244     204.976137      0.102746        14.452464      
141             212.947000      2984.449620     205.032812      0.103497        14.555961      
142             212.999000      3006.542302     205.089176      0.103722        14.659683      
143             212.999000      3028.491210     205.144388      0.103047        14.762730      
144             212.457000      3050.288661     205.194858      0.102597        14.865327      
145             213.219000      3072.184547     205.249910      0.102692        14.968019      
146             213.219000      3094.070837     205.304187      0.102647        15.070666      
147             213.219000      3116.307447     205.358582      0.104290        15.174956      
148             213.219000      3138.223162     205.411465      0.102785        15.277741      
149             212.947000      3160.070885     205.461732      0.102597        15.380338      
150             213.219000      3181.946515     205.513135      0.102597        15.482935      
151             213.219000      3203.797411     205.563805      0.102481        15.585416      
152             213.219000      3225.685834     205.613898      0.102657        15.688073      
153             213.552000      3247.584524     205.665448      0.102545        15.790618      
154             213.219000      3269.453757     205.714195      0.102567        15.893185      
155             212.999000      3291.655282     205.761660      0.104233        15.997418      
156             213.219000      3313.738587     205.809630      0.103571        16.100989      
157             212.947000      3335.805220     205.855272      0.103625        16.204614      
158             213.552000      3357.756016     205.903786      0.102789        16.307403      
159             213.552000      3379.673926     205.951621      0.102635        16.410038      
160             212.728000      3401.720630     205.994149      0.103638        16.513676      
161             213.552000      3423.642170     206.040839      0.102652        16.616328      
162             213.552000      3445.541928     206.086911      0.102550        16.718878      
163             213.219000      3467.545063     206.130663      0.103195        16.822073      
164             213.552000      3489.749772     206.176253      0.103978        16.926051      
165             213.552000      3511.670885     206.220714      0.102650        17.028701      
166             213.552000      3533.582388     206.264624      0.102605        17.131306      
167             213.552000      3555.496667     206.308016      0.102618        17.233924      
168             213.552000      3577.736400     206.351527      0.104142        17.338066      
169             213.332000      3599.614023     206.392573      0.102552        17.440618      
170             213.332000      3621.507219     206.433167      0.102625        17.543243      
171             213.332000      3643.412576     206.473312      0.102682        17.645925      
172             213.332000      3665.299372     206.512958      0.102595        17.748520      
173             213.552000      3687.424854     206.553810      0.103607        17.852127      
174             212.947000      3709.297280     206.590383      0.102713        17.954840      
175             213.332000      3731.309942     206.628906      0.103185        18.058025      
176             213.332000      3753.197379     206.666775      0.102598        18.160623      
177             212.947000      3775.075340     206.702103      0.102739        18.263362      
178             213.552000      3797.005422     206.740404      0.102692        18.366054      
179             213.823000      3818.938530     206.779741      0.102576        18.468630      
180             213.219000      3840.816079     206.815318      0.102606        18.571236      
181             213.823000      3862.929012     206.854125      0.103417        18.674653      
182             213.823000      3885.115501     206.892632      0.103761        18.778414      
183             213.552000      3907.034478     206.928833      0.102640        18.881054      
184             213.823000      3928.977850     206.966103      0.102624        18.983678      
185             213.823000      3950.917372     207.002965      0.102606        19.086284      
186             213.552000      3972.832079     207.037988      0.102620        19.188904      
187             213.823000      3994.792770     207.074110      0.102705        19.291609      
188             213.823000      4016.974554     207.110208      0.103739        19.395348      
189             213.603000      4039.731177     207.145677      0.106537        19.501885      
190             213.219000      4061.944332     207.177949      0.104180        19.606065      
191             213.552000      4083.854981     207.211131      0.102601        19.708666      
192             213.823000      4105.797497     207.245380      0.102620        19.811286      
193             213.219000      4127.708095     207.276205      0.102761        19.914047      
194             213.823000      4149.653177     207.309773      0.102632        20.016679      
195             213.823000      4171.585216     207.342978      0.102571        20.119250      
196             213.552000      4193.574452     207.374594      0.102969        20.222219      
197             213.823000      4215.542413     207.407189      0.102739        20.324958      
198             213.823000      4237.913644     207.440046      0.104625        20.429583      
199             213.823000      4259.845256     207.471933      0.102569        20.532152      
200             213.603000      4281.795314     207.502465      0.102761        20.634913      
201             213.823000      4303.749590     207.533759      0.102675        20.737588      
202             213.603000      4326.343661     207.564559      0.105776        20.843364      
203             213.603000      4348.246940     207.594121      0.102542        20.945906      
204             213.603000      4370.180123     207.623434      0.102682        21.048588      
205             213.603000      4392.102626     207.652449      0.102632        21.151220      
206             213.823000      4414.329313     207.682626      0.103949        21.255169      
207             213.552000      4436.310861     207.710913      0.102933        21.358102      
208             213.823000      4458.236699     207.740117      0.102542        21.460644      
209             214.095000      4480.190215     207.770337      0.102541        21.563185      
210             213.552000      4502.105348     207.797722      0.102622        21.665807      
211             214.095000      4524.071067     207.827402      0.102598        21.768405      
212             214.095000      4546.023298     207.856786      0.102535        21.870940      
213             213.823000      4568.191397     207.884934      0.103675        21.974615      
214             214.095000      4590.307625     207.913991      0.103301        22.077916      
215             214.095000      4612.375681     207.942714      0.103076        22.180992      
216             213.823000      4634.333592     207.969813      0.102692        22.283684      
217             213.874000      4656.307007     207.996910      0.102740        22.386424      
218             214.095000      4678.601148     208.025144      0.104132        22.490556      
219             214.095000      4700.746706     208.052932      0.103438        22.593994      
220             214.095000      4723.111926     208.080740      0.104464        22.698458      
221             213.603000      4745.183952     208.105765      0.103332        22.801790      
222             214.095000      4767.563088     208.133096      0.104529        22.906319      
223             214.095000      4789.523883     208.159674      0.102575        23.008894      
224             213.552000      4811.496248     208.183680      0.102890        23.111784      
225             214.095000      4833.703894     208.210092      0.103728        23.215512      
226             214.095000      4855.721852     208.236047      0.102842        23.318354      
227             213.823000      4877.666293     208.260528      0.102629        23.420983      
228             214.095000      4899.905625     208.286291      0.103876        23.524859      
229             213.603000      4922.161349     208.309735      0.104192        23.629051      
230             214.095000      4944.263874     208.334901      0.103237        23.732288      
231             213.874000      4966.215688     208.358754      0.102639        23.834927      
232             213.603000      4988.126229     208.381226      0.102576        23.937503      
233             213.874000      5010.222194     208.404831      0.103313        24.040816      
234             213.874000      5032.156469     208.428063      0.102557        24.143373      
235             214.095000      5054.164579     208.452089      0.102796        24.246169      
236             214.199000      5076.157675     208.476323      0.102676        24.348845      
237             214.095000      5098.248426     208.500033      0.103182        24.452027      
238             214.095000      5120.209006     208.523405      0.102574        24.554601      
239             214.095000      5142.598419     208.547033      0.104577        24.659178      
240             213.823000      5164.582631     208.568940      0.102815        24.761993      
241             214.095000      5187.186995     208.592402      0.105581        24.867574      
242             214.199000      5209.170453     208.615446      0.102631        24.970205      
243             213.823000      5231.118742     208.636765      0.102647        25.072852      
244             214.199000      5253.094489     208.659433      0.102595        25.175447      
245             214.420000      5275.117138     208.682839      0.102708        25.278155      
246             214.095000      5297.088637     208.704722      0.102625        25.380780      
247             214.199000      5319.237456     208.727015      0.103403        25.484183      
248             214.420000      5341.229873     208.749836      0.102567        25.586750      
249             214.095000      5363.204583     208.771192      0.102640        25.689390      
250             214.095000      5385.170302     208.792370      0.102598        25.791988      
251             214.420000      5407.171724     208.814670      0.102609        25.894597      
252             214.420000      5429.462827     208.837084      0.103960        25.998557      
253             214.420000      5451.460389     208.859028      0.102591        26.101148      
254             214.095000      5473.553495     208.879647      0.103193        26.204341      
255             214.199000      5495.556444     208.900418      0.102722        26.307063      
256             214.199000      5517.802296     208.921253      0.103856        26.410919      
257             213.823000      5539.860704     208.940325      0.103162        26.514081      
258             214.199000      5561.855086     208.960612      0.102682        26.616763      
259             214.478000      5584.000797     208.981933      0.103254        26.720017      
260             214.199000      5606.081715     209.001983      0.103086        26.823103      
261             214.199000      5628.053820     209.021782      0.102578        26.925681      
262             214.199000      5650.044775     209.041447      0.102666        27.028347      
263             214.095000      5672.023125     209.060569      0.102657        27.131004      
264             214.199000      5694.009367     209.079936      0.102644        27.233648      
265             214.699000      5716.430813     209.101400      0.104432        27.338080      
266             214.420000      5738.463969     209.121317      0.102757        27.440837      
267             214.420000      5760.469036     209.141060      0.102626        27.543463      
268             214.420000      5782.581528     209.160751      0.103127        27.646590      
269             214.420000      5804.579733     209.180195      0.102594        27.749184      
270             214.420000      5826.583942     209.199502      0.102622        27.851806      
271             214.699000      5848.717692     209.219783      0.103092        27.954898      
272             214.420000      5871.052322     209.239088      0.104163        28.059061      
273             214.095000      5893.432101     209.257111      0.104532        28.163593      
274             214.420000      5915.698546     209.276077      0.103845        28.267438      
275             214.478000      5937.718144     209.294902      0.102666        28.370104      
276             214.095000      5959.674014     209.312191      0.102552        28.472656      
277             214.420000      5981.670504     209.330528      0.102586        28.575242      
278             214.478000      6003.737073     209.348995      0.102885        28.678127      
279             214.199000      6025.708322     209.366281      0.102574        28.780701      
280             214.699000      6048.242055     209.385657      0.104955        28.885656      
281             214.699000      6070.660281     209.404795      0.104417        28.990073      
282             214.699000      6092.795962     209.423556      0.103101        29.093174      
283             214.699000      6114.832453     209.442102      0.102639        29.195813      
284             214.699000      6136.893205     209.460539      0.102752        29.298565      
285             214.478000      6159.150659     209.478248      0.103775        29.402340      
286             214.478000      6181.171973     209.495646      0.102674        29.505014      
287             213.823000      6203.133947     209.510658      0.102711        29.607725      
288             214.478000      6225.149042     209.527819      0.102645        29.710370      
289             214.478000      6247.540974     209.545153      0.104402        29.814772      
290             214.095000      6269.498557     209.560751      0.102560        29.917332      
291             214.478000      6291.511292     209.577562      0.102634        30.019966      
292             214.478000      6313.513732     209.594251      0.102586        30.122552      
293             214.199000      6335.637919     209.609987      0.103288        30.225840      
294             214.478000      6357.678750     209.626481      0.102765        30.328605      
295             214.699000      6379.719105     209.643593      0.102657        30.431262      
296             214.199000      6401.870067     209.659021      0.103413        30.534675      
297             214.478000      6423.875509     209.675159      0.102600        30.637275      
298             215.025000      6446.407334     209.693394      0.104787        30.742062      
299             214.699000      6468.516393     209.710106      0.102977        30.845039      
300             214.699000      6490.539787     209.726642      0.102578        30.947617      
301             214.699000      6512.582504     209.743083      0.102668        31.050285      
302             214.478000      6534.592236     209.758680      0.102620        31.152905      
303             214.699000      6556.651700     209.774920      0.102746        31.255651      
304             213.874000      6578.626184     209.788351      0.102745        31.358396      
305             214.699000      6600.687150     209.804389      0.102753        31.461149      
306             214.803000      6622.724005     209.820636      0.102591        31.563740      
307             214.199000      6644.833626     209.834908      0.103220        31.666960      
308             214.699000      6666.863461     209.850617      0.102608        31.769568      
309             215.025000      6688.936637     209.867283      0.102654        31.872222      
310             214.699000      6710.955308     209.882780      0.102556        31.974778      
311             214.803000      6732.987222     209.898513      0.102568        32.077346      
312             214.803000      6755.016558     209.914143      0.102556        32.179902      
313             215.025000      6777.102206     209.930404      0.102712        32.282614      
314             215.025000      6799.447604     209.946751      0.103920        32.386534      
315             214.478000      6821.449830     209.961059      0.102585        32.489119      
316             214.803000      6843.775165     209.976499      0.103934        32.593053      
317             214.199000      6865.745770     209.989746      0.102571        32.695624      
318             215.074000      6887.961839     210.005758      0.103295        32.798919      
319             214.803000      6909.986450     210.020708      0.102534        32.901453      
320             213.874000      6931.938905     210.032692      0.102642        33.004095      
321             214.699000      6953.965949     210.047152      0.102595        33.106690      
322             215.025000      6976.027944     210.062531      0.102602        33.209292      
323             214.420000      6998.391092     210.076173      0.104296        33.313588      
324             214.803000      7020.430954     210.090687      0.102605        33.416193      
325             215.025000      7042.728832     210.105952      0.103699        33.519892      
326             214.699000      7064.764034     210.119973      0.102633        33.622525      
327             215.025000      7086.829254     210.134897      0.102617        33.725142      
328             215.025000      7108.896840     210.149733      0.102628        33.827770      
329             215.025000      7130.942063     210.164464      0.102524        33.930294      
330             214.803000      7152.990732     210.178455      0.102646        34.032940      
331             215.025000      7175.041116     210.193014      0.102548        34.135488      
332             215.025000      7197.364366     210.207665      0.103817        34.239305      
333             215.025000      7219.439693     210.222067      0.102664        34.341969      
334             214.478000      7241.550230     210.234804      0.103090        34.445059      
335             214.803000      7263.700071     210.248439      0.103117        34.548176      
336             214.803000      7285.848193     210.261992      0.103109        34.651285      
337             214.699000      7308.280374     210.275330      0.104482        34.755767      
338             215.025000      7330.332263     210.289304      0.102555        34.858322      
339             215.025000      7352.389958     210.303199      0.102582        34.960904      
340             214.478000      7374.404623     210.315420      0.102643        35.063547      
341             215.025000      7396.470488     210.329163      0.102620        35.166167      
342             215.074000      7418.920128     210.343206      0.104381        35.270548      
343             214.803000      7441.305178     210.356344      0.104212        35.374760      
344             214.803000      7463.582827     210.369342      0.103712        35.478472      
345             215.074000      7485.647913     210.382908      0.102593        35.581065      
346             214.803000      7507.702597     210.395626      0.102674        35.683739      
347             214.803000      7529.748043     210.408266      0.102631        35.786370      
348             214.803000      7552.106243     210.421011      0.104087        35.890457      
349             215.025000      7574.203932     210.434156      0.102768        35.993225      
350             215.025000      7596.406769     210.447289      0.103257        36.096482      
351             214.699000      7618.438536     210.459341      0.102617        36.199099      
352             214.803000      7640.499449     210.471630      0.102703        36.301802      
353             215.074000      7662.576365     210.484607      0.102648        36.404450      
354             214.478000      7684.614623     210.495847      0.102753        36.507203      
355             214.803000      7706.668876     210.507927      0.102672        36.609875      
356             215.025000      7728.718615     210.520544      0.102545        36.712420      
357             215.296000      7750.813797     210.533856      0.102627        36.815047      
358             215.025000      7773.269718     210.546560      0.104434        36.919481      
359             215.025000      7795.472985     210.559051      0.103259        37.022740      
360             215.025000      7817.535625     210.571393      0.102605        37.125345      
361             214.803000      7839.577849     210.583057      0.102616        37.227961      
362             215.025000      7861.676399     210.595286      0.102772        37.330733      
363             215.296000      7883.890855     210.608243      0.103181        37.433914      
364             215.296000      7905.990344     210.621062      0.102647        37.536561      
365             215.296000      7928.088541     210.633810      0.102641        37.639202      
366             215.296000      7950.304289     210.646557      0.103187        37.742389      
367             214.699000      7972.337989     210.657546      0.102626        37.845015      
368             215.074000      7994.761389     210.669679      0.104259        37.949274      
369             215.074000      8017.156614     210.681731      0.104128        38.053402      
370             214.478000      8039.199162     210.691956      0.102773        38.156175      
371             215.074000      8061.287261     210.703719      0.102700        38.258875      
372             215.296000      8083.385889     210.716007      0.102643        38.361518      
373             214.803000      8105.410714     210.726902      0.102535        38.464053      
374             215.074000      8127.473220     210.738464      0.102581        38.566634      
375             215.074000      8149.533576     210.749964      0.102571        38.669205      
376             215.074000      8171.592425     210.761403      0.102564        38.771769      
377             215.074000      8194.000340     210.772961      0.104187        38.875956      
378             215.074000      8216.058545     210.784278      0.102561        38.978517      
379             215.074000      8238.132450     210.795543      0.102634        39.081151      
380             215.345000      8260.230938     210.807458      0.102619        39.183770      
381             215.296000      8282.340330     210.819191      0.102693        39.286463      
382             215.296000      8304.442187     210.830858      0.102658        39.389121      
383             215.296000      8326.542322     210.842464      0.102650        39.491771      
384             214.199000      8348.507572     210.851158      0.102546        39.594317      
385             215.568000      8370.630454     210.863352      0.102626        39.696943      
386             215.568000      8392.780712     210.875498      0.102753        39.799696      
387             214.478000      8415.051036     210.884872      0.103835        39.903531      
388             215.296000      8437.148371     210.896189      0.102637        40.006168      
389             215.296000      8459.227622     210.907439      0.102553        40.108721      
390             215.025000      8481.432608     210.918013      0.103267        40.211988      
391             215.296000      8503.545230     210.929167      0.102708        40.314696      
392             215.074000      8525.616124     210.939690      0.102620        40.417316      
393             215.296000      8547.700972     210.950719      0.102579        40.519895      
394             215.074000      8569.775953     210.961137      0.102639        40.622534      
395             215.568000      8591.915864     210.972755      0.102705        40.725239      
396             215.568000      8614.452636     210.984521      0.104546        40.829785      
397             215.568000      8636.797337     210.996128      0.103655        40.933440      
398             214.199000      8658.780581     211.004138      0.102630        41.036070      
399             215.074000      8680.848033     211.014289      0.102604        41.138674      
400             214.803000      8702.922693     211.023730      0.102767        41.241441      
401             215.074000      8725.208661     211.033880      0.103620        41.345061      
402             215.074000      8747.251165     211.043871      0.102488        41.447549      
403             214.803000      8769.285442     211.053151      0.102579        41.550128      
404             215.296000      8791.368999     211.063599      0.102573        41.652701      
405             215.074000      8813.548505     211.073504      0.103125        41.755826      
406             215.074000      8835.618323     211.083311      0.102615        41.858441      
407             215.345000      8857.728010     211.093739      0.102671        41.961112      
408             215.345000      8879.815301     211.104105      0.102567        42.063679      
409             215.074000      8901.872860     211.113761      0.102558        42.166237      
410             215.296000      8924.374952     211.124101      0.104517        42.270754      
411             215.074000      8946.456169     211.133672      0.102668        42.373422      
412             215.568000      8968.560943     211.144377      0.102542        42.475964      
413             215.345000      8991.354781     211.154818      0.105848        42.581812      
414             214.699000      9013.372807     211.163334      0.102553        42.684365      
415             215.568000      9035.479737     211.173891      0.102552        42.786917      
416             215.568000      9057.614690     211.184411      0.102682        42.889599      
417             214.478000      9079.610053     211.192267      0.102553        42.992152      
418             215.568000      9101.734659     211.202688      0.102634        43.094786      
419             215.568000      9123.857109     211.213059      0.102624        43.197410      
420             215.296000      9145.969085     211.222744      0.102705        43.300115      
421             215.568000      9168.098649     211.233021      0.102657        43.402772      
422             215.568000      9190.224764     211.243248      0.102641        43.505413      
423             215.296000      9212.476036     211.252853      0.103352        43.608765      
424             215.345000      9234.573017     211.262460      0.102612        43.711377      
425             215.568000      9256.689001     211.272541      0.102594        43.813971      
426             215.345000      9278.816130     211.282070      0.102752        43.916723      
427             215.345000      9301.151929     211.291643      0.103721        44.020444      
428             215.345000      9323.236205     211.301064      0.102553        44.122997      
429             215.345000      9345.343738     211.310451      0.102661        44.225658      
430             215.345000      9367.470006     211.319803      0.102748        44.328406      
431             214.803000      9389.592996     211.327877      0.102992        44.431398      
432             215.345000      9411.818539     211.337186      0.103209        44.534607      
433             215.345000      9433.905614     211.346395      0.102566        44.637173      
434             214.803000      9456.377230     211.354478      0.104615        44.741788      
435             215.670000      9478.693036     211.364435      0.103472        44.845260      
436             215.345000      9500.774081     211.373516      0.102538        44.947798      
437             215.025000      9522.843602     211.381835      0.102637        45.050435      
438             215.568000      9544.959586     211.391346      0.102594        45.153029      
439             215.345000      9567.076594     211.400319      0.102705        45.255734      
440             215.345000      9589.447494     211.409353      0.103884        45.359618      
441             215.345000      9611.665068     211.418284      0.103172        45.462790      
442             215.345000      9633.747406     211.427121      0.102544        45.565334      
443             215.568000      9655.873090     211.436428      0.102639        45.667973      
444             215.568000      9677.990367     211.445689      0.102600        45.770573      
445             215.568000      9700.241080     211.454965      0.103219        45.873792      
446             215.345000      9722.341722     211.463648      0.102629        45.976421      
447             215.025000      9744.387375     211.471572      0.102526        46.078947      
448             215.568000      9766.486329     211.480666      0.102515        46.181462      
449             215.568000      9788.894407     211.489845      0.103949        46.285411      
450             215.025000      9811.024780     211.497688      0.102920        46.388331      
451             215.568000      9833.153913     211.506676      0.102655        46.490986      
452             215.893000      9855.298490     211.516332      0.102572        46.593558      
453             215.296000      9877.385276     211.524636      0.102588        46.696146      
454             215.568000      9899.602576     211.533540      0.103064        46.799210      
455             215.345000      9921.718077     211.541886      0.102698        46.901908      
456             215.074000      9943.777572     211.549593      0.102567        47.004475      
457             215.568000      9965.906274     211.558350      0.102653        47.107128      
458             215.345000      9988.395398     211.566726      0.104433        47.211561      
459             215.568000      10010.540052    211.575414      0.102727        47.314288      
460             215.345000      10032.635095    211.583570      0.102603        47.416891      
461             215.670000      10055.215960    211.592574      0.104701        47.521592      
462             215.345000      10077.420829    211.600698      0.103113        47.624705      
463             215.670000      10099.614350    211.609472      0.102905        47.727610      
464             215.074000      10121.747831    211.616926      0.102911        47.830521      
465             215.568000      10144.565703    211.625651      0.105850        47.936371      
466             215.893000      10167.487495    211.635081      0.106172        48.042543      
467             215.025000      10189.555511    211.642308      0.102630        48.145173      
468             215.345000      10211.678764    211.650192      0.102734        48.247907      
469             215.893000      10233.847737    211.659202      0.102685        48.350592      
470             215.074000      10255.913469    211.666433      0.102596        48.453188      
471             215.568000      10278.233164    211.674752      0.103539        48.556727      
472             215.670000      10300.772836    211.683333      0.104510        48.661237      
473             215.893000      10322.912447    211.692186      0.102549        48.763786      
474             215.893000      10345.397703    211.701139      0.104150        48.867936      
475             215.670000      10367.508623    211.709448      0.102522        48.970458      
476             215.568000      10389.635169    211.717518      0.102643        49.073101      
477             215.670000      10411.765067    211.725766      0.102610        49.175711      
478             215.568000      10433.913602    211.733777      0.102745        49.278456      
479             215.670000      10456.058813    211.741962      0.102681        49.381137      
480             215.670000      10478.210926    211.750115      0.102713        49.483850      
481             215.074000      10500.492807    211.757059      0.103601        49.587451      
482             215.893000      10522.654871    211.765604      0.102653        49.690104      
483             215.670000      10544.782613    211.773649      0.102600        49.792704      
484             215.893000      10566.925679    211.782117      0.102565        49.895269      
485             215.670000      10589.425667    211.790229      0.104326        49.999595      
486             215.345000      10611.503483    211.797503      0.102523        50.102118      
487             215.670000      10633.736687    211.805455      0.103089        50.205207      
488             215.670000      10655.876075    211.813340      0.102654        50.307861      
489             215.670000      10677.994975    211.821186      0.102559        50.410420      
490             215.670000      10700.527745    211.829147      0.104478        50.514898      
491             215.670000      10722.666271    211.836936      0.102650        50.617548      
492             215.949000      10744.873386    211.845273      0.102835        50.720383      
493             215.670000      10767.229954    211.853074      0.103661        50.824044      
494             215.670000      10789.489470    211.860810      0.103211        50.927255      
495             215.893000      10811.630809    211.868913      0.102557        51.029812      
496             215.893000      10833.787476    211.876990      0.102628        51.132440      
497             215.296000      10855.879644    211.883837      0.102613        51.235053      
498             215.893000      10878.279838    211.891940      0.103756        51.338809      
499             215.893000      10900.415132    211.899915      0.102529        51.441338      
500             215.296000      10922.509884    211.906676      0.102625        51.543963      
501             215.670000      10944.647978    211.914156      0.102648        51.646611      
502             215.670000      10966.775504    211.921602      0.102599        51.749210      
503             215.345000      10988.870116    211.928376      0.102601        51.851811      
504             215.893000      11010.991593    211.936195      0.102465        51.954276      
505             215.893000      11033.311906    211.944054      0.103386        52.057662      
506             215.568000      11055.654021    211.951254      0.103643        52.161305      
507             215.670000      11078.053075    211.958644      0.103858        52.265163      
508             215.670000      11100.199365    211.965921      0.102686        52.367849      
509             215.670000      11122.319559    211.973162      0.102565        52.470414      
510             216.172000      11144.497941    211.981356      0.102596        52.573010      
511             215.670000      11166.847392    211.988612      0.103628        52.676638      
512             215.949000      11189.110870    211.996348      0.103096        52.779734      
513             215.949000      11211.365278    212.004051      0.103054        52.882788      
514             215.074000      11233.665871    212.010058      0.103688        52.986476      
515             215.949000      11256.249386    212.017817      0.104578        53.091054      
516             215.949000      11278.586502    212.025461      0.103437        53.194491      
517             215.345000      11300.765099    212.031876      0.102991        53.297482      
518             215.949000      11323.005039    212.039431      0.102987        53.400469      
519             215.949000      11345.481875    212.047036      0.104084        53.504553      
520             215.670000      11367.704296    212.054000      0.103039        53.607592      
521             216.172000      11390.084799    212.061937      0.103531        53.711123      
522             215.949000      11412.630523    212.069478      0.104403        53.815526      
523             215.893000      11434.774668    212.076752      0.102570        53.918096      
524             216.172000      11456.942458    212.084526      0.102547        54.020643      
525             215.949000      11479.091915    212.091849      0.102568        54.123211      
526             215.949000      11501.405277    212.099199      0.103327        54.226538      
527             215.074000      11523.483053    212.104820      0.102652        54.329190      
528             215.670000      11545.600443    212.111537      0.102552        54.431742      
529             215.949000      11567.735216    212.118749      0.102500        54.534242      
530             215.074000      11589.812347    212.124302      0.102649        54.636891      
531             215.949000      11612.332372    212.131588      0.104284        54.741175      
532             215.949000      11634.899043    212.138861      0.104500        54.845675      
533             215.345000      11656.996024    212.144849      0.102612        54.948287      
534             215.949000      11679.169883    212.151944      0.102681        55.050968      
535             215.949000      11701.328410    212.159008      0.102610        55.153578      
536             215.670000      11723.483111    212.165535      0.102725        55.256303      
537             215.949000      11745.714844    212.172571      0.102949        55.359252      
538             215.670000      11768.118212    212.179122      0.103878        55.463130      
539             215.670000      11790.351201    212.185598      0.103088        55.566218      
540             216.172000      11812.539960    212.192948      0.102644        55.668862      
541             216.172000      11834.724179    212.200270      0.102623        55.771485      
542             215.949000      11856.881842    212.207154      0.102606        55.874091      
543             216.172000      11879.046390    212.214417      0.102532        55.976623      
544             215.345000      11901.134757    212.220143      0.102572        56.079195      
545             215.949000      11923.283998    212.226950      0.102567        56.181762      
546             215.949000      11945.467791    212.233743      0.102727        56.284489      
547             215.345000      11967.575109    212.239408      0.102660        56.387149      
548             215.949000      11989.756095    212.246153      0.102714        56.489863      
549             215.949000      12012.010503    212.252896      0.103054        56.592917      
550             215.345000      12034.099086    212.258490      0.102573        56.695490      
551             216.172000      12056.270767    212.265557      0.102565        56.798055      
552             216.172000      12078.496923    212.272615      0.102817        56.900872      
553             215.670000      12100.628332    212.278731      0.102617        57.003489      
554             215.949000      12122.793337    212.285328      0.102640        57.106129      
555             215.949000      12144.963093    212.291903      0.102662        57.208791      
556             215.949000      12167.160923    212.298462      0.102792        57.311583      
557             215.949000      12189.326360    212.304988      0.102642        57.414225      
558             216.220000      12211.895620    212.312093      0.104381        57.518606      
559             79.791000       12220.067256    212.076556      0.102413        57.621019      
560             78.942000       12228.151232    211.840369      0.102404        57.723423      
561             78.671000       12236.281408    211.602378      0.103344        57.826767      
562             78.671000       12244.373192    211.366354      0.102856        57.929623      
563             78.392000       12252.413938    211.131324      0.102571        58.032194      
