#timestep       power           acc-energy      avg-power       dt              acc-time       
1               75.443000       3.777959        75.443000       0.050077        0.050077       
2               74.768000       7.726158        75.096548       0.052806        0.102883       
3               74.768000       11.639440       74.985765       0.052339        0.155222       
4               75.443000       15.591522       75.101138       0.052385        0.207607       
5               75.443000       19.541567       75.169991       0.052358        0.259965       
6               75.443000       23.490932       75.215752       0.052349        0.312314       
7               75.443000       27.445805       75.248413       0.052422        0.364736       
8               75.171000       31.527966       75.238381       0.054305        0.419041       
9               74.497000       35.430790       75.155993       0.052389        0.471430       
10              74.497000       39.335699       75.090053       0.052417        0.523847       
11              248.164000      52.504273       91.009312       0.053064        0.576911       
12              248.164000      65.536854       104.121453      0.052516        0.629427       
13              238.515000      78.082982       114.486475      0.052601        0.682028       
14              238.515000      90.632448       123.369376      0.052615        0.734643       
15              249.094000      103.761944      131.785966      0.052709        0.787352       
16              249.094000      119.633466      140.568469      0.063717        0.851069       
17              249.969000      132.828580      146.957679      0.052787        0.903856       
18              249.969000      146.181674      152.706039      0.053419        0.957275       
19              250.240000      159.363066      157.793025      0.052675        1.009950       
20              250.240000      174.293385      162.949798      0.059664        1.069614       
21              253.453000      188.057911      167.322920      0.054308        1.123922       
22              252.857000      201.352626      171.145454      0.052578        1.176500       
23              252.857000      214.668581      174.646289      0.052662        1.229162       
24              254.057000      228.047985      177.908829      0.052663        1.281825       
25              254.057000      241.400713      180.908115      0.052558        1.334383       
26              245.547000      254.748894      183.438340      0.054361        1.388744       
27              245.547000      267.782037      185.724755      0.053078        1.441822       
28              253.779000      281.196034      188.131387      0.052857        1.494679       
29              253.779000      294.592773      190.370834      0.052789        1.547468       
30              254.328000      307.994333      192.476970      0.052694        1.600162       
31              254.328000      321.507797      194.464752      0.053134        1.653296       
32              254.057000      335.191561      196.344895      0.053861        1.707157       
33              254.057000      348.808508      198.101671      0.053598        1.760755       
34              254.654000      362.223172      199.744447      0.052678        1.813433       
35              254.654000      376.140777      201.350889      0.054653        1.868086       
36              254.654000      389.559260      202.813161      0.052693        1.920779       
37              254.654000      402.977234      204.197294      0.052691        1.973470       
38              253.779000      416.431074      205.494380      0.053014        2.026484       
39              253.779000      429.796091      206.717411      0.052664        2.079148       
40              254.328000      443.184680      207.893119      0.052643        2.131791       
41              254.654000      456.592977      209.020225      0.052653        2.184444       
42              254.654000      469.976573      210.092344      0.052556        2.237000       
43              254.057000      483.593266      211.121060      0.053597        2.290597       
44              254.057000      496.944977      212.084060      0.052554        2.343151       
45              254.925000      510.752990      213.052009      0.054165        2.397316       
46              254.925000      524.664502      213.983965      0.054571        2.451887       
47              254.057000      538.058387      214.827471      0.052720        2.504607       
48              254.057000      551.464975      215.636949      0.052770        2.557377       
49              254.925000      564.896463      216.430037      0.052688        2.610065       
50              254.925000      578.438079      217.197859      0.053120        2.663185       
51              254.057000      591.817991      217.912621      0.052665        2.715850       
52              254.057000      605.197395      218.600164      0.052663        2.768513       
53              254.925000      618.624550      219.278342      0.052671        2.821184       
54              254.925000      632.272724      219.942215      0.053538        2.874722       
55              254.328000      645.654446      220.560265      0.052616        2.927338       
56              254.328000      659.055243      221.157325      0.052691        2.980029       
57              255.196000      672.479573      221.747760      0.052604        3.032633       
58              255.196000      685.918705      222.318678      0.052662        3.085295       
59              254.654000      699.312487      222.860669      0.052596        3.137891       
60              255.196000      712.753915      223.394473      0.052671        3.190562       
61              255.196000      726.600595      223.926249      0.054259        3.244821       
62              254.925000      740.161331      224.426240      0.053195        3.298016       
63              254.925000      753.563248      224.904777      0.052572        3.350588       
64              255.196000      767.005952      225.373627      0.052676        3.403264       
65              255.196000      780.421861      225.827292      0.052571        3.455835       
66              254.654000      793.919542      226.262744      0.053004        3.508839       
67              254.654000      807.463824      226.686673      0.053187        3.562026       
68              255.196000      820.896321      227.101820      0.052636        3.614662       
69              255.196000      834.757547      227.517730      0.054316        3.668978       
70              254.925000      848.186996      227.905680      0.052680        3.721658       
71              254.925000      861.858878      228.289511      0.053631        3.775289       
72              255.196000      875.436581      228.663433      0.053205        3.828494       
73              255.196000      889.040825      229.027806      0.053309        3.881803       
74              254.925000      902.491433      229.375091      0.052763        3.934566       
75              254.925000      915.913234      229.712470      0.052650        3.987216       
76              255.529000      929.350227      230.048516      0.052585        4.039801       
77              255.529000      942.809961      230.376474      0.052674        4.092475       
78              254.925000      956.215702      230.687913      0.052587        4.145062       
79              255.529000      969.691790      230.999998      0.052738        4.197800       
80              255.529000      989.458236      231.443827      0.077355        4.275155       
81              253.182000      1003.083479     231.714068      0.053816        4.328971       
82              253.182000      1016.516556     231.973998      0.053057        4.382028       
83              255.529000      1029.981657     232.253888      0.052695        4.434723       
84              255.529000      1043.516006     232.528592      0.052966        4.487689       
85              255.196000      1056.981933     232.792022      0.052767        4.540456       
86              255.196000      1070.436632     233.049187      0.052723        4.593179       
87              255.529000      1083.878224     233.303720      0.052603        4.645782       
88              235.572000      1096.275671     233.329127      0.052627        4.698409       
89              235.572000      1109.025064     233.354669      0.054121        4.752530       
90              255.529000      1122.489142     233.597818      0.052691        4.805221       
91              255.529000      1136.167354     233.839435      0.053529        4.858750       
92              254.925000      1149.968229     234.071785      0.054137        4.912887       
93              254.925000      1163.385696     234.292823      0.052633        4.965520       
94              255.529000      1176.827544     234.515437      0.052604        5.018124       
95              255.529000      1190.447240     234.736287      0.053300        5.071424       
96              255.800000      1203.940690     234.953124      0.052750        5.124174       
97              255.800000      1217.389375     235.164845      0.052575        5.176749       
98              255.529000      1230.869551     235.370274      0.052754        5.229503       
99              255.529000      1244.331330     235.571327      0.052682        5.282185       
100             255.196000      1257.921283     235.767201      0.053253        5.335438       
101             255.196000      1271.586773     235.960260      0.053549        5.388987       
102             255.800000      1285.136499     236.153373      0.052970        5.441957       
103             255.800000      1298.591068     236.341445      0.052598        5.494555       
104             255.529000      1312.082232     236.524063      0.052797        5.547352       
105             255.529000      1325.541967     236.702824      0.052674        5.600026       
106             255.800000      1339.003698     236.880618      0.052626        5.652652       
107             255.800000      1352.454941     237.054997      0.052585        5.705237       
108             255.800000      1366.239747     237.230397      0.053889        5.759126       
109             255.800000      1379.741127     237.399037      0.052781        5.811907       
110             255.800000      1393.434868     237.566980      0.053533        5.865440       
111             255.529000      1406.896647     237.726875      0.052682        5.918122       
112             255.529000      1420.345138     237.883794      0.052630        5.970752       
113             255.800000      1433.802009     238.040271      0.052607        6.023359       
114             255.800000      1447.836220     238.200576      0.054864        6.078223       
115             255.800000      1461.436083     238.353183      0.053166        6.131389       
116             255.800000      1474.887837     238.501546      0.052587        6.183976       
117             255.800000      1488.360312     238.647630      0.052668        6.236644       
118             255.800000      1502.022334     238.793272      0.053409        6.290053       
119             255.800000      1515.480739     238.934344      0.052613        6.342666       
120             255.800000      1529.447675     239.078293      0.054601        6.397267       
121             256.125000      1543.209015     239.220272      0.053729        6.450996       
122             256.125000      1556.693740     239.357121      0.052649        6.503645       
123             255.800000      1570.191027     239.489450      0.052765        6.556410       
124             255.800000      1583.661455     239.619410      0.052660        6.609070       
125             256.396000      1604.054168     239.818905      0.079536        6.688606       
126             256.125000      1617.577312     239.946615      0.052799        6.741405       
127             256.125000      1631.065622     240.072019      0.052663        6.794068       
128             255.196000      1644.770668     240.190630      0.053704        6.847772       
129             255.196000      1658.441008     240.307101      0.053568        6.901340       
130             256.125000      1671.939051     240.426976      0.052701        6.954041       
131             256.125000      1685.759812     240.547850      0.053961        7.008002       
132             254.925000      1699.325391     240.656197      0.053214        7.061216       
133             254.925000      1712.753056     240.761847      0.052673        7.113889       
134             256.125000      1726.241367     240.874742      0.052663        7.166552       
135             255.196000      1739.665697     240.979097      0.052604        7.219156       
136             255.196000      1753.192616     241.082723      0.053006        7.272162       
137             256.125000      1766.708077     241.191088      0.052769        7.324931       
138             256.125000      1780.184862     241.297599      0.052618        7.377549       
139             255.196000      1793.611489     241.396014      0.052613        7.430162       
140             255.196000      1807.276469     241.494755      0.053547        7.483709       
141             256.125000      1820.908210     241.598068      0.053223        7.536932       
142             256.125000      1834.663403     241.700848      0.053705        7.590637       
143             255.529000      1848.712643     241.800289      0.054981        7.645618       
144             255.529000      1862.249803     241.894762      0.052977        7.698595       
145             256.125000      1875.955820     241.992993      0.053513        7.752108       
146             256.125000      1889.631102     242.089662      0.053393        7.805501       
147             251.107000      1902.971664     242.150623      0.053127        7.858628       
148             251.107000      1916.388562     242.211106      0.053431        7.912059       
149             256.125000      1929.999813     242.303938      0.053143        7.965202       
150             256.125000      1943.653068     242.395820      0.053307        8.018509       
151             255.800000      1957.841271     242.487904      0.055466        8.073975       
152             256.125000      1971.549593     242.577708      0.053522        8.127497       
153             256.125000      1985.299664     242.666605      0.053685        8.181182       
154             255.800000      1999.013869     242.752111      0.053613        8.234795       
155             255.800000      2012.459740     242.834869      0.052564        8.287359       
156             256.125000      2026.223898     242.920495      0.053740        8.341099       
157             256.125000      2039.946819     243.004773      0.053579        8.394678       
158             255.800000      2053.849805     243.087082      0.054351        8.449029       
159             255.800000      2067.308978     243.165761      0.052616        8.501645       
160             256.396000      2081.409219     243.250793      0.054994        8.556639       
161             256.396000      2095.205632     243.332941      0.053809        8.610448       
162             256.125000      2108.930602     243.412059      0.053587        8.664035       
163             256.125000      2122.482176     243.489224      0.052910        8.716945       
164             256.675000      2136.478150     243.571194      0.054528        8.771473       
165             256.675000      2150.304206     243.651174      0.053866        8.825339       
166             256.125000      2164.056582     243.726606      0.053694        8.879033       
167             256.396000      2179.259839     243.810654      0.059296        8.938329       
168             256.396000      2192.780626     243.884469      0.052734        8.991063       
169             256.396000      2206.263466     243.957220      0.052586        9.043649       
170             256.396000      2219.773740     244.029275      0.052693        9.096342       
171             256.675000      2233.291016     244.102065      0.052663        9.149005       
172             256.675000      2246.806494     244.174013      0.052656        9.201661       
173             256.125000      2260.314015     244.242118      0.052738        9.254399       
174             256.125000      2273.966758     244.310171      0.053305        9.307704       
175             256.675000      2287.837218     244.381545      0.054039        9.361743       
176             256.675000      2301.342173     244.450251      0.052615        9.414358       
177             256.396000      2314.829116     244.516626      0.052602        9.466960       
178             256.396000      2328.370414     244.582530      0.052814        9.519774       
179             256.675000      2342.164642     244.650413      0.053742        9.573516       
180             256.675000      2355.671137     244.716145      0.052621        9.626137       
181             256.125000      2369.299804     244.778864      0.053211        9.679348       
182             256.675000      2382.815540     244.843230      0.052657        9.732005       
183             256.675000      2396.713721     244.908696      0.054147        9.786152       
184             256.396000      2410.369116     244.970874      0.053259        9.839411       
185             256.396000      2423.847853     245.031592      0.052570        9.891981       
186             256.675000      2437.557635     245.094124      0.053413        9.945394       
187             256.675000      2451.070804     245.155106      0.052647        9.998041       
188             256.396000      2464.554157     245.213922      0.052588        10.050629      
189             256.396000      2478.042637     245.272148      0.052608        10.103237      
190             256.675000      2491.551186     245.331239      0.052629        10.155866      
191             256.675000      2505.069745     245.389764      0.052668        10.208534      
192             256.675000      2518.579064     245.447648      0.052632        10.261166      
193             256.675000      2532.172058     245.505295      0.052958        10.314124      
194             257.000000      2546.173418     245.565692      0.054480        10.368604      
195             257.000000      2559.795703     245.623848      0.053005        10.421609      
196             256.675000      2573.368164     245.679637      0.052878        10.474487      
197             256.675000      2586.928304     245.734816      0.052830        10.527317      
198             257.000000      2600.463209     245.790892      0.052665        10.579982      
199             257.000000      2614.008137     245.846453      0.052704        10.632686      
200             256.675000      2627.501028     245.899726      0.052568        10.685254      
201             256.675000      2641.009577     245.952538      0.052629        10.737883      
202             256.675000      2655.097954     246.007068      0.054888        10.792771      
203             256.675000      2668.621390     246.058893      0.052687        10.845458      
204             256.675000      2682.135842     246.110183      0.052652        10.898110      
205             256.125000      2696.005267     246.159699      0.054151        10.952261      
206             256.125000      2709.492554     246.207383      0.052659        11.004920      
207             257.000000      2723.024118     246.258773      0.052652        11.057572      
208             257.000000      2736.546944     246.309644      0.052618        11.110190      
209             256.396000      2750.041065     246.357199      0.052630        11.162820      
210             256.396000      2763.950292     246.405749      0.054249        11.217069      
211             256.675000      2777.484508     246.453797      0.052729        11.269798      
212             256.675000      2791.281302     246.502316      0.053752        11.323550      
213             256.675000      2804.798578     246.549408      0.052663        11.376213      
214             256.675000      2818.319190     246.596077      0.052676        11.428889      
215             257.000000      2831.977969     246.644234      0.053147        11.482036      
216             257.000000      2845.822302     246.692592      0.053869        11.535905      
217             256.675000      2859.341374     246.737962      0.052670        11.588575      
218             256.675000      2872.843763     246.782866      0.052605        11.641180      
219             257.000000      2886.614080     246.829677      0.053581        11.694761      
220             256.675000      2900.125708     246.873795      0.052641        11.747402      
221             256.675000      2913.630664     246.917497      0.052615        11.800017      
222             257.271000      2927.164919     246.963450      0.052607        11.852624      
223             257.271000      2940.689913     247.008966      0.052571        11.905195      
224             257.000000      2954.660690     247.054380      0.054361        11.959556      
225             257.000000      2968.169381     247.097900      0.052563        12.012119      
226             257.271000      2981.728334     247.142339      0.052703        12.064822      
227             257.271000      2995.266449     247.186325      0.052622        12.117444      
228             256.675000      3008.800408     247.227435      0.052728        12.170172      
229             256.675000      3022.363372     247.268278      0.052841        12.223013      
230             257.271000      3035.904831     247.311167      0.052635        12.275648      
231             257.271000      3049.444746     247.353685      0.052629        12.328277      
232             257.000000      3063.266977     247.395585      0.053783        12.382060      
233             257.000000      3077.051686     247.437010      0.053637        12.435697      
234             257.271000      3091.073213     247.479921      0.054501        12.490198      
235             257.271000      3105.139505     247.522594      0.054675        12.544873      
236             257.000000      3118.791345     247.562556      0.053120        12.597993      
237             257.000000      3132.324194     247.601838      0.052657        12.650650      
238             257.000000      3146.096310     247.641481      0.053588        12.704238      
239             257.271000      3159.853620     247.681843      0.053474        12.757712      
240             257.271000      3173.725157     247.722199      0.053918        12.811630      
241             257.000000      3188.023609     247.762315      0.055636        12.867266      
242             257.000000      3201.628418     247.800164      0.052937        12.920203      
243             257.271000      3215.278189     247.838896      0.053056        12.973259      
244             257.271000      3229.454592     247.878789      0.055103        13.028362      
245             256.396000      3242.955380     247.913074      0.052656        13.081018      
246             256.396000      3256.443605     247.947052      0.052607        13.133625      
247             257.000000      3270.540055     247.984703      0.054850        13.188475      
248             257.000000      3284.133299     248.020714      0.052892        13.241367      
249             256.675000      3297.713460     248.055156      0.052908        13.294275      
250             256.675000      3311.701734     248.090348      0.054498        13.348773      
251             257.271000      3325.426627     248.126892      0.053348        13.402121      
252             257.271000      3338.959596     248.162641      0.052602        13.454723      
253             257.271000      3352.498482     248.198128      0.052625        13.507348      
254             257.542000      3366.090262     248.234493      0.052775        13.560123      
255             257.542000      3379.676117     248.270561      0.052752        13.612875      
256             257.271000      3393.809300     248.306737      0.054935        13.667810      
257             257.271000      3407.363622     248.341158      0.052685        13.720495      
258             257.542000      3420.929132     248.376345      0.052673        13.773168      
259             257.542000      3434.463479     248.411184      0.052552        13.825720      
260             257.271000      3448.218988     248.445315      0.053467        13.879187      
261             257.271000      3461.900659     248.479003      0.053180        13.932367      
262             257.542000      3475.457413     248.513116      0.052639        13.985006      
263             257.542000      3489.033482     248.547021      0.052714        14.037720      
264             257.271000      3502.570567     248.579599      0.052618        14.090338      
265             257.271000      3516.100449     248.611917      0.052590        14.142928      
266             257.542000      3529.666216     248.645053      0.052674        14.195602      
267             257.542000      3543.220394     248.677916      0.052629        14.248231      
268             257.271000      3556.981563     248.710055      0.053489        14.301720      
269             257.271000      3570.797787     248.742081      0.053703        14.355423      
270             257.542000      3584.922678     248.775573      0.054845        14.410268      
271             257.271000      3598.471084     248.806506      0.052662        14.462930      
272             257.271000      3612.719009     248.838795      0.055381        14.518311      
273             257.542000      3626.291215     248.870272      0.052699        14.571010      
274             257.542000      3639.878873     248.901557      0.052759        14.623769      
275             257.542000      3653.642948     248.933019      0.053444        14.677213      
276             257.542000      3667.238075     248.963871      0.052788        14.730001      
277             257.867000      3680.854226     248.995673      0.052803        14.782804      
278             257.867000      3694.451553     249.027204      0.052730        14.835534      
279             257.542000      3708.094068     249.057499      0.052972        14.888506      
280             257.542000      3721.659835     249.087410      0.052674        14.941180      
281             257.542000      3735.217619     249.117094      0.052643        14.993823      
282             257.542000      3748.768964     249.146557      0.052618        15.046441      
283             257.542000      3762.579653     249.176371      0.053625        15.100066      
284             257.542000      3776.129711     249.205418      0.052613        15.152679      
285             257.000000      3789.663845     249.232414      0.052662        15.205341      
286             257.000000      3803.419513     249.259661      0.053524        15.258865      
287             257.542000      3817.199555     249.288602      0.053506        15.312371      
288             257.542000      3830.917272     249.317212      0.053264        15.365635      
289             257.271000      3844.528709     249.344504      0.052907        15.418542      
290             257.542000      3858.080826     249.372386      0.052621        15.471163      
291             257.542000      3871.787984     249.400394      0.053223        15.524386      
292             257.542000      3885.347056     249.427911      0.052648        15.577034      
293             257.542000      3898.882948     249.455197      0.052558        15.629592      
294             257.867000      3912.837936     249.484222      0.054117        15.683709      
295             257.867000      3926.547435     249.512542      0.053165        15.736874      
296             257.271000      3940.493067     249.539174      0.054206        15.791080      
297             257.271000      3954.309292     249.565380      0.053703        15.844783      
298             257.867000      3967.888568     249.592879      0.052660        15.897443      
299             257.867000      3981.534374     249.620330      0.052918        15.950361      
300             257.542000      3995.124093     249.646450      0.052767        16.003128      
301             257.542000      4008.673377     249.672321      0.052610        16.055738      
302             257.867000      4022.256264     249.699118      0.052674        16.108412      
303             257.867000      4035.829609     249.725721      0.052637        16.161049      
304             257.542000      4049.853801     249.751969      0.054454        16.215503      
305             257.542000      4063.410297     249.777175      0.052638        16.268141      
306             257.867000      4076.981063     249.803261      0.052627        16.320768      
307             257.867000      4091.084583     249.830193      0.054693        16.375461      
308             257.867000      4105.235293     249.857035      0.054876        16.430337      
309             258.146000      4118.830810     249.883520      0.052666        16.483003      
310             258.146000      4132.443107     249.909868      0.052731        16.535734      
311             257.867000      4146.404542     249.935837      0.054142        16.589876      
312             257.867000      4159.972988     249.960913      0.052618        16.642494      
313             258.146000      4173.574442     249.986744      0.052689        16.695183      
314             258.146000      4187.145952     250.012357      0.052573        16.747756      
315             257.542000      4200.714295     250.035969      0.052684        16.800440      
316             257.542000      4214.275426     250.059421      0.052656        16.853096      
317             258.146000      4227.889788     250.084648      0.052739        16.905835      
318             258.146000      4241.484273     250.109681      0.052662        16.958497      
319             257.867000      4255.520231     250.134500      0.054431        17.012928      
320             257.867000      4269.415652     250.158914      0.053886        17.066814      
321             258.146000      4283.014267     250.183491      0.052678        17.119492      
322             258.146000      4297.023851     250.208653      0.054270        17.173762      
323             258.146000      4310.742504     250.233138      0.053143        17.226905      
324             257.271000      4324.617386     250.255103      0.053931        17.280836      
325             257.271000      4338.958958     250.277662      0.055745        17.336581      
326             257.867000      4352.552933     250.300670      0.052717        17.389298      
327             257.867000      4366.110032     250.323476      0.052574        17.441872      
328             257.542000      4379.992834     250.345717      0.053905        17.495777      
329             257.542000      4393.577659     250.367348      0.052748        17.548525      
330             257.867000      4407.431048     250.390237      0.053723        17.602248      
331             257.867000      4421.516775     250.413367      0.054624        17.656872      
332             257.867000      4435.089347     250.435520      0.052634        17.709506      
333             257.867000      4448.656761     250.457533      0.052614        17.762120      
334             258.146000      4462.265444     250.480285      0.052717        17.814837      
335             258.146000      4475.860187     250.502879      0.052663        17.867500      
336             258.146000      4489.469127     250.525363      0.052718        17.920218      
337             258.146000      4503.065419     250.547695      0.052669        17.972887      
338             258.146000      4516.672295     250.569914      0.052710        18.025597      
339             258.146000      4530.691688     250.592671      0.054308        18.079905      
340             257.271000      4544.231603     250.612055      0.052629        18.132534      
341             257.271000      4557.783868     250.631344      0.052677        18.185211      
342             258.146000      4571.377836     250.653041      0.052660        18.237871      
343             257.867000      4584.954276     250.673807      0.052649        18.290520      
344             257.867000      4598.565012     250.694505      0.052782        18.343302      
345             258.146000      4612.544392     250.716438      0.054153        18.397455      
346             258.146000      4626.416125     250.738076      0.053736        18.451191      
347             258.146000      4640.224097     250.759489      0.053489        18.504680      
348             258.146000      4653.849043     250.780497      0.052780        18.557460      
349             258.146000      4667.451272     250.801351      0.052692        18.610152      
350             258.146000      4681.336429     250.822518      0.053788        18.663940      
351             258.146000      4694.995450     250.843221      0.052912        18.716852      
352             258.146000      4708.575220     250.863689      0.052605        18.769457      
353             258.471000      4722.191473     250.884980      0.052680        18.822137      
354             258.471000      4735.803331     250.906146      0.052663        18.874800      
355             258.146000      4749.401429     250.926295      0.052676        18.927476      
356             258.146000      4762.996689     250.946328      0.052665        18.980141      
357             258.471000      4776.738558     250.967347      0.053166        19.033307      
358             258.471000      4790.645848     250.988499      0.053806        19.087113      
359             258.146000      4804.225102     251.008171      0.052603        19.139716      
360             258.471000      4817.836702     251.028648      0.052662        19.192378      
361             258.471000      4832.585316     251.050709      0.057061        19.249439      
362             258.471000      4846.217335     251.070984      0.052741        19.302180      
363             258.471000      4859.823507     251.091111      0.052641        19.354821      
364             257.542000      4873.944277     251.109334      0.054829        19.409650      
365             257.542000      4887.576233     251.126828      0.052931        19.462581      
366             258.146000      4901.208665     251.145822      0.052809        19.515390      
367             258.146000      4914.816057     251.164679      0.052712        19.568102      
368             257.867000      4928.671509     251.183032      0.053731        19.621833      
369             257.867000      4942.235055     251.200902      0.052599        19.674432      
370             258.471000      4955.837091     251.220296      0.052625        19.727057      
371             258.471000      4969.688035     251.239939      0.053588        19.780645      
372             258.146000      4983.271420     251.258261      0.052619        19.833264      
373             258.146000      4996.854288     251.276485      0.052617        19.885881      
374             258.743000      5010.528855     251.296276      0.052850        19.938731      
375             258.743000      5024.676923     251.316642      0.054680        19.993411      
376             258.146000      5038.333362     251.334665      0.052902        20.046313      
377             258.146000      5051.920361     251.352502      0.052633        20.098946      
378             258.471000      5065.527825     251.371099      0.052646        20.151592      
379             258.146000      5079.121793     251.388757      0.052660        20.204252      
380             258.146000      5092.708017     251.406313      0.052630        20.256882      
381             258.743000      5106.371459     251.425389      0.052807        20.309689      
382             258.743000      5119.995572     251.444312      0.052655        20.362344      
383             258.471000      5133.936205     251.462875      0.053935        20.416279      
384             258.471000      5147.558660     251.480919      0.052704        20.468983      
385             258.471000      5161.712532     251.499570      0.054760        20.523743      
386             258.471000      5175.589840     251.517759      0.053690        20.577433      
387             258.471000      5189.206351     251.535515      0.052681        20.630114      
388             258.471000      5202.817693     251.553174      0.052661        20.682775      
389             258.743000      5216.439735     251.571429      0.052647        20.735422      
390             258.743000      5230.045995     251.589570      0.052586        20.788008      
391             258.471000      5243.660438     251.606962      0.052673        20.840681      
392             258.471000      5258.006354     251.625194      0.055503        20.896184      
393             258.743000      5271.635382     251.643091      0.052674        20.948858      
394             258.743000      5285.261565     251.660895      0.052663        21.001521      
395             258.743000      5298.985294     251.678736      0.053040        21.054561      
396             258.743000      5312.613029     251.696363      0.052669        21.107230      
397             258.743000      5326.605074     251.714371      0.054077        21.161307      
398             258.743000      5340.635931     251.732336      0.054227        21.215534      
399             258.743000      5354.269875     251.749705      0.052693        21.268227      
400             258.743000      5368.110815     251.767250      0.053493        21.321720      
401             258.743000      5381.740620     251.784442      0.052677        21.374397      
402             258.471000      5395.731397     251.801332      0.054129        21.428526      
403             258.471000      5410.057669     251.818540      0.055427        21.483953      
404             258.146000      5423.690875     251.834056      0.052812        21.536765      
405             258.146000      5437.297493     251.849466      0.052709        21.589474      
406             258.471000      5451.427068     251.866190      0.054666        21.644140      
407             258.471000      5465.022902     251.882202      0.052601        21.696741      
408             258.471000      5479.062271     251.898656      0.054317        21.751058      
409             258.471000      5493.011175     251.914922      0.053967        21.805025      
410             258.743000      5506.756121     251.931516      0.053122        21.858147      
411             258.471000      5520.377284     251.947245      0.052699        21.910846      
412             258.471000      5534.171106     251.963096      0.053367        21.964213      
413             259.014000      5547.796537     251.979943      0.052605        22.016818      
414             259.014000      5561.422228     251.996709      0.052606        22.069424      
415             258.146000      5575.136234     252.011476      0.053125        22.122549      
416             258.146000      5588.709809     252.026022      0.052581        22.175130      
417             258.743000      5602.640015     252.042291      0.053838        22.228968      
418             258.743000      5616.258435     252.058119      0.052633        22.281601      
419             258.743000      5629.877632     252.073873      0.052636        22.334237      
420             258.743000      5643.978608     252.090107      0.054498        22.388735      
421             259.014000      5657.629163     252.106367      0.052702        22.441437      
422             259.014000      5671.277129     252.122548      0.052692        22.494129      
423             258.743000      5684.943676     252.138058      0.052819        22.546948      
424             258.743000      5698.569858     252.153449      0.052663        22.599611      
425             259.014000      5712.208240     252.169396      0.052655        22.652266      
426             259.014000      5725.835485     252.185257      0.052612        22.704878      
427             258.471000      5739.442949     252.199798      0.052646        22.757524      
428             258.471000      5753.736137     252.214999      0.055299        22.812823      
429             259.014000      5767.373224     252.230655      0.052650        22.865473      
430             258.743000      5781.212611     252.245853      0.053487        22.918960      
431             258.743000      5795.160670     252.261099      0.053907        22.972867      
432             259.014000      5808.858107     252.276608      0.052883        23.025750      
433             259.014000      5822.472660     252.291953      0.052563        23.078313      
434             259.014000      5836.113891     252.307258      0.052666        23.130979      
435             259.014000      5849.752015     252.322490      0.052654        23.183633      
436             259.014000      5863.406715     252.337672      0.052718        23.236351      
437             259.014000      5877.057011     252.352780      0.052701        23.289052      
438             258.743000      5891.123575     252.367662      0.054365        23.343417      
439             258.743000      5904.961927     252.382236      0.053483        23.396900      
440             259.014000      5919.099170     252.397670      0.054581        23.451481      
441             259.014000      5932.724860     252.412479      0.052606        23.504087      
442             258.743000      5946.384679     252.426666      0.052793        23.556880      
443             258.743000      5959.999219     252.440743      0.052618        23.609498      
444             259.014000      5974.138793     252.455907      0.054590        23.664088      
445             259.014000      5987.893213     252.470590      0.053103        23.717191      
446             259.014000      6001.685450     252.485248      0.053249        23.770440      
447             258.743000      6015.456528     252.499229      0.053223        23.823663      
448             258.743000      6029.584672     252.513506      0.054603        23.878266      
449             259.014000      6043.240668     252.527828      0.052723        23.930989      
450             259.014000      6056.882158     252.542071      0.052667        23.983656      
451             258.471000      6070.522189     252.555088      0.052772        24.036428      
452             258.471000      6084.114145     252.568002      0.052586        24.089014      
453             259.014000      6097.795265     252.582106      0.052820        24.141834      
454             259.014000      6111.440122     252.596110      0.052680        24.194514      
455             259.014000      6125.155432     252.610126      0.052952        24.247466      
456             259.014000      6139.071736     252.624284      0.053728        24.301194      
457             259.339000      6153.186002     252.639288      0.054424        24.355618      
458             259.339000      6167.344614     252.654273      0.054595        24.410213      
459             259.014000      6180.986364     252.667965      0.052668        24.462881      
460             259.014000      6194.663080     252.681634      0.052803        24.515684      
461             259.339000      6208.340878     252.695925      0.052741        24.568425      
462             259.339000      6221.999745     252.710135      0.052668        24.621093      
463             258.743000      6235.636536     252.723022      0.052704        24.673797      
464             258.743000      6249.247970     252.735829      0.052606        24.726403      
465             259.014000      6264.394850     252.750642      0.058479        24.784882      
466             259.014000      6278.066904     252.763953      0.052785        24.837667      
467             259.014000      6291.705286     252.777175      0.052655        24.890322      
468             259.339000      6305.367264     252.791034      0.052680        24.943002      
469             259.339000      6319.025872     252.804831      0.052667        24.995669      
470             259.339000      6332.693815     252.818579      0.052703        25.048372      
471             259.339000      6346.330637     252.832238      0.052583        25.100955      
472             259.339000      6359.984317     252.845857      0.052648        25.153603      
473             259.339000      6374.170938     252.859948      0.054703        25.208306      
474             259.014000      6387.825639     252.872791      0.052718        25.261024      
475             259.014000      6401.575138     252.885669      0.053084        25.314108      
476             259.339000      6415.230114     252.899064      0.052653        25.366761      
477             259.339000      6428.935402     252.912453      0.052847        25.419608      
478             259.339000      6443.156256     252.926286      0.054835        25.474443      
479             259.339000      6456.860248     252.939560      0.052842        25.527285      
480             259.618000      6470.539780     252.953317      0.052691        25.579976      
481             259.618000      6484.304726     252.967102      0.053020        25.632996      
482             259.339000      6497.954516     252.980159      0.052633        25.685629      
483             258.471000      6511.553709     252.991384      0.052614        25.738243      
484             258.471000      6525.516312     253.002860      0.054020        25.792263      
485             259.339000      6539.628763     253.016200      0.054417        25.846680      
486             259.339000      6553.276737     253.029048      0.052626        25.899306      
487             259.014000      6567.155484     253.041405      0.053583        25.952889      
488             259.014000      6580.795161     253.053499      0.052660        26.005549      
489             259.339000      6594.448841     253.066198      0.052648        26.058197      
490             259.339000      6608.110041     253.078853      0.052677        26.110874      
491             259.339000      6621.756719     253.091444      0.052621        26.163495      
492             259.339000      6635.826897     253.104372      0.054254        26.217749      
493             259.618000      6649.498641     253.117429      0.052661        26.270410      
494             259.618000      6663.310318     253.130567      0.053200        26.323610      
495             258.743000      6676.938053     253.141774      0.052669        26.376279      
496             258.743000      6691.047827     253.153330      0.054532        26.430811      
497             259.339000      6704.706174     253.165631      0.052666        26.483477      
498             259.339000      6718.602595     253.178097      0.053584        26.537061      
499             259.339000      6732.267167     253.190305      0.052690        26.589751      
500             259.339000      6745.923181     253.202458      0.052657        26.642408      
501             259.339000      6759.628469     253.214606      0.052847        26.695255      
502             259.339000      6773.262958     253.226643      0.052574        26.747829      
503             259.339000      6786.899521     253.238636      0.052582        26.800411      
504             259.618000      6800.572303     253.251147      0.052665        26.853076      
505             259.618000      6814.258585     253.263622      0.052717        26.905793      
506             259.014000      6828.287301     253.275174      0.054162        26.959955      
507             259.014000      6841.937339     253.286370      0.052700        27.012655      
508             259.339000      6856.343880     253.298792      0.055551        27.068206      
509             259.339000      6870.063432     253.310574      0.052902        27.121108      
510             259.339000      6883.711925     253.322249      0.052628        27.173736      
511             259.339000      6897.382461     253.333898      0.052713        27.226449      
512             259.618000      6911.307332     253.346254      0.053636        27.280085      
513             259.618000      6925.130433     253.358471      0.053244        27.333329      
514             259.618000      6938.896937     253.370590      0.053026        27.386355      
515             259.618000      6952.565825     253.382578      0.052650        27.439005      
516             259.618000      6966.769526     253.394986      0.054710        27.493715      
517             259.339000      6980.627046     253.406516      0.053434        27.547149      
518             259.339000      6994.449814     253.417972      0.053300        27.600449      
519             259.618000      7008.114289     253.429773      0.052633        27.653082      
520             259.618000      7022.156507     253.441853      0.054088        27.707170      
521             259.618000      7036.086830     253.453790      0.053657        27.760827      
522             259.618000      7049.745333     253.465450      0.052610        27.813437      
523             259.339000      7063.878012     253.476936      0.054495        27.867932      
524             259.339000      7077.562812     253.488015      0.052768        27.920700      
525             259.618000      7091.242863     253.499562      0.052693        27.973393      
526             259.618000      7105.068301     253.511187      0.053253        28.026646      
527             259.014000      7118.703316     253.521504      0.052642        28.079288      
528             259.014000      7132.327193     253.531773      0.052599        28.131887      
529             259.618000      7146.009062     253.543153      0.052700        28.184587      
530             259.618000      7159.672498     253.554476      0.052629        28.237216      
531             259.339000      7173.528721     253.565400      0.053429        28.290645      
532             259.339000      7187.245161     253.576174      0.052890        28.343535      
533             259.618000      7201.302696     253.587694      0.054147        28.397682      
534             259.618000      7215.260539     253.599089      0.053763        28.451445      
535             259.618000      7229.417249     253.610603      0.054529        28.505974      
536             259.889000      7243.133411     253.622205      0.052777        28.558751      
537             259.889000      7256.825663     253.633745      0.052685        28.611436      
538             259.618000      7270.505714     253.644746      0.052693        28.664129      
539             259.618000      7284.156688     253.655683      0.052581        28.716710      
540             259.889000      7298.352345     253.667517      0.054622        28.771332      
541             259.889000      7312.457041     253.679230      0.054272        28.825604      
542             259.339000      7326.516327     253.689855      0.054212        28.879816      
543             259.339000      7340.506888     253.700388      0.053947        28.933763      
544             259.889000      7354.198100     253.711635      0.052681        28.986444      
545             259.889000      7367.870081     253.722826      0.052607        29.039051      
546             259.618000      7382.024454     253.733873      0.054520        29.093571      
547             259.618000      7395.675688     253.744489      0.052582        29.146153      
548             109.691000      7401.441815     253.485146      0.052567        29.198720      
549             109.691000      7407.191817     253.227458      0.052420        29.251140      
550             81.536000       7411.631207     252.908471      0.054447        29.305587      
551             80.063000       7415.822265     252.600277      0.052347        29.357934      
552             80.063000       7421.063830     252.216376      0.065468        29.423402      
553             79.791000       7425.320839     251.904292      0.053352        29.476754      
554             79.791000       7429.667933     251.586767      0.054481        29.531235      
555             79.458000       7433.924339     251.275100      0.053568        29.584803      
556             79.458000       7438.117735     250.969149      0.052775        29.637578      
