#timestep       power           acc-energy      avg-power       dt              acc-time       
1               122.124000      12.227177       122.124000      0.100121        0.100121       
2               122.124000      25.346348       122.124000      0.107425        0.207546       
3               121.832000      37.546117       122.028968      0.100136        0.307682       
4               121.721000      49.738909       121.953330      0.100170        0.407852       
5               121.590000      61.918458       121.881690      0.100169        0.508021       
6               121.524000      74.093097       121.822772      0.100183        0.608204       
7               121.471000      86.262183       121.773024      0.100181        0.708385       
8               121.418000      98.420860       121.729052      0.100139        0.808524       
9               121.364000      110.576072      121.688816      0.100155        0.908679       
10              121.299000      122.729504      121.650102      0.100194        1.008873       
11              121.245000      134.876434      121.613508      0.100185        1.109058       
12              121.225000      147.018088      121.581328      0.100158        1.209216       
13              121.225000      159.156347      121.554079      0.100130        1.309346       
14              138.760000      173.046362      122.776069      0.100101        1.409447       
15              156.965000      188.756989      125.042969      0.100090        1.509537       
16              169.662000      205.737270      127.817293      0.100083        1.609620       
17              185.671000      224.319596      131.203915      0.100082        1.709702       
18              201.779000      244.513840      135.106717      0.100081        1.809783       
19              218.187000      266.350213      139.460303      0.100081        1.909864       
20              234.022000      289.770900      144.168715      0.100079        2.009943       
21              250.058000      314.798456      149.191460      0.100087        2.110030       
22              266.084000      341.429473      154.484935      0.100085        2.210115       
23              282.333000      369.686489      160.023655      0.100084        2.310199       
24              298.162000      399.526840      165.759513      0.100081        2.410280       
25              297.854000      429.335770      171.025646      0.100079        2.510359       
26              298.359000      459.197329      175.907682      0.100086        2.610445       
27              298.901000      489.112836      180.449150      0.100085        2.710530       
28              299.179000      519.053473      184.676711      0.100076        2.810606       
29              299.762000      549.060549      188.634642      0.100103        2.910709       
30              300.035000      579.087752      192.337604      0.100079        3.010788       
31              300.772000      609.191419      195.826327      0.100088        3.110876       
32              301.775000      639.395174      199.128789      0.100087        3.210963       
33              302.036000      669.624447      202.239426      0.100085        3.311048       
34              302.374000      699.886642      205.177358      0.100082        3.411130       
35              303.111000      730.222294      207.968787      0.100081        3.511211       
36              303.668000      760.623408      210.621758      0.100113        3.611324       
37              304.039000      791.060448      213.141514      0.100109        3.711433       
38              304.170000      821.503911      215.531838      0.100087        3.811520       
39              304.059000      851.934440      217.796866      0.100081        3.911601       
40              304.137000      882.372775      219.950827      0.100081        4.011682       
41              304.059000      912.803304      221.998034      0.100081        4.111763       
42              304.034000      943.231635      223.947376      0.100082        4.211845       
43              304.154000      973.682925      225.809666      0.100118        4.311963       
44              304.090000      1004.118685     227.585466      0.100088        4.412051       
45              303.970000      1034.540306     229.279708      0.100081        4.512132       
46              303.970000      1064.961624     230.900406      0.100080        4.612212       
47              304.005000      1095.386140     232.452992      0.100079        4.712291       
48              304.005000      1125.810657     233.941001      0.100079        4.812370       
49              304.012000      1156.245298     235.368958      0.100110        4.912480       
50              304.099000      1186.691082     236.741722      0.100118        5.012598       
51              304.116000      1217.128532     238.060629      0.100085        5.112683       
52              304.010000      1247.553244     239.326768      0.100078        5.212761       
53              303.908000      1277.967749     240.543286      0.100078        5.312839       
54              304.116000      1308.403678     241.718688      0.100080        5.412919       
55              304.286000      1338.856317     242.854490      0.100079        5.512998       
56              304.116000      1369.291942     243.946759      0.100079        5.613077       
57              304.194000      1399.745108     245.002459      0.100111        5.713188       
58              304.319000      1430.209570     246.023911      0.100107        5.813295       
59              304.259000      1460.661028     247.009540      0.100084        5.913379       
60              304.220000      1491.106453     247.961647      0.100077        6.013456       
61              304.289000      1521.558783     248.883711      0.100077        6.113533       
62              304.229000      1552.005108     249.775108      0.100077        6.213610       
63              304.293000      1582.458752     250.639286      0.100080        6.313690       
64              304.293000      1612.913917     251.476536      0.100085        6.413775       
65              304.325000      1643.371676     252.288532      0.100083        6.513858       
66              304.294000      1673.824811     253.075447      0.100078        6.613936       
67              304.297000      1704.277942     253.838940      0.100077        6.714013       
68              304.225000      1734.724475     254.578963      0.100079        6.814092       
69              304.292000      1765.179844     255.298583      0.100086        6.914178       
70              304.259000      1795.631606     255.997188      0.100085        7.014263       
71              304.259000      1826.081239     256.676091      0.100078        7.114341       
72              304.428000      1856.547784     257.338503      0.100078        7.214419       
73              304.428000      1887.014634     257.982794      0.100079        7.314498       
74              304.292000      1917.468177     258.607864      0.100080        7.414578       
75              304.323000      1947.927258     259.216745      0.100088        7.514666       
76              304.460000      1978.399137     259.811402      0.100085        7.614751       
77              304.417000      2008.864886     260.390039      0.100079        7.714830       
78              304.477000      2039.336639     260.954624      0.100079        7.814909       
79              304.542000      2069.814898     261.505753      0.100079        7.914988       
80              304.482000      2100.289893     262.042418      0.100088        8.015076       
81              304.482000      2130.764278     262.565834      0.100086        8.115162       
82              304.517000      2161.240948     263.076903      0.100082        8.215244       
83              304.547000      2191.721839     263.576050      0.100086        8.315330       
84              304.674000      2222.215746     264.064840      0.100087        8.415417       
85              304.537000      2252.695332     264.540521      0.100085        8.515502       
86              304.641000      2283.194161     265.006491      0.100114        8.615616       
87              304.603000      2313.681570     265.461207      0.100089        8.715705       
88              304.537000      2344.169683     265.904954      0.100113        8.815818       
89              304.612000      2374.671092     266.339660      0.100132        8.915950       
90              304.673000      2405.179523     266.765400      0.100135        9.016085       
91              304.611000      2435.680831     267.181094      0.100132        9.116217       
92              304.466000      2466.167621     267.586180      0.100132        9.216349       
93              304.432000      2496.652833     267.982216      0.100138        9.316487       
94              304.602000      2527.153240     268.371614      0.100132        9.416619       
95              304.546000      2557.647736     268.752225      0.100131        9.516750       
96              304.530000      2588.140324     269.124739      0.100130        9.616880       
97              304.596000      2618.639522     269.490257      0.100130        9.717010       
98              304.662000      2649.145633     269.848995      0.100131        9.817141       
99              304.454000      2679.631525     270.198396      0.100133        9.917274       
100             304.536000      2710.125019     270.541624      0.100131        10.017405      
101             304.566000      2740.622431     270.878366      0.100134        10.117539      
102             304.566000      2771.119538     271.208504      0.100133        10.217672      
103             304.661000      2801.627072     271.533166      0.100136        10.317808      
104             304.591000      2832.126378     271.850901      0.100132        10.417940      
105             304.596000      2862.626490     272.162638      0.100133        10.518073      
106             304.592000      2893.125896     272.468454      0.100132        10.618205      
107             304.559000      2923.621998     272.768247      0.100132        10.718337      
108             304.631000      2954.125309     273.063158      0.100132        10.818469      
109             304.601000      2984.625312     273.352381      0.100131        10.918600      
110             304.564000      3015.127701     273.636068      0.100151        11.018751      
111             304.530000      3045.620899     273.914286      0.100132        11.118883      
112             304.733000      3076.134423     274.189349      0.100132        11.219015      
113             304.665000      3106.641139     274.458945      0.100132        11.319147      
114             304.755000      3137.156867     274.724601      0.100132        11.419279      
115             304.755000      3167.672899     274.985642      0.100133        11.519412      
116             304.695000      3198.182619     275.241663      0.100132        11.619544      
117             304.571000      3228.680532     275.492256      0.100134        11.719678      
118             304.635000      3259.185157     275.739147      0.100135        11.819813      
119             304.733000      3289.700206     275.982719      0.100137        11.919950      
120             304.766000      3320.219168     276.222511      0.100139        12.020089      
121             304.629000      3350.725021     276.457214      0.100141        12.120230      
122             304.596000      3381.227569     276.687800      0.100141        12.220371      
123             304.630000      3411.734131     276.914919      0.100143        12.320514      
124             304.571000      3442.233871     277.137892      0.100140        12.420654      
125             304.531000      3472.729605     277.356980      0.100140        12.520794      
126             304.696000      3503.241253     277.573895      0.100138        12.620932      
127             304.870000      3533.771240     277.788771      0.100141        12.721073      
128             304.662000      3564.280397     277.998667      0.100141        12.821214      
129             304.629000      3594.799349     278.205141      0.100184        12.921398      
130             304.832000      3625.324616     278.409906      0.100138        13.021536      
131             304.755000      3655.842782     278.610963      0.100140        13.121676      
132             304.760000      3686.361753     278.809013      0.100141        13.221817      
133             304.904000      3716.894839     279.005167      0.100140        13.321957      
134             304.962000      3747.434344     279.198831      0.100142        13.422099      
135             304.536000      3777.932711     279.386480      0.100147        13.522246      
136             304.536000      3808.427728     279.571350      0.100136        13.622382      
137             304.506000      3838.919131     279.753300      0.100134        13.722516      
138             304.537000      3869.425821     279.932909      0.100174        13.822690      
139             304.631000      3899.930655     280.110545      0.100137        13.922827      
140             304.527000      3930.425684     280.284904      0.100139        14.022966      
141             304.538000      3960.921815     280.456869      0.100139        14.123105      
142             304.537000      3991.418150     280.626408      0.100140        14.223245      
143             304.537000      4021.915095     280.793579      0.100142        14.323387      
144             304.478000      4052.405826     280.958017      0.100141        14.423528      
145             304.899000      4082.938107     281.123087      0.100139        14.523667      
146             304.691000      4113.449864     281.284474      0.100140        14.623807      
147             304.625000      4143.954402     281.443214      0.100138        14.723945      
148             304.762000      4174.473269     281.600737      0.100140        14.824085      
149             304.762000      4204.992135     281.756147      0.100140        14.924225      
150             304.752000      4235.510001     281.909419      0.100140        15.024365      
151             304.762000      4266.028867     282.060726      0.100140        15.124505      
152             304.795000      4296.551039     282.210261      0.100140        15.224645      
153             304.462000      4327.041386     282.355672      0.100145        15.324790      
154             304.462000      4357.530819     282.499192      0.100142        15.424932      
155             304.632000      4388.036363     282.641951      0.100139        15.525071      
156             304.632000      4418.541602     282.782880      0.100138        15.625209      
157             304.736000      4449.057865     282.922679      0.100140        15.725349      
158             304.633000      4479.563814     283.060057      0.100140        15.825489      
159             304.666000      4510.073372     283.195916      0.100141        15.925630      
160             304.698000      4540.586439     283.330278      0.100142        16.025772      
161             304.632000      4571.092592     283.462561      0.100141        16.125913      
162             304.599000      4601.596050     283.593009      0.100143        16.226056      
163             304.698000      4632.108812     283.722462      0.100141        16.326197      
164             305.004000      4662.652218     283.852202      0.100141        16.426338      
165             304.801000      4693.174990     283.979139      0.100140        16.526478      
166             304.882000      4723.705569     284.105033      0.100139        16.626617      
167             304.911000      4754.245759     284.229620      0.100161        16.726778      
168             304.852000      4784.773943     284.352349      0.100141        16.826919      
169             304.947000      4815.311336     284.474186      0.100140        16.927059      
170             304.976000      4845.851328     284.594760      0.100139        17.027198      
171             305.042000      4876.411960     284.714364      0.100185        17.127383      
172             304.917000      4906.947263     284.831801      0.100143        17.227526      
173             304.842000      4937.474446     284.947445      0.100141        17.327667      
174             304.978000      4968.014638     285.062540      0.100139        17.427806      
175             304.948000      4998.551826     285.176147      0.100139        17.527945      
176             304.972000      5029.091112     285.288600      0.100138        17.628083      
177             304.972000      5059.630398     285.399781      0.100138        17.728221      
178             304.972000      5090.170294     285.509716      0.100140        17.828361      
179             305.031000      5120.715489     285.618751      0.100138        17.928499      
180             305.062000      5151.264092     285.726747      0.100139        18.028638      
181             305.103000      5181.817107     285.833778      0.100140        18.128778      
182             305.032000      5212.376127     285.939288      0.100183        18.228961      
183             305.032000      5242.922337     286.043601      0.100141        18.329102      
184             304.965000      5273.461837     286.146416      0.100141        18.429243      
185             305.168000      5304.021666     286.249217      0.100141        18.529384      
186             305.102000      5334.573970     286.350555      0.100138        18.629522      
187             305.206000      5365.137299     286.451368      0.100140        18.729662      
188             305.126000      5395.692616     286.550683      0.100140        18.829802      
189             304.965000      5426.232421     286.648097      0.100142        18.929944      
190             305.001000      5456.783761     286.744700      0.100168        19.030112      
191             305.101000      5487.337491     286.840792      0.100143        19.130255      
192             305.167000      5517.897219     286.936224      0.100141        19.230396      
193             305.150000      5548.455246     287.030580      0.100141        19.330537      
194             305.150000      5579.013882     287.123965      0.100143        19.430680      
195             305.025000      5609.560306     287.215752      0.100144        19.530824      
196             305.025000      5640.106119     287.306601      0.100142        19.630966      
197             304.960000      5670.644814     287.396196      0.100140        19.731106      
198             305.129000      5701.200737     287.485741      0.100141        19.831247      
199             305.233000      5731.767380     287.574909      0.100142        19.931389      
200             305.096000      5762.320303     287.662501      0.100142        20.031531      
201             305.064000      5792.870328     287.749063      0.100143        20.131674      
202             305.150000      5823.428659     287.835193      0.100142        20.231816      
203             305.150000      5853.986380     287.920473      0.100140        20.331956      
204             305.185000      5884.548521     288.005090      0.100143        20.432099      
205             305.272000      5915.118459     288.089305      0.100140        20.532239      
206             305.185000      5945.679380     288.172279      0.100139        20.632378      
207             305.061000      5976.228189     288.253853      0.100140        20.732518      
208             305.061000      6006.777607     288.334644      0.100142        20.832660      
209             305.061000      6037.326111     288.414660      0.100139        20.932799      
210             305.061000      6067.874919     288.493915      0.100140        21.032939      
211             305.151000      6098.433046     288.572846      0.100141        21.133080      
212             305.180000      6128.993466     288.651168      0.100139        21.233219      
213             305.085000      6159.545288     288.728311      0.100142        21.333361      
214             305.058000      6190.108744     288.804642      0.100189        21.433550      
215             304.960000      6220.647133     288.879770      0.100139        21.533689      
216             305.195000      6251.208750     288.955290      0.100138        21.633827      
217             305.299000      6281.780781     289.030593      0.100138        21.733965      
218             305.096000      6312.333095     289.104275      0.100140        21.834105      
219             305.180000      6342.893210     289.177667      0.100138        21.934243      
220             305.298000      6373.463614     289.250924      0.100133        22.034376      
221             305.266000      6404.030815     289.323374      0.100133        22.134509      
222             305.167000      6434.587797     289.394724      0.100132        22.234641      
223             305.271000      6465.160687     289.465914      0.100150        22.334791      
224             305.154000      6495.716063     289.535933      0.100131        22.434922      
225             305.094000      6526.266040     289.605064      0.100133        22.535055      
226             305.125000      6556.818817     289.673720      0.100132        22.635187      
227             305.095000      6587.369199     289.741640      0.100134        22.735321      
228             305.271000      6617.936290     289.809735      0.100131        22.835452      
229             305.101000      6648.486663     289.876493      0.100132        22.935584      
230             305.101000      6679.037647     289.942673      0.100134        23.035718      
231             305.134000      6709.591935     290.008422      0.100134        23.135852      
232             305.090000      6740.142122     290.073416      0.100135        23.235987      
233             305.120000      6770.696533     290.137983      0.100139        23.336126      
234             305.120000      6801.250945     290.201999      0.100139        23.436265      
235             305.150000      6831.808666     290.265598      0.100140        23.536405      
236             305.163000      6862.377759     290.328734      0.100173        23.636578      
237             305.210000      6892.942099     290.391516      0.100142        23.736720      
238             305.267000      6923.512147     290.454010      0.100142        23.836862      
239             305.181000      6954.073278     290.515620      0.100141        23.937003      
240             305.275000      6984.643211     290.577108      0.100139        24.037142      
241             305.305000      7015.216453     290.638211      0.100140        24.137282      
242             305.272000      7045.787002     290.698673      0.100142        24.237424      
243             305.168000      7076.346831     290.758210      0.100141        24.337565      
244             305.168000      7106.906659     290.817258      0.100141        24.437706      
245             305.370000      7137.486411     290.876649      0.100140        24.537846      
246             305.370000      7168.065247     290.935555      0.100137        24.637983      
247             305.266000      7198.633668     290.993563      0.100137        24.738120      
248             305.364000      7229.211903     291.051498      0.100137        24.838257      
249             305.298000      7259.783529     291.108703      0.100137        24.938394      
250             305.228000      7290.348145     291.165170      0.100137        25.038531      
251             305.239000      7320.921799     291.221246      0.100163        25.138694      
252             305.239000      7351.488128     291.276864      0.100139        25.238833      
253             305.209000      7382.052367     291.331925      0.100142        25.338975      
254             305.095000      7412.604886     291.386103      0.100141        25.439116      
255             305.095000      7443.152217     291.439848      0.100124        25.539240      
256             305.238000      7473.717835     291.493738      0.100137        25.639377      
257             305.268000      7504.301110     291.547351      0.100185        25.739562      
258             305.193000      7534.862831     291.600233      0.100139        25.839701      
259             305.363000      7565.441577     291.653363      0.100139        25.939840      
260             305.268000      7596.010809     291.705719      0.100139        26.039979      
261             305.227000      7626.575936     291.757518      0.100139        26.140118      
262             305.194000      7657.138063     291.808795      0.100140        26.240258      
263             305.299000      7687.710705     291.860081      0.100140        26.340398      
264             305.463000      7718.300075     291.911601      0.100141        26.440539      
265             305.359000      7748.877809     291.962338      0.100137        26.540676      
266             305.359000      7779.454627     292.012691      0.100134        26.640810      
267             305.205000      7810.016635     292.062092      0.100136        26.740946      
268             305.234000      7840.581852     292.111233      0.100137        26.841083      
269             305.195000      7871.143164     292.159864      0.100137        26.941220      
270             305.397000      7901.725619     292.208884      0.100140        27.041360      
271             305.329000      7932.301266     292.257291      0.100140        27.141500      
272             305.299000      7962.874213     292.305233      0.100141        27.241641      
273             305.299000      7993.447465     292.352824      0.100142        27.341783      
274             305.397000      8024.030226     292.400424      0.100141        27.441924      
275             305.462000      8054.619496     292.447915      0.100141        27.542065      
276             305.397000      8085.201952     292.494826      0.100140        27.642205      
277             305.482000      8115.792614     292.541705      0.100139        27.742344      
278             305.501000      8146.385789     292.588316      0.100141        27.842485      
279             305.453000      8176.974464     292.634421      0.100142        27.942627      
280             305.396000      8207.569340     292.680011      0.100181        28.042808      
281             305.567000      8238.169431     292.725867      0.100142        28.142950      
282             305.633000      8268.775825     292.771631      0.100141        28.243091      
283             305.529000      8299.372110     292.816706      0.100142        28.343233      
284             305.633000      8329.978505     292.861828      0.100141        28.443374      
285             305.479000      8360.569477     292.906094      0.100141        28.543515      
286             305.479000      8391.160450     292.950050      0.100141        28.643656      
287             305.392000      8421.742710     292.993396      0.100141        28.743797      
288             305.562000      8452.341689     293.037032      0.100140        28.843937      
289             305.479000      8482.932050     293.080078      0.100139        28.944076      
290             305.419000      8513.516403     293.122620      0.100139        29.044215      
291             305.479000      8544.106765     293.165076      0.100139        29.144354      
292             305.561000      8574.705338     293.207522      0.100139        29.244493      
293             305.478000      8605.296210     293.249396      0.100141        29.344634      
294             305.397000      8635.878666     293.290710      0.100140        29.444774      
295             305.533000      8666.474741     293.332204      0.100140        29.544914      
296             305.423000      8697.059800     293.373046      0.100140        29.645054      
297             305.331000      8727.635952     293.413304      0.100141        29.745195      
298             305.423000      8758.221622     293.453601      0.100142        29.845337      
299             305.534000      8788.831545     293.494017      0.100185        29.945522      
300             305.566000      8819.431230     293.534253      0.100141        30.045663      
301             305.483000      8850.022603     293.573945      0.100141        30.145804      
302             305.453000      8880.610667     293.613275      0.100140        30.245944      
303             305.363000      8911.190328     293.652049      0.100142        30.346086      
304             305.298000      8941.763175     293.690354      0.100141        30.446227      
305             305.265000      8972.332107     293.728298      0.100139        30.546366      
306             305.500000      9002.924572     293.766763      0.100139        30.646505      
307             305.565000      9033.523851     293.805189      0.100140        30.746645      
308             305.329000      9064.106519     293.842608      0.100163        30.846808      
309             305.264000      9094.675656     293.879566      0.100140        30.946948      
310             305.434000      9125.261817     293.916834      0.100140        31.047088      
311             305.434000      9155.848283     293.953863      0.100141        31.147229      
312             305.457000      9186.437053     293.990728      0.100141        31.247370      
313             305.467000      9217.027434     294.027390      0.100143        31.347513      
314             305.393000      9247.609795     294.063582      0.100141        31.447654      
315             305.393000      9278.191850     294.099545      0.100140        31.547794      
316             305.392000      9308.774110     294.135276      0.100141        31.647935      
317             305.393000      9339.356471     294.170786      0.100141        31.748076      
318             305.363000      9369.935827     294.205978      0.100141        31.848217      
319             305.434000      9400.522598     294.241172      0.100142        31.948359      
320             305.458000      9431.112079     294.276222      0.100143        32.048502      
321             305.440000      9461.698840     294.310996      0.100140        32.148642      
322             305.368000      9492.279003     294.345331      0.100142        32.248784      
323             305.368000      9522.859165     294.379454      0.100142        32.348926      
324             305.440000      9553.446537     294.413588      0.100142        32.449068      
325             305.368000      9584.026700     294.447291      0.100142        32.549210      
326             305.337000      9614.603452     294.480691      0.100141        32.649351      
327             305.337000      9645.180510     294.513888      0.100142        32.749493      
328             305.506000      9675.774186     294.547397      0.100141        32.849634      
329             305.428000      9706.360968     294.580466      0.100144        32.949778      
330             305.435000      9736.947534     294.613355      0.100141        33.049919      
331             305.567000      9767.547014     294.646444      0.100140        33.150059      
332             305.567000      9798.147104     294.679335      0.100142        33.250201      
333             305.331000      9828.723256     294.711318      0.100141        33.350342      
334             305.572000      9859.323236     294.743832      0.100140        33.450482      
335             305.488000      9889.914193     294.775900      0.100138        33.550620      
336             305.488000      9920.517370     294.807789      0.100178        33.650798      
337             305.518000      9951.111637     294.839567      0.100139        33.750937      
338             305.488000      9981.703817     294.871068      0.100142        33.851079      
339             305.404000      10012.286668    294.902135      0.100139        33.951218      
340             305.335000      10042.863220    294.932817      0.100141        34.051359      
341             305.365000      10073.451937    294.963416      0.100171        34.151530      
342             305.364000      10104.044830    294.993837      0.100185        34.251715      
343             305.394000      10134.627901    295.024156      0.100143        34.351858      
344             305.424000      10165.213366    295.054385      0.100141        34.451999      
345             305.424000      10195.798525    295.084438      0.100140        34.552139      
346             305.463000      10226.387590    295.114431      0.100140        34.652279      
347             305.419000      10256.972554    295.144124      0.100141        34.752420      
348             305.397000      10287.555010    295.173583      0.100140        34.852560      
349             305.637000      10318.161499    295.203561      0.100140        34.952700      
350             305.637000      10348.775629    295.233375      0.100165        35.052865      
351             305.297000      10379.348071    295.262043      0.100140        35.153005      
352             305.199000      10409.911309    295.290270      0.100142        35.253147      
353             305.333000      10440.487355    295.318717      0.100140        35.353287      
354             305.303000      10471.060703    295.346918      0.100141        35.453428      
355             305.363000      10501.639754    295.375130      0.100140        35.553568      
356             305.393000      10532.221809    295.403267      0.100140        35.653708      
357             305.265000      10562.791351    295.430888      0.100141        35.753849      
358             305.209000      10593.355896    295.458199      0.100143        35.853992      
359             305.239000      10623.922835    295.485441      0.100141        35.954133      
360             305.227000      10654.488267    295.512498      0.100140        36.054273      
361             305.174000      10685.049307    295.539259      0.100143        36.154416      
362             305.227000      10715.615654    295.566018      0.100143        36.254559      
363             305.162000      10746.176103    295.592452      0.100145        36.354704      
364             305.331000      10776.752560    295.619204      0.100142        36.454846      
365             305.331000      10807.328406    295.645809      0.100140        36.554986      
366             305.333000      10837.904147    295.672274      0.100139        36.655125      
367             305.333000      10868.480499    295.698595      0.100141        36.755266      
368             305.304000      10899.053947    295.724694      0.100141        36.855407      
369             304.965000      10929.593142    295.749733      0.100140        36.955547      
370             305.024000      10960.137940    295.774795      0.100139        37.055686      
371             305.062000      10990.686849    295.799826      0.100140        37.155826      
372             305.024000      11021.232563    295.824620      0.100142        37.255968      
373             305.144000      11051.790293    295.849602      0.100142        37.356110      
374             305.203000      11082.353932    295.874609      0.100142        37.456252      
375             305.160000      11112.912654    295.899368      0.100140        37.556392      
376             305.089000      11143.464267    295.923806      0.100140        37.656532      
377             305.057000      11174.012980    295.948030      0.100141        37.756673      
378             305.203000      11204.576619    295.972512      0.100142        37.856815      
379             305.203000      11235.139647    295.996864      0.100140        37.956955      
380             305.417000      11265.724716    296.021652      0.100142        38.057097      
381             305.388000      11296.306270    296.046233      0.100140        38.157237      
382             305.418000      11326.890829    296.070764      0.100140        38.257377      
383             305.417000      11357.475593    296.095164      0.100141        38.357518      
384             305.330000      11388.051644    296.119211      0.100141        38.457659      
385             305.452000      11418.655491    296.143462      0.100192        38.557851      
386             305.494000      11449.248271    296.167684      0.100142        38.657993      
387             305.018000      11479.792774    296.190551      0.100140        38.758133      
388             304.952000      11510.330972    296.213130      0.100141        38.858274      
389             305.155000      11540.889194    296.236115      0.100140        38.958414      
390             305.324000      11571.464339    296.259414      0.100140        39.058554      
391             305.187000      11602.025765    296.282245      0.100140        39.158694      
392             305.155000      11632.584902    296.304878      0.100143        39.258837      
393             305.225000      11663.150744    296.327574      0.100142        39.358979      
394             305.187000      11693.713086    296.350058      0.100143        39.459122      
395             305.089000      11724.265004    296.372180      0.100141        39.559263      
396             305.233000      11754.831341    296.394554      0.100141        39.659404      
397             305.203000      11785.394370    296.416739      0.100140        39.759544      
398             305.452000      11815.982639    296.439438      0.100141        39.859685      
399             305.482000      11846.574217    296.462100      0.100142        39.959827      
400             305.500000      11877.167293    296.484692      0.100141        40.059968      
401             305.452000      11907.756172    296.507053      0.100143        40.160111      
402             305.547000      11938.354260    296.529539      0.100142        40.260253      
403             305.576000      11968.955252    296.551985      0.100142        40.360395      
404             305.542000      11999.552228    296.574235      0.100140        40.460535      
405             305.358000      12030.131083    296.595922      0.100141        40.560676      
406             305.292000      12060.710656    296.617344      0.100165        40.660841      
407             305.388000      12091.292516    296.638891      0.100141        40.760982      
408             305.561000      12121.892006    296.660758      0.100142        40.861124      
409             305.424000      12152.477470    296.682182      0.100141        40.961265      
410             305.424000      12183.062935    296.703501      0.100141        41.061406      
411             305.462000      12213.651900    296.724810      0.100140        41.161546      
412             305.390000      12244.234571    296.745840      0.100143        41.261689      
413             305.447000      12274.822950    296.766907      0.100143        41.361832      
414             305.462000      12305.412525    296.787908      0.100142        41.461974      
415             305.631000      12336.018719    296.809215      0.100141        41.562115      
416             305.512000      12366.612385    296.830133      0.100139        41.662254      
417             305.462000      12397.201045    296.850830      0.100139        41.762393      
418             305.599000      12427.816564    296.871766      0.100182        41.862575      
419             305.566000      12458.423887    296.892519      0.100166        41.962741      
420             305.577000      12489.024979    296.913195      0.100142        42.062883      
421             305.642000      12519.631358    296.933926      0.100138        42.163021      
422             305.578000      12550.265858    296.954430      0.100251        42.263272      
423             305.298000      12580.837789    296.974153      0.100138        42.363410      
424             305.298000      12611.409720    296.993782      0.100138        42.463548      
425             305.500000      12642.001574    297.013794      0.100137        42.563685      
426             305.422000      12672.586533    297.033530      0.100140        42.663825      
427             305.452000      12703.187325    297.053251      0.100182        42.764007      
428             305.330000      12733.763071    297.072588      0.100140        42.864147      
429             305.401000      12764.346233    297.092000      0.100141        42.964288      
430             305.297000      12794.919590    297.111080      0.100143        43.064431      
431             305.160000      12825.478923    297.129753      0.100142        43.164573      
432             305.362000      12856.058179    297.148808      0.100141        43.264714      
433             305.297000      12886.631231    297.167624      0.100142        43.364856      
434             305.422000      12917.217107    297.186642      0.100143        43.464999      
435             305.422000      12947.791681    297.205566      0.100106        43.565105      
436             305.467000      12978.381452    297.224512      0.100141        43.665246      
437             305.500000      13008.974528    297.243448      0.100141        43.765387      
438             305.517000      13039.569306    297.262336      0.100141        43.865528      
439             305.501000      13070.162176    297.281101      0.100140        43.965668      
440             305.501000      13100.755962    297.299781      0.100143        44.065811      
441             305.364000      13131.335419    297.318066      0.100141        44.165952      
442             305.423000      13161.921089    297.336401      0.100142        44.266094      
443             305.501000      13192.514570    297.354830      0.100142        44.366236      
444             305.567000      13223.114660    297.373325      0.100142        44.466378      
445             305.468000      13253.704226    297.391513      0.100140        44.566518      
446             305.548000      13284.307303    297.409803      0.100158        44.666676      
447             305.506000      13314.900979    297.427914      0.100141        44.766817      
448             305.435000      13345.484185    297.445783      0.100130        44.866947      
449             305.435000      13376.070446    297.463575      0.100140        44.967087      
450             305.517000      13406.665835    297.481470      0.100143        45.067230      
451             305.517000      13437.260919    297.499286      0.100142        45.167372      
452             305.467000      13467.850690    297.516912      0.100141        45.267513      
453             305.434000      13498.437767    297.534388      0.100143        45.367656      
454             305.604000      13529.040951    297.552161      0.100140        45.467796      
455             305.566000      13559.639108    297.569771      0.100136        45.567932      
456             305.577000      13590.238367    297.587329      0.100136        45.668068      
457             305.632000      13620.847717    297.604932      0.100151        45.768219      
458             305.572000      13651.452586    297.622329      0.100156        45.868375      
459             305.482000      13682.043554    297.639451      0.100140        45.968515      
460             305.462000      13712.632824    297.656455      0.100141        46.068656      
461             305.671000      13743.242718    297.673838      0.100140        46.168796      
462             305.608000      13773.841719    297.691008      0.100125        46.268921      
463             305.702000      13804.455023    297.708309      0.100141        46.369062      
464             305.702000      13835.067715    297.725535      0.100139        46.469201      
465             305.612000      13865.670479    297.742493      0.100136        46.569337      
466             305.572000      13896.269236    297.759292      0.100136        46.669473      
467             305.612000      13926.872305    297.776105      0.100137        46.769610      
468             305.612000      13957.478125    297.792848      0.100146        46.869756      
469             305.612000      13988.081805    297.809518      0.100139        46.969895      
470             305.612000      14018.700460    297.826126      0.100188        47.070083      
471             305.553000      14049.298232    297.842529      0.100139        47.170222      
472             305.516000      14079.891382    297.858785      0.100136        47.270358      
473             305.516000      14110.483921    297.874971      0.100134        47.370492      
474             305.467000      14141.071248    297.890985      0.100133        47.470625      
475             305.566000      14171.673377    297.907143      0.100149        47.570774      
476             305.566000      14202.270312    297.923230      0.100132        47.670906      
477             305.358000      14232.846725    297.938814      0.100133        47.771039      
478             305.227000      14263.409104    297.954059      0.100130        47.871169      
479             305.397000      14293.989422    297.969595      0.100133        47.971302      
480             305.392000      14324.568628    297.985055      0.100131        48.071433      
481             305.359000      14355.144836    298.000383      0.100132        48.171565      
482             305.359000      14385.721043    298.015648      0.100132        48.271697      
483             305.329000      14416.294247    298.030787      0.100132        48.371829      
484             305.228000      14446.857337    298.045654      0.100132        48.471961      
485             305.329000      14477.430235    298.060669      0.100131        48.572092      
486             305.534000      14508.023965    298.076044      0.100132        48.672224      
487             305.424000      14538.606681    298.091129      0.100132        48.772356      
488             305.424000      14569.187870    298.106152      0.100127        48.872483      
489             305.423000      14599.770486    298.121113      0.100132        48.972615      
490             305.394000      14630.350809    298.135953      0.100134        49.072749      
491             305.428000      14660.935147    298.150803      0.100136        49.172885      
492             305.435000      14691.520492    298.165607      0.100137        49.273022      
493             305.364000      14722.098726    298.180206      0.100137        49.373159      
494             305.232000      14752.663438    298.194479      0.100136        49.473295      
495             305.304000      14783.235054    298.208840      0.100135        49.573430      
496             305.274000      14813.804277    298.223083      0.100137        49.673567      
497             305.369000      14844.383317    298.237459      0.100138        49.773705      
498             305.304000      14874.956155    298.251648      0.100139        49.873844      
499             305.333000      14905.532507    298.265838      0.100141        49.973985      
500             305.214000      14936.096942    298.279733      0.100141        50.074126      
501             305.214000      14966.661682    298.293573      0.100142        50.174268      
502             305.200000      14997.214339    298.307325      0.100107        50.274375      
503             305.441000      15027.801811    298.321507      0.100142        50.374517      
504             305.572000      15058.412792    298.335897      0.100176        50.474693      
505             305.403000      15088.995848    298.349890      0.100140        50.574833      
506             305.488000      15119.587417    298.363996      0.100140        50.674973      
507             305.548000      15150.185299    298.378164      0.100141        50.775114      
508             305.518000      15180.780482    298.392218      0.100142        50.875256      
509             305.506000      15211.373548    298.406193      0.100139        50.975395      
510             305.638000      15241.980137    298.420372      0.100140        51.075535      
511             305.671000      15272.590337    298.434560      0.100141        51.175676      
512             305.454000      15303.178806    298.448269      0.100141        51.275817      
513             305.293000      15333.766111    298.461617      0.100190        51.376007      
514             305.418000      15364.350975    298.475150      0.100141        51.476148      
515             305.453000      15394.939344    298.488698      0.100141        51.576289      
516             305.547000      15425.536821    298.502376      0.100140        51.676429      
517             305.547000      15456.133992    298.516000      0.100139        51.776568      
518             305.427000      15486.717619    298.529340      0.100134        51.876702      
519             305.487000      15517.306032    298.542744      0.100130        51.976832      
520             305.517000      15547.898366    298.556154      0.100133        52.076965      
521             305.517000      15578.490394    298.569512      0.100132        52.177097      
522             305.517000      15609.082423    298.582819      0.100132        52.277229      
523             305.571000      15639.679858    298.596179      0.100132        52.377361      
524             305.582000      15670.278700    298.609509      0.100133        52.477494      
525             305.604000      15700.879440    298.622829      0.100132        52.577626      
526             305.533000      15731.473682    298.635965      0.100134        52.677760      
527             305.435000      15762.058415    298.648865      0.100135        52.777895      
528             305.435000      15792.643149    298.661715      0.100135        52.878030      
529             305.533000      15823.238001    298.674703      0.100136        52.978166      
530             305.483000      15853.827847    298.687547      0.100136        53.078302      
531             305.397000      15884.409387    298.700182      0.100137        53.178439      
532             305.483000      15915.000760    298.712930      0.100141        53.278580      
533             305.533000      15945.596834    298.725725      0.100140        53.378720      
534             305.483000      15976.197066    298.738382      0.100170        53.478890      
535             305.512000      16006.790427    298.751042      0.100138        53.579028      
536             305.542000      16037.387403    298.763710      0.100140        53.679168      
537             305.453000      16067.976077    298.776166      0.100142        53.779310      
538             305.463000      16098.565753    298.788595      0.100142        53.879452      
539             305.430000      16129.151819    298.800916      0.100141        53.979593      
540             305.483000      16159.740137    298.813288      0.100131        54.079724      
541             305.567000      16190.340227    298.825771      0.100142        54.179866      
542             305.331000      16220.916990    298.837773      0.100143        54.280009      
543             305.298000      16251.489837    298.849669      0.100141        54.380150      
544             305.423000      16282.075507    298.861752      0.100142        54.480292      
545             305.364000      16312.651299    298.873680      0.100129        54.580421      
546             305.369000      16343.230645    298.885576      0.100139        54.680560      
547             305.436000      16373.816090    298.897549      0.100137        54.780697      
548             305.468000      16404.405044    298.909538      0.100138        54.880835      
549             305.265000      16434.973671    298.921114      0.100138        54.980973      
550             305.298000      16465.545602    298.932707      0.100138        55.081111      
551             305.393000      16496.127657    298.944431      0.100140        55.181251      
552             305.393000      16526.710323    298.956112      0.100142        55.281393      
553             305.483000      16557.301696    298.967914      0.100141        55.381534      
554             305.364000      16587.881152    298.979459      0.100141        55.481675      
555             305.467000      16618.484669    298.991152      0.100186        55.581861      
556             305.363000      16649.063720    299.002612      0.100140        55.682001      
557             305.330000      16679.640077    299.013971      0.100142        55.782143      
558             305.422000      16710.225647    299.025454      0.100142        55.882285      
559             305.422000      16740.810911    299.036896      0.100141        55.982426      
560             305.330000      16771.387574    299.048133      0.100143        56.082569      
561             305.298000      16801.960726    299.059273      0.100142        56.182711      
562             305.423000      16832.546090    299.070596      0.100141        56.282852      
563             305.452000      16863.134054    299.081930      0.100140        56.382992      
564             305.401000      16893.717521    299.093133      0.100142        56.483134      
565             305.517000      16924.312299    299.104502      0.100141        56.583275      
566             305.598000      16954.915188    299.115974      0.100141        56.683416      
567             305.541000      16985.512369    299.127305      0.100141        56.783557      
568             305.541000      17016.109550    299.138596      0.100141        56.883698      
569             305.631000      17046.715744    299.150005      0.100141        56.983839      
570             305.571000      17077.315319    299.161269      0.100139        57.083978      
571             305.663000      17107.924412    299.172655      0.100140        57.184118      
572             305.631000      17138.530300    299.183945      0.100140        57.284258      
573             305.669000      17169.140299    299.195262      0.100141        57.384399      
574             305.631000      17199.745882    299.206473      0.100139        57.484538      
575             305.565000      17230.345467    299.217531      0.100141        57.584679      
576             305.666000      17260.967087    299.228730      0.100180        57.684859      
577             305.735000      17291.583389    299.240005      0.100140        57.784999      
578             305.565000      17322.183280    299.250947      0.100142        57.885141      
579             305.636000      17352.788752    299.261974      0.100137        57.985278      
580             305.702000      17383.400833    299.273076      0.100137        58.085415      
581             305.606000      17414.004218    299.283976      0.100140        58.185555      
582             305.606000      17444.608214    299.294838      0.100142        58.285697      
583             305.631000      17475.214408    299.305705      0.100141        58.385838      
584             305.542000      17505.811995    299.316383      0.100142        58.485980      
585             305.429000      17536.397960    299.326831      0.100141        58.586121      
586             305.542000      17566.995242    299.337437      0.100141        58.686262      
587             305.542000      17597.592523    299.348006      0.100141        58.786403      
588             305.512000      17628.187106    299.358489      0.100142        58.886545      
589             305.494000      17658.779581    299.368905      0.100141        58.986686      
590             305.572000      17689.380172    299.379418      0.100142        59.086828      
591             305.566000      17719.979857    299.389885      0.100141        59.186969      
592             305.453000      17750.568531    299.400126      0.100142        59.287111      
593             305.543000      17781.165607    299.410485      0.100140        59.387251      
594             305.572000      17811.765893    299.420857      0.100141        59.487392      
595             305.602000      17842.369182    299.431245      0.100141        59.587533      
596             305.495000      17872.961757    299.441418      0.100141        59.687674      
597             305.463000      17903.550822    299.451504      0.100140        59.787814      
598             305.665000      17934.189765    299.461904      0.100237        59.888051      
599             305.600000      17964.792549    299.472150      0.100140        59.988191      
600             305.534000      17995.388723    299.482253      0.100140        60.088331      
601             305.567000      18025.988508    299.492376      0.100141        60.188472      
602             305.670000      18056.599219    299.502638      0.100143        60.288615      
603             305.607000      18087.203010    299.512760      0.100141        60.388756      
604             305.468000      18117.792881    299.522620      0.100141        60.488897      
605             305.577000      18148.393362    299.532626      0.100140        60.589037      
606             305.578000      18178.994248    299.542601      0.100141        60.689178      
607             305.671000      18209.604142    299.552697      0.100140        60.789318      
608             305.642000      18240.211743    299.562712      0.100142        60.889460      
609             305.553000      18270.810126    299.572547      0.100141        60.989601      
610             305.612000      18301.414723    299.582447      0.100142        61.089743      
611             305.672000      18332.036333    299.592417      0.100178        61.189921      
612             305.701000      18362.648925    299.602398      0.100139        61.290060      
613             305.637000      18393.255414    299.612241      0.100140        61.390200      
614             305.607000      18423.859510    299.622004      0.100142        61.490342      
615             305.501000      18454.451770    299.631563      0.100138        61.590480      
616             305.670000      18485.061869    299.641365      0.100141        61.690621      
617             305.607000      18515.678189    299.651037      0.100182        61.790803      
618             305.632000      18546.284484    299.660714      0.100141        61.890944      
619             305.667000      18576.893977    299.670417      0.100140        61.991084      
620             305.572000      18607.493957    299.679935      0.100140        62.091224      
621             305.495000      18638.085921    299.689298      0.100139        62.191363      
622             305.495000      18668.678496    299.698631      0.100141        62.291504      
623             305.698000      18699.291399    299.708261      0.100141        62.391645      
624             305.698000      18729.904608    299.717859      0.100142        62.491787      
625             305.593000      18760.506386    299.727259      0.100139        62.591926      
626             305.593000      18791.108774    299.736628      0.100141        62.692067      
627             305.631000      18821.714968    299.746028      0.100141        62.792208      
628             305.527000      18852.310442    299.755233      0.100140        62.892348      
629             305.729000      18882.925838    299.764730      0.100139        62.992487      
630             305.601000      18913.528722    299.773993      0.100140        63.092627      
631             305.462000      18944.117993    299.783007      0.100141        63.192768      
632             305.397000      18974.700754    299.791889      0.100141        63.292909      
633             305.547000      19005.298536    299.800980      0.100141        63.393050      
634             305.547000      19035.896318    299.810043      0.100141        63.493191      
635             305.642000      19066.503308    299.819226      0.100140        63.593331      
636             305.612000      19097.107599    299.828334      0.100141        63.693472      
637             305.578000      19127.708486    299.837360      0.100141        63.793613      
638             305.578000      19158.309372    299.846357      0.100141        63.893754      
639             305.469000      19188.899649    299.855156      0.100142        63.993896      
640             305.704000      19219.526604    299.864298      0.100185        64.094081      
641             305.637000      19250.153876    299.873309      0.100208        64.194289      
642             305.668000      19280.763776    299.882335      0.100141        64.294430      
643             305.698000      19311.376679    299.891379      0.100141        64.394571      
644             305.699000      19341.989071    299.900396      0.100139        64.494710      
645             305.595000      19372.591354    299.909224      0.100140        64.594850      
646             305.529000      19403.189167    299.917924      0.100147        64.694997      
647             305.603000      19433.792557    299.926710      0.100141        64.795138      
648             305.603000      19464.395642    299.935469      0.100140        64.895278      
649             305.574000      19494.996433    299.944157      0.100142        64.995420      
650             305.574000      19525.596613    299.952817      0.100140        65.095560      
651             305.574000      19556.197099    299.961451      0.100141        65.195701      
652             305.632000      19586.803088    299.970148      0.100140        65.295841      
653             305.599000      19617.406077    299.978767      0.100141        65.395982      
654             305.599000      19648.008761    299.987360      0.100140        65.496122      
655             305.543000      19678.605532    299.995842      0.100139        65.596261      
656             305.543000      19709.202302    300.004297      0.100139        65.696400      
657             305.495000      19739.799459    300.012655      0.100156        65.796556      
658             305.665000      19770.413643    300.021246      0.100156        65.896712      
659             305.665000      19801.022936    300.029810      0.100140        65.996852      
660             305.637000      19831.629731    300.038305      0.100141        66.096993      
661             305.534000      19862.226822    300.046619      0.100143        66.197136      
662             305.604000      19892.830924    300.055013      0.100143        66.297279      
663             305.500000      19923.423999    300.063225      0.100141        66.397420      
664             305.500000      19954.016464    300.071413      0.100139        66.497559      
665             305.607000      19984.620254    300.079736      0.100141        66.597700      
666             305.577000      20015.220735    300.087990      0.100140        66.697840      
667             305.517000      20045.815208    300.096129      0.100140        66.797980      
668             305.517000      20076.410291    300.104243      0.100142        66.898122      
669             305.582000      20107.011578    300.112431      0.100141        66.998263      
670             305.605000      20137.614251    300.120628      0.100138        67.098401      
671             305.613000      20168.218643    300.128813      0.100141        67.198542      
672             305.638000      20198.836541    300.137014      0.100177        67.298719      
673             305.638000      20229.442825    300.145187      0.100139        67.398858      
674             305.578000      20260.044322    300.153247      0.100143        67.499001      
675             305.469000      20290.634293    300.161122      0.100141        67.599142      
676             305.671000      20321.245104    300.169272      0.100143        67.699285      
677             305.549000      20351.843392    300.177218      0.100142        67.799427      
678             305.609000      20382.447077    300.185229      0.100140        67.899567      
679             305.431000      20413.032632    300.192954      0.100139        67.999706      
680             305.455000      20443.621507    300.200692      0.100142        68.099848      
681             305.464000      20474.210672    300.208420      0.100140        68.199988      
682             305.485000      20504.802551    300.216157      0.100142        68.300130      
683             305.544000      20535.414088    300.223961      0.100187        68.400317      
684             305.568000      20566.014278    300.231773      0.100142        68.500459      
685             305.484000      20596.605446    300.239440      0.100140        68.600599      
686             305.484000      20627.197225    300.247085      0.100142        68.700741      
687             305.520000      20657.803607    300.254763      0.100178        68.800919      
688             305.638000      20688.410502    300.262587      0.100141        68.901060      
689             305.572000      20719.010788    300.270292      0.100141        69.001201      
690             305.613000      20749.614874    300.278035      0.100140        69.101341      
691             305.518000      20780.210057    300.285618      0.100142        69.201483      
692             305.501000      20810.803233    300.293154      0.100141        69.301624      
693             305.403000      20841.386595    300.300527      0.100141        69.401765      
694             305.518000      20871.981778    300.308044      0.100142        69.501907      
695             305.605000      20902.584452    300.315665      0.100138        69.602045      
696             305.539000      20933.180516    300.323169      0.100138        69.702183      
697             305.582000      20963.781498    300.330714      0.100140        69.802323      
698             305.427000      20994.366957    300.338015      0.100140        69.902463      
699             305.427000      21024.952723    300.345295      0.100141        70.002604      
700             305.435000      21055.539289    300.352565      0.100141        70.102745      
701             305.604000      21086.142779    300.360056      0.100141        70.202886      
702             305.571000      21116.743270    300.367479      0.100142        70.303028      
703             305.435000      21147.329837    300.374687      0.100141        70.403169      
704             305.488000      21177.921405    300.381950      0.100140        70.503309      
705             305.488000      21208.513584    300.389192      0.100142        70.603451      
706             305.533000      21239.109353    300.396477      0.100139        70.703590      
707             305.501000      21269.701612    300.403696      0.100138        70.803728      
708             305.577000      21300.302093    300.411003      0.100140        70.903868      
709             305.567000      21330.901878    300.418275      0.100141        71.004009      
710             305.513000      21361.496561    300.425450      0.100142        71.104151      
711             305.513000      21392.090633    300.432605      0.100140        71.204291      
712             305.632000      21422.697233    300.439907      0.100142        71.304433      
713             305.543000      21453.295225    300.447064      0.100143        71.404576      
714             305.599000      21483.898215    300.454279      0.100141        71.504717      
715             305.566000      21514.497288    300.461428      0.100139        71.604856      
716             305.577000      21545.097463    300.468572      0.100139        71.704995      
717             305.577000      21575.697944    300.475696      0.100140        71.805135      
718             305.501000      21606.291425    300.482695      0.100142        71.905277      
719             305.607000      21636.895522    300.489822      0.100142        72.005419      
720             305.607000      21667.499312    300.496929      0.100141        72.105560      
721             305.741000      21698.116216    300.504201      0.100140        72.205700      
722             305.604000      21728.720012    300.511265      0.100142        72.305842      
723             305.612000      21759.324609    300.518319      0.100142        72.405984      
724             305.647000      21789.932710    300.525403      0.100142        72.506126      
725             305.647000      21820.540201    300.532466      0.100140        72.606266      
726             305.578000      21851.157589    300.539420      0.100195        72.706461      
727             305.643000      21881.764679    300.546439      0.100140        72.806601      
728             305.643000      21912.372686    300.553440      0.100143        72.906744      
729             305.552000      21942.979218    300.560298      0.100168        73.006912      
730             305.552000      21973.577196    300.567135      0.100140        73.107052      
731             305.572000      22004.177176    300.573982      0.100140        73.207192      
732             305.518000      22034.772359    300.580735      0.100142        73.307334      
733             305.572000      22065.373256    300.587544      0.100143        73.407477      
734             305.583000      22095.973115    300.594350      0.100136        73.507613      
735             305.459000      22126.560252    300.600967      0.100135        73.607748      
736             305.489000      22157.150393    300.607608      0.100135        73.707883      
737             305.519000      22187.744150    300.614271      0.100137        73.808020      
738             305.519000      22218.338211    300.620917      0.100138        73.908158      
739             305.606000      22248.941596    300.627662      0.100140        74.008298      
740             305.502000      22279.535788    300.634249      0.100144        74.108442      
741             305.519000      22310.130461    300.640840      0.100140        74.208582      
742             305.519000      22340.725745    300.647414      0.100142        74.308724      
743             305.519000      22371.320723    300.653971      0.100141        74.408865      
744             305.567000      22401.920508    300.660574      0.100141        74.509006      
745             305.637000      22432.526691    300.667253      0.100139        74.609145      
746             305.599000      22463.129986    300.673864      0.100142        74.709287      
747             305.462000      22493.718951    300.680273      0.100140        74.809427      
748             305.430000      22524.304406    300.686623      0.100139        74.909566      
749             305.567000      22554.904191    300.693138      0.100141        75.009707      
750             305.483000      22585.494953    300.699524      0.100139        75.109846      
751             305.548000      22616.092530    300.705980      0.100140        75.209986      
752             305.637000      22646.699019    300.712537      0.100140        75.310126      
753             305.572000      22677.299916    300.718990      0.100143        75.410269      
754             305.489000      22707.891279    300.725316      0.100139        75.510408      
755             305.339000      22738.467926    300.731426      0.100140        75.610548      
756             305.460000      22769.056996    300.737680      0.100141        75.710689      
757             305.460000      22799.646677    300.743918      0.100143        75.810832      
758             305.460000      22830.235747    300.750140      0.100141        75.910973      
759             305.431000      22860.821607    300.756307      0.100140        76.011113      
760             305.580000      22891.422694    300.762653      0.100141        76.111254      
761             305.496000      22922.015369    300.768873      0.100141        76.211395      
762             305.526000      22952.611048    300.775115      0.100141        76.311536      
763             305.497000      22983.204434    300.781304      0.100143        76.411679      
764             305.543000      23013.807926    300.787537      0.100161        76.511840      
765             305.401000      23044.391088    300.793568      0.100141        76.611981      
766             305.460000      23074.979852    300.799659      0.100140        76.712121      
767             305.495000      23105.572427    300.805781      0.100141        76.812262      
768             305.612000      23136.177024    300.812038      0.100142        76.912404      
769             305.477000      23166.780626    300.818107      0.100183        77.012587      
770             305.556000      23197.379310    300.824260      0.100141        77.112728      
771             305.476000      23227.980368    300.830295      0.100175        77.212903      
772             305.430000      23258.566128    300.836253      0.100140        77.313043      
773             305.430000      23289.151888    300.842195      0.100140        77.413183      
774             305.547000      23319.749059    300.848273      0.100139        77.513322      
775             305.613000      23350.352840    300.854421      0.100139        77.613461      
776             305.525000      23380.948113    300.860439      0.100140        77.713601      
777             305.573000      23411.548499    300.866504      0.100141        77.813742      
778             305.519000      23442.144088    300.872484      0.100143        77.913885      
779             305.605000      23472.747373    300.878558      0.100140        78.014025      
780             305.672000      23503.357673    300.884703      0.100141        78.114166      
781             305.671000      23533.967261    300.890831      0.100139        78.214305      
782             305.642000      23564.574251    300.896907      0.100140        78.314445      
783             305.643000      23595.181341    300.902968      0.100140        78.414585      
784             305.578000      23625.781616    300.908930      0.100139        78.514724      
785             305.608000      23656.384590    300.914916      0.100138        78.614862      
786             305.638000      23686.990874    300.920925      0.100139        78.715001      
787             305.697000      23717.603371    300.926993      0.100140        78.815141      
788             305.608000      23748.207262    300.932933      0.100141        78.915282      
789             305.567000      23778.807047    300.938806      0.100141        79.015423      
790             305.608000      23809.410021    300.944716      0.100138        79.115561      
791             305.673000      23840.020115    300.950693      0.100140        79.215701      
792             305.705000      23870.634025    300.956696      0.100142        79.315843      
793             305.533000      23901.230711    300.962466      0.100142        79.415985      
794             305.607000      23931.833890    300.968315      0.100139        79.516124      
795             305.670000      23962.443684    300.974229      0.100140        79.616264      
796             305.577000      23993.044165    300.980011      0.100140        79.716404      
797             305.612000      24023.648150    300.985823      0.100140        79.816544      
798             305.604000      24054.254697    300.991610      0.100151        79.916695      
799             305.517000      24084.849169    300.997273      0.100140        80.016835      
800             305.467000      24115.439245    301.002860      0.100142        80.116977      
801             305.363000      24146.019212    301.008304      0.100143        80.217120      
802             305.517000      24176.613990    301.013925      0.100141        80.317261      
803             305.517000      24207.209074    301.019533      0.100142        80.417403      
804             305.501000      24237.801333    301.025106      0.100138        80.517541      
805             305.577000      24268.401202    301.030760      0.100138        80.617679      
806             305.605000      24299.003876    301.036435      0.100138        80.717817      
807             305.567000      24329.603050    301.042049      0.100139        80.817956      
808             305.578000      24360.203936    301.047662      0.100141        80.918097      
809             305.613000      24390.808022    301.053305      0.100140        81.018237      
810             305.643000      24421.415418    301.058971      0.100141        81.118378      
811             305.436000      24452.015829    301.064370      0.100186        81.218564      
812             305.332000      24482.592386    301.069626      0.100142        81.318706      
813             305.534000      24513.189477    301.075117      0.100143        81.418849      
814             305.567000      24543.788957    301.080635      0.100140        81.518989      
815             305.548000      24574.386533    301.086116      0.100140        81.619129      
816             305.577000      24604.986403    301.091619      0.100138        81.719267      
817             305.483000      24635.577776    301.096994      0.100141        81.819408      
818             305.500000      24666.196819    301.102381      0.100226        81.919634      
819             305.396000      24696.777647    301.107623      0.100135        82.019769      
820             305.482000      24727.366782    301.112957      0.100134        82.119903      
821             305.702000      24757.977335    301.118545      0.100132        82.220035      
822             305.636000      24788.581584    301.124040      0.100133        82.320168      
823             305.636000      24819.197448    301.129524      0.100171        82.420339      
824             305.517000      24849.789171    301.134848      0.100131        82.520470      
825             305.533000      24880.382801    301.140178      0.100132        82.620602      
826             305.435000      24910.966619    301.145377      0.100132        82.720734      
827             305.517000      24941.558952    301.150662      0.100133        82.820867      
828             305.517000      24972.151286    301.155935      0.100133        82.921000      
829             305.298000      25002.721996    301.160931      0.100134        83.021134      
830             305.393000      25033.303135    301.166029      0.100137        83.121271      
831             305.422000      25063.887483    301.171150      0.100138        83.221409      
832             305.435000      25094.473744    301.176275      0.100140        83.321549      
833             305.427000      25125.059509    301.181378      0.100141        83.421690      
834             305.487000      25155.651588    301.186540      0.100142        83.521832      
835             305.500000      25186.244969    301.191706      0.100142        83.621974      
836             305.466000      25216.834640    301.196818      0.100141        83.722115      
837             305.434000      25247.421106    301.201880      0.100141        83.822256      
838             305.636000      25278.028107    301.207171      0.100142        83.922398      
839             305.546000      25308.626705    301.212343      0.100144        84.022542      
840             305.636000      25339.237067    301.217609      0.100153        84.122695      
841             305.577000      25369.841521    301.222793      0.100153        84.222848      
842             305.517000      25400.436299    301.227893      0.100141        84.322989      
843             305.566000      25431.035983    301.233039      0.100141        84.423130      
844             305.468000      25461.625549    301.238056      0.100140        84.523270      
845             305.577000      25492.225113    301.243190      0.100137        84.623407      
846             305.577000      25522.824677    301.248313      0.100137        84.723544      
847             305.388000      25553.405315    301.253200      0.100137        84.823681      
848             305.388000      25583.985648    301.258075      0.100136        84.923817      
849             305.360000      25614.563788    301.262906      0.100138        85.023955      
850             305.424000      25645.148336    301.267801      0.100138        85.124093      
851             305.468000      25675.737596    301.272737      0.100139        85.224232      
852             305.534000      25706.334077    301.277738      0.100141        85.324373      
853             305.483000      25736.925755    301.282668      0.100142        85.424515      
854             305.483000      25767.530570    301.287588      0.100185        85.524700      
855             305.513000      25798.124030    301.292530      0.100138        85.624838      
856             305.534000      25828.719594    301.297484      0.100138        85.724976      
857             305.453000      25859.307657    301.302333      0.100140        85.825116      
858             305.534000      25889.903527    301.307264      0.100139        85.925255      
859             305.607000      25920.507012    301.312270      0.100140        86.025395      
860             305.566000      25951.106696    301.317216      0.100141        86.125536      
861             305.547000      25981.703867    301.322128      0.100139        86.225675      
862             305.265000      26012.273410    301.326702      0.100141        86.325816      
863             305.369000      26042.853061    301.331385      0.100140        86.425956      
864             305.369000      26073.432408    301.336058      0.100139        86.526095      
865             305.265000      26104.001340    301.340600      0.100139        86.626234      
866             305.200000      26134.564373    301.345056      0.100141        86.726375      
867             305.369000      26165.144330    301.349697      0.100141        86.826516      
868             305.369000      26195.735280    301.354329      0.100177        86.926693      
869             305.233000      26226.301313    301.358793      0.100140        87.026833      
870             305.265000      26256.870550    301.363282      0.100140        87.126973      
871             305.273000      26287.440588    301.367771      0.100140        87.227113      
872             305.209000      26318.004217    301.372176      0.100140        87.327253      
873             305.423000      26348.589582    301.376815      0.100141        87.427394      
874             305.423000      26379.174336    301.381445      0.100139        87.527533      
875             305.423000      26409.759395    301.386063      0.100140        87.627673      
876             305.364000      26440.338851    301.390604      0.100141        87.727814      
877             305.423000      26470.923911    301.395202      0.100140        87.827954      
878             305.453000      26501.511669    301.399823      0.100139        87.928093      
879             305.453000      26532.100343    301.404434      0.100142        88.028235      
880             305.518000      26562.695526    301.409108      0.100142        88.128377      
881             305.547000      26593.293920    301.413805      0.100143        88.228520      
882             305.513000      26623.888908    301.418452      0.100143        88.328663      
883             305.430000      26654.474668    301.422995      0.100140        88.428803      
884             305.483000      26685.065430    301.427588      0.100139        88.528942      
885             305.599000      26715.667503    301.432301      0.100138        88.629080      
886             305.513000      26746.260658    301.436906      0.100137        88.729217      
887             305.572000      26776.860027    301.441568      0.100138        88.829355      
888             305.572000      26807.459396    301.446219      0.100138        88.929493      
889             305.483000      26838.050158    301.450759      0.100139        89.029632      
890             305.430000      26868.635613    301.455230      0.100139        89.129771      
891             305.365000      26899.214864    301.459618      0.100140        89.229911      
892             305.502000      26929.807834    301.464149      0.100140        89.330051      
893             305.454000      26960.395998    301.468617      0.100140        89.430191      
894             305.397000      26990.978759    301.473011      0.100141        89.530332      
895             305.332000      27021.554400    301.477322      0.100139        89.630471      
896             305.534000      27052.150269    301.481850      0.100139        89.730610      
897             305.534000      27082.765387    301.486370      0.100202        89.830812      
898             305.436000      27113.352054    301.490768      0.100141        89.930953      
899             305.501000      27143.944924    301.495228      0.100140        90.031093      
900             305.453000      27174.533904    301.499626      0.100143        90.131236      
901             305.430000      27205.120580    301.503988      0.100143        90.231379      
902             305.364000      27235.700342    301.508267      0.100142        90.331521      
903             305.534000      27266.297433    301.512725      0.100143        90.431664      
904             305.599000      27296.900117    301.517245      0.100140        90.531804      
905             305.542000      27327.496482    301.521692      0.100138        90.631942      
906             305.542000      27358.093152    301.526129      0.100139        90.732081      
907             305.512000      27388.687124    301.530523      0.100140        90.832221      
908             305.435000      27419.274301    301.534823      0.100143        90.932364      
909             305.364000      27449.854063    301.539036      0.100142        91.032506      
910             305.423000      27480.439427    301.543303      0.100141        91.132647      
911             305.423000      27511.034260    301.547563      0.100172        91.232819      
912             305.423000      27541.629704    301.551814      0.100174        91.332993      
913             292.739000      27570.956297    301.542158      0.100180        91.433173      
914             273.217000      27598.328269    301.511156      0.100184        91.533357      
915             255.130000      27623.888468    301.460446      0.100185        91.633542      
916             237.014000      27647.646040    301.390026      0.100237        91.733779      
917             226.742000      27670.362414    301.308589      0.100186        91.833965      
918             210.142000      27691.415490    301.209240      0.100185        91.934150      
919             193.603000      27710.841228    301.091926      0.100338        92.034488      
920             177.134000      27728.593066    300.957094      0.100217        92.134705      
921             145.958000      27743.218788    300.788701      0.100205        92.234910      
922             127.811000      27756.024555    300.601003      0.100193        92.335103      
923             123.627000      27768.411115    300.409176      0.100193        92.435296      
