#timestep       power           acc-energy      avg-power       dt              acc-time       
1               128.827000      12.909496       128.827000      0.100208        0.100208       
2               128.827000      27.040014       128.827000      0.109686        0.209894       
3               129.427000      39.997598       129.020765      0.100115        0.310009       
4               128.667000      52.881282       128.934397      0.100132        0.410141       
5               128.566000      65.754725       128.862106      0.100131        0.510272       
6               128.566000      78.628552       128.813531      0.100134        0.610406       
7               128.477000      91.495267       128.766100      0.100148        0.710554       
8               129.165000      104.431529      128.815379      0.100153        0.810707       
9               128.429000      117.291382      128.772903      0.100132        0.910839       
10              128.399000      130.150157      128.735864      0.100147        1.010986       
11              128.310000      142.998094      128.697486      0.100132        1.111118       
12              120.988000      155.112985      128.060150      0.100133        1.211251       
13              121.033000      167.236861      127.523397      0.100170        1.311421       
14              121.033000      179.357831      127.062925      0.100146        1.411567       
15              121.017000      191.476837      126.662413      0.100143        1.511710       
16              121.017000      203.596205      126.311659      0.100146        1.611856       
17              120.999000      215.712319      126.000922      0.100134        1.711990       
18              120.969000      227.826639      125.722843      0.100144        1.812134       
19              120.947000      239.938876      125.472735      0.100145        1.912279       
20              120.927000      252.047538      125.246552      0.100132        2.012411       
21              120.945000      264.158487      125.042656      0.100136        2.112547       
22              139.924000      278.169357      125.716092      0.100132        2.212679       
23              160.259000      294.215449      127.211524      0.100126        2.312805       
24              182.325000      312.472016      129.498622      0.100132        2.412937       
25              212.851000      333.785638      132.819820      0.100134        2.513071       
26              237.252000      357.542156      136.821424      0.100132        2.613203       
27              261.014000      383.683491      141.405511      0.100153        2.713356       
28              285.442000      412.265940      146.531866      0.100134        2.813490       
29              292.746000      441.585330      151.557802      0.100153        2.913643       
30              334.263000      475.061101      157.629079      0.100148        3.013791       
31              358.507000      510.977408      164.091739      0.100183        3.113974       
32              359.087000      546.942844      170.168134      0.100158        3.214132       
33              364.157000      583.406977      176.029067      0.100133        3.314265       
34              364.358000      619.886864      181.551489      0.100121        3.414386       
35              364.494000      656.384013      186.763647      0.100131        3.514517       
36              364.589000      692.890309      191.689620      0.100130        3.614647       
37              364.708000      729.405603      196.352883      0.100122        3.714769       
38              365.406000      765.993706      200.790036      0.100130        3.814899       
39              365.406000      802.582174      205.000262      0.100131        3.915030       
40              365.575000      839.187565      209.004711      0.100131        4.015161       
41              363.889000      875.621951      212.773049      0.100125        4.115286       
42              363.949000      912.061253      216.363695      0.100122        4.215408       
43              363.686000      948.493861      219.783432      0.100176        4.315584       
44              363.671000      984.908966      223.046266      0.100132        4.415716       
45              363.766000      1021.329218     226.166145      0.100120        4.515836       
46              363.349000      1057.708810     229.141725      0.100123        4.615959       
47              363.642000      1094.121011     231.997434      0.100132        4.716091       
48              363.707000      1130.539356     234.735724      0.100131        4.816222       
49              363.737000      1166.961433     237.363135      0.100133        4.916355       
50              363.564000      1203.361824     239.881906      0.100121        5.016476       
51              363.838000      1239.793651     242.307726      0.100132        5.116608       
52              365.725000      1276.414427     244.676642      0.100132        5.216740       
53              365.966000      1313.055309     246.960624      0.100121        5.316861       
54              366.167000      1349.719977     249.164107      0.100131        5.416992       
55              366.440000      1386.411980     251.292563      0.100131        5.517123       
56              366.472000      1423.103523     253.345506      0.100121        5.617244       
57              366.472000      1459.803862     255.327014      0.100145        5.717389       
58              366.505000      1496.503107     257.240644      0.100133        5.817522       
59              366.511000      1533.202586     259.089596      0.100132        5.917654       
60              366.608000      1569.911412     260.878614      0.100131        6.017785       
61              366.605000      1606.618104     262.608937      0.100126        6.117911       
62              366.605000      1643.337261     264.284094      0.100160        6.218071       
63              366.664000      1680.042894     265.906230      0.100107        6.318178       
64              366.729000      1716.759435     267.478964      0.100119        6.418297       
65              366.268000      1753.434216     268.996484      0.100131        6.518428       
66              366.268000      1790.108997     270.468088      0.100131        6.618559       
67              366.269000      1826.784245     271.895857      0.100132        6.718691       
68              366.356000      1863.467837     273.282957      0.100131        6.818822       
69              366.367000      1900.152531     274.630068      0.100131        6.918953       
70              366.362000      1936.837091     275.938686      0.100132        7.019085       
71              366.460000      1973.531097     277.211858      0.100131        7.119216       
72              366.525000      2010.232345     278.450639      0.100133        7.219349       
73              366.530000      2046.947655     279.656034      0.100170        7.319519       
74              366.460000      2083.642028     280.827498      0.100132        7.419651       
75              367.000000      2120.390105     281.974944      0.100131        7.519782       
76              367.099000      2157.148462     283.093544      0.100132        7.619914       
77              367.081000      2193.904650     284.182884      0.100131        7.720045       
78              367.034000      2230.656498     285.243735      0.100132        7.820177       
79              367.001000      2267.404675     286.277336      0.100131        7.920308       
80              367.001000      2304.152852     287.285129      0.100131        8.020439       
81              366.968000      2340.898092     288.267671      0.100132        8.120571       
82              367.001000      2377.646269     289.226671      0.100131        8.220702       
83              367.099000      2414.404259     290.163768      0.100131        8.320833       
84              367.230000      2451.175734     291.080147      0.100132        8.420965       
85              367.296000      2487.953449     291.975756      0.100131        8.521096       
86              367.290000      2524.748194     292.850906      0.100179        8.621275       
87              367.291000      2561.524308     293.705532      0.100128        8.721403       
88              367.256000      2598.336213     294.541242      0.100235        8.821638       
89              367.285000      2635.113562     295.357677      0.100133        8.921771       
90              367.285000      2671.890911     296.155990      0.100133        9.021904       
91              367.281000      2708.667859     296.936732      0.100133        9.122037       
92              367.281000      2745.445175     297.700528      0.100134        9.222171       
93              367.251000      2782.229402     298.447792      0.100161        9.322332       
94              367.251000      2819.002979     299.178960      0.100132        9.422464       
95              367.251000      2855.779127     299.894801      0.100139        9.522603       
96              367.285000      2892.562720     300.596172      0.100150        9.622753       
97              367.316000      2929.348682     301.283401      0.100148        9.722901       
98              367.465000      2966.150670     301.958156      0.100151        9.823052       
99              367.499000      3002.952387     302.619569      0.100141        9.923193       
100             367.470000      3039.753405     303.267514      0.100147        10.023340      
101             367.565000      3076.567980     303.903649      0.100158        10.123498      
102             367.530000      3113.369862     304.526822      0.100133        10.223631      
103             367.626000      3150.194223     305.139050      0.100168        10.323799      
104             367.555000      3187.010737     305.738818      0.100166        10.423965      
105             367.587000      3223.819061     306.327293      0.100135        10.524100      
106             367.585000      3260.628656     306.904679      0.100139        10.624239      
107             367.614000      3297.439684     307.471530      0.100135        10.724374      
108             367.544000      3334.243335     308.027241      0.100134        10.824508      
109             367.545000      3371.046718     308.572768      0.100133        10.924641      
110             367.652000      3407.860816     309.109358      0.100133        11.024774      
111             367.717000      3444.679951     309.636853      0.100129        11.124903      
112             367.767000      3481.504093     310.155382      0.100129        11.225032      
113             367.831000      3518.336483     310.665334      0.100134        11.325166      
114             367.968000      3555.182222     311.167543      0.100133        11.425299      
115             367.995000      3592.030666     311.661261      0.100133        11.525432      
116             368.044000      3628.884384     312.146900      0.100134        11.625566      
117             368.016000      3665.735298     312.624005      0.100134        11.725700      
118             368.005000      3702.584374     313.092929      0.100132        11.825832      
119             368.039000      3739.437592     313.554272      0.100134        11.925966      
120             362.080000      3775.693386     313.958309      0.100132        12.026098      
121             362.075000      3811.951577     314.355662      0.100140        12.126238      
122             361.462000      3848.152357     314.741528      0.100151        12.226389      
123             362.046000      3884.409816     315.125850      0.100146        12.326535      
124             362.010000      3920.660049     315.503649      0.100136        12.426671      
125             361.353000      3956.843048     315.870142      0.100132        12.526803      
126             361.353000      3993.026408     316.230827      0.100133        12.626936      
127             361.947000      4029.269247     316.590509      0.100133        12.727069      
128             361.348000      4065.452468     316.939902      0.100134        12.827203      
129             361.348000      4101.655924     317.284075      0.100190        12.927393      
130             367.967000      4138.501563     317.673637      0.100133        13.027526      
131             368.005000      4175.350640     318.057542      0.100132        13.127658      
132             367.994000      4212.199719     318.435564      0.100135        13.227793      
133             368.024000      4249.082716     318.808440      0.100219        13.328012      
134             368.141000      4285.954246     319.176394      0.100156        13.428168      
135             368.212000      4322.822578     319.539325      0.100128        13.528296      
136             368.244000      4359.695586     319.897173      0.100132        13.628428      
137             368.315000      4396.575703     320.250318      0.100132        13.728560      
138             368.310000      4433.455689     320.598316      0.100133        13.828693      
139             368.375000      4470.342182     320.941778      0.100133        13.928826      
140             368.340000      4507.224803     321.280084      0.100132        14.028958      
141             368.281000      4544.102253     321.613183      0.100134        14.129092      
142             368.157000      4580.966550     321.940715      0.100132        14.229224      
143             368.081000      4617.836487     322.263254      0.100168        14.329392      
144             367.912000      4654.685082     322.580103      0.100156        14.429548      
145             367.760000      4691.509994     322.891466      0.100133        14.529681      
146             367.508000      4728.309305     323.196838      0.100132        14.629813      
147             367.508000      4765.108983     323.498062      0.100133        14.729946      
148             367.573000      4801.915170     323.795657      0.100133        14.830079      
149             367.636000      4838.727666     324.089682      0.100133        14.930212      
150             367.644000      4875.540963     324.379844      0.100133        15.030345      
151             367.730000      4912.362503     324.666731      0.100132        15.130477      
152             367.917000      4949.203136     324.951078      0.100133        15.230610      
153             367.944000      4986.046473     325.231887      0.100133        15.330743      
154             368.037000      5022.899122     325.509655      0.100133        15.430876      
155             368.353000      5059.783781     325.785881      0.100134        15.531010      
156             368.346000      5096.684315     326.058646      0.100179        15.631189      
157             368.485000      5133.586245     326.328730      0.100145        15.731334      
158             368.217000      5170.477906     326.593820      0.100190        15.831524      
159             367.915000      5207.325329     326.853580      0.100152        15.931676      
160             367.915000      5244.171649     327.110086      0.100149        16.031825      
161             367.944000      5281.018665     327.363572      0.100143        16.131968      
162             367.509000      5317.819178     327.611227      0.100135        16.232103      
163             367.637000      5354.677729     327.856929      0.100258        16.332361      
164             367.514000      5391.512187     328.098807      0.100226        16.432587      
165             367.578000      5428.317772     328.337912      0.100130        16.532717      
166             367.476000      5465.114246     328.573530      0.100133        16.632850      
167             355.209000      5500.691625     328.732963      0.100159        16.733009      
168             356.395000      5536.378169     328.897510      0.100132        16.833141      
169             356.430000      5572.068930     329.060322      0.100134        16.933275      
170             356.668000      5607.799574     329.222692      0.100179        17.033454      
171             355.912000      5643.460533     329.378768      0.100196        17.133650      
172             356.245000      5679.133126     329.534872      0.100135        17.233785      
173             356.248000      5714.805307     329.689185      0.100133        17.333918      
174             356.313000      5750.488628     329.842120      0.100146        17.434064      
175             356.382000      5786.174227     329.993682      0.100133        17.534197      
176             357.398000      5821.961204     330.149290      0.100132        17.634329      
177             357.398000      5857.748180     330.303141      0.100132        17.734461      
178             368.508000      5894.648360     330.517646      0.100134        17.834595      
179             368.405000      5931.537858     330.729179      0.100133        17.934728      
180             368.274000      5968.414239     330.937635      0.100133        18.034861      
181             368.303000      6005.293523     331.143949      0.100133        18.134994      
182             368.338000      6042.176680     331.348191      0.100134        18.235128      
183             368.467000      6079.072018     331.550903      0.100132        18.335260      
184             368.432000      6115.964219     331.751225      0.100133        18.435393      
185             368.383000      6152.865513     331.949193      0.100171        18.535564      
186             368.552000      6189.769730     332.145867      0.100133        18.635697      
187             368.618000      6226.680188     332.340789      0.100132        18.735829      
188             368.646000      6263.593818     332.533789      0.100133        18.835962      
189             368.923000      6300.537767     332.726227      0.100140        18.936102      
190             368.953000      6337.482138     332.916784      0.100133        19.036235      
191             369.158000      6374.447036     333.106420      0.100133        19.136368      
192             369.022000      6411.407541     333.293420      0.100158        19.236526      
193             368.815000      6448.338094     333.477365      0.100133        19.336659      
194             368.581000      6485.244846     333.658208      0.100132        19.436791      
195             368.680000      6522.175153     333.837770      0.100169        19.536960      
196             368.744000      6559.097859     334.015759      0.100131        19.637091      
197             368.744000      6596.020933     334.191944      0.100132        19.737223      
198             368.759000      6632.982385     334.366600      0.100232        19.837455      
199             368.797000      6669.915929     334.539543      0.100146        19.937601      
200             368.759000      6706.846037     334.710569      0.100147        20.037748      
201             368.774000      6743.772484     334.879945      0.100133        20.137881      
202             368.833000      6780.738771     335.048091      0.100225        20.238106      
203             368.952000      6817.683042     335.215013      0.100133        20.338239      
204             369.225000      6854.654280     335.381635      0.100132        20.438371      
205             369.114000      6891.616617     335.546101      0.100138        20.538509      
206             369.114000      6928.585599     335.709001      0.100156        20.638665      
207             369.097000      6965.544389     335.870208      0.100133        20.738798      
208             369.161000      7002.509218     336.030171      0.100132        20.838930      
209             369.126000      7039.470912     336.188439      0.100133        20.939063      
210             369.196000      7076.439615     336.345534      0.100133        21.039196      
211             369.225000      7113.411222     336.501278      0.100133        21.139329      
212             369.294000      7150.392693     336.655891      0.100141        21.239470      
213             369.332000      7187.375014     336.809219      0.100133        21.339603      
214             369.370000      7224.378870     336.961364      0.100181        21.439784      
215             369.359000      7261.363525     337.111970      0.100132        21.539916      
216             369.299000      7298.342911     337.260908      0.100134        21.640050      
217             369.175000      7335.310250     337.407904      0.100135        21.740185      
218             369.115000      7372.274533     337.553288      0.100143        21.840328      
219             369.051000      7409.234622     337.697062      0.100149        21.940477      
220             369.080000      7446.208318     337.839702      0.100178        22.040655      
221             369.096000      7483.172544     337.981082      0.100148        22.140803      
222             369.110000      7520.135589     338.121241      0.100141        22.240944      
223             369.090000      7557.119145     338.260139      0.100202        22.341146      
224             369.052000      7594.073798     338.397533      0.100134        22.441280      
225             369.090000      7631.032256     338.533876      0.100134        22.541414      
226             369.188000      7668.000158     338.669445      0.100133        22.641547      
227             369.159000      7704.965156     338.803692      0.100133        22.741680      
228             369.318000      7741.947553     338.937465      0.100137        22.841817      
229             369.489000      7778.950398     339.070828      0.100146        22.941963      
230             369.424000      7815.949689     339.202760      0.100154        23.042117      
231             369.283000      7852.931535     339.332928      0.100145        23.142262      
232             369.114000      7889.896088     339.461245      0.100144        23.242406      
233             369.156000      7926.864846     339.588642      0.100144        23.342550      
234             369.186000      7963.837347     339.715080      0.100146        23.442696      
235             369.216000      8000.819499     339.840593      0.100164        23.542860      
236             369.240000      8037.797408     339.965122      0.100146        23.643006      
237             369.278000      8074.773953     340.088743      0.100132        23.743138      
238             369.305000      8111.758371     340.211456      0.100146        23.843284      
239             369.278000      8148.739716     340.333029      0.100145        23.943429      
240             369.275000      8185.720761     340.453577      0.100145        24.043574      
241             369.304000      8222.732039     340.573332      0.100219        24.143793      
242             369.398000      8259.751259     340.692482      0.100215        24.244008      
243             369.549000      8296.759375     340.811188      0.100144        24.344152      
244             369.521000      8333.764686     340.928808      0.100144        24.444296      
245             369.559000      8370.778606     341.045637      0.100157        24.544453      
246             369.532000      8407.786128     341.161395      0.100147        24.644600      
247             369.535000      8444.788406     341.276212      0.100132        24.744732      
248             369.602000      8481.809960     341.390412      0.100166        24.844898      
249             369.630000      8518.822860     341.503772      0.100135        24.945033      
250             367.911000      8555.663628     341.609353      0.100135        25.045168      
251             367.911000      8592.504028     341.714091      0.100134        25.145302      
252             367.917000      8629.342086     341.818015      0.100126        25.245428      
253             368.073000      8666.231098     341.921833      0.100222        25.345650      
254             368.073000      8703.086984     342.024740      0.100132        25.445782      
255             367.917000      8739.933135     342.126246      0.100148        25.545930      
256             368.068000      8776.789256     342.227535      0.100134        25.646064      
257             367.983000      8813.657105     342.327760      0.100189        25.746253      
258             368.162000      8850.523007     342.427847      0.100135        25.846388      
259             367.988000      8887.370749     342.526489      0.100133        25.946521      
260             367.544000      8924.174768     342.622668      0.100135        26.046656      
261             367.699000      8960.993940     342.718702      0.100134        26.146790      
262             367.610000      8997.819271     342.813703      0.100175        26.246965      
263             367.304000      9034.595952     342.906773      0.100126        26.347091      
264             367.391000      9071.385017     342.999477      0.100136        26.447227      
265             366.928000      9108.127352     343.089733      0.100135        26.547362      
266             366.863000      9144.863179     343.179068      0.100135        26.647497      
267             366.830000      9181.595334     343.267609      0.100134        26.747631      
268             367.174000      9218.361935     343.356772      0.100134        26.847765      
269             367.144000      9255.135078     343.445185      0.100160        26.947925      
270             367.144000      9291.898308     343.532919      0.100133        27.048058      
271             369.101000      9328.858975     343.627227      0.100137        27.148195      
272             369.304000      9365.838862     343.721586      0.100134        27.248329      
273             369.408000      9402.829901     343.815637      0.100136        27.348465      
274             369.428000      9439.822574     343.909073      0.100135        27.448600      
275             369.552000      9476.826925     344.002279      0.100133        27.548733      
276             356.624000      9512.537469     344.047990      0.100135        27.648868      
277             356.688000      9548.254422     344.093603      0.100135        27.749003      
278             355.296000      9583.831987     344.133883      0.100135        27.849138      
279             356.629000      9619.546954     344.178654      0.100146        27.949284      
280             355.297000      9655.156241     344.218381      0.100224        28.049508      
281             356.595000      9690.863525     344.262407      0.100134        28.149642      
282             356.594000      9726.570708     344.306118      0.100134        28.249776      
283             355.225000      9762.141164     344.344685      0.100135        28.349911      
284             355.225000      9797.711264     344.382979      0.100134        28.450045      
285             356.440000      9833.403383     344.425267      0.100135        28.550180      
286             369.482000      9870.400724     344.512841      0.100133        28.650313      
287             369.346000      9907.385925     344.599334      0.100137        28.750450      
288             369.144000      9944.349790     344.684523      0.100134        28.850584      
289             369.008000      9981.300406     344.768653      0.100135        28.950719      
290             369.040000      10018.253857    344.852313      0.100134        29.050853      
291             369.112000      10055.214518    344.935646      0.100134        29.150987      
292             369.219000      10092.200663    345.018807      0.100174        29.251161      
293             369.178000      10129.167932    345.101227      0.100134        29.351295      
294             369.210000      10166.146529    345.183215      0.100156        29.451451      
295             369.380000      10203.133657    345.265203      0.100133        29.551584      
296             369.463000      10240.128726    345.346918      0.100132        29.651716      
297             369.719000      10277.137967    345.428918      0.100101        29.751817      
298             369.740000      10314.160773    345.510465      0.100132        29.851949      
299             369.954000      10351.222025    345.592219      0.100178        29.952127      
300             370.103000      10388.284139    345.673893      0.100140        30.052267      
301             370.103000      10425.363649    345.755064      0.100187        30.152454      
302             370.103000      10462.427984    345.835663      0.100146        30.252600      
303             370.133000      10499.496434    345.915832      0.100149        30.352749      
304             370.192000      10536.564869    345.995655      0.100133        30.452882      
305             370.223000      10573.636409    346.075057      0.100133        30.553015      
306             370.249000      10610.713514    346.154031      0.100141        30.653156      
307             370.068000      10647.777674    346.231912      0.100155        30.753311      
308             370.080000      10684.837115    346.309314      0.100139        30.853450      
309             370.046000      10721.890932    346.386101      0.100133        30.953583      
310             370.052000      10758.945349    346.462412      0.100133        31.053716      
311             370.039000      10795.998834    346.538191      0.100134        31.153850      
312             370.112000      10833.059259    346.613718      0.100133        31.253983      
313             370.129000      10870.121386    346.688817      0.100133        31.354116      
314             370.080000      10907.187118    346.763299      0.100156        31.454272      
315             361.258000      10943.361688    346.809296      0.100135        31.554407      
316             362.049000      10979.615465    346.857505      0.100135        31.654542      
317             361.362000      11015.799726    346.903243      0.100133        31.754675      
318             361.395000      11051.990544    346.948800      0.100142        31.854817      
319             361.463000      11088.189618    346.994287      0.100146        31.954963      
320             361.495000      11124.390811    347.039589      0.100143        32.055106      
321             361.564000      11160.595299    347.084819      0.100133        32.155239      
322             362.297000      11196.873185    347.132043      0.100133        32.255372      
323             361.465000      11233.068844    347.176402      0.100136        32.355508      
324             362.237000      11269.342171    347.222869      0.100137        32.455645      
325             362.113000      11305.601632    347.268667      0.100133        32.555778      
326             370.038000      11342.654647    347.338485      0.100133        32.655911      
327             369.974000      11379.701623    347.407681      0.100134        32.756045      
328             369.945000      11416.745326    347.476366      0.100133        32.856178      
329             369.820000      11453.776882    347.544254      0.100134        32.956312      
330             369.760000      11490.801690    347.611549      0.100132        33.056444      
331             369.760000      11527.826868    347.678437      0.100133        33.156577      
332             369.774000      11564.853448    347.744965      0.100133        33.256710      
333             369.820000      11601.884634    347.811231      0.100133        33.356843      
334             369.820000      11638.915820    347.877101      0.100133        33.456976      
335             369.976000      11675.962997    347.943044      0.100134        33.557110      
336             370.080000      11713.020958    348.008904      0.100135        33.657245      
337             370.128000      11750.086686    348.074522      0.100143        33.757388      
338             370.249000      11787.166013    348.140112      0.100147        33.857535      
339             370.418000      11824.259301    348.205808      0.100139        33.957674      
340             370.451000      11861.354041    348.271211      0.100134        34.057808      
341             370.451000      11898.448782    348.336231      0.100134        34.157942      
342             370.385000      11935.558025    348.400715      0.100191        34.258133      
343             370.385000      11972.646157    348.464786      0.100134        34.358267      
344             370.385000      12009.734288    348.528485      0.100134        34.458401      
345             370.353000      12046.819216    348.591722      0.100134        34.558535      
346             370.385000      12083.907718    348.654686      0.100135        34.658670      
347             370.377000      12120.994678    348.717264      0.100133        34.758803      
348             370.437000      12158.122467    348.779713      0.100227        34.859030      
349             370.431000      12195.215205    348.841729      0.100134        34.959164      
350             370.431000      12232.307942    348.903391      0.100134        35.059298      
351             370.461000      12269.403684    348.964787      0.100134        35.159432      
352             370.401000      12306.493048    349.025663      0.100133        35.259565      
353             370.478000      12343.590492    349.086413      0.100134        35.359699      
354             370.445000      12380.693522    349.146741      0.100158        35.459857      
355             370.426000      12417.875032    349.206806      0.100375        35.560232      
356             370.396000      12454.964265    349.266305      0.100134        35.660366      
357             370.425000      12492.056031    349.325551      0.100133        35.760499      
358             370.472000      12529.156950    349.384605      0.100145        35.860644      
359             370.514000      12566.263556    349.443450      0.100149        35.960793      
360             370.510000      12603.364205    349.501947      0.100134        36.060927      
361             370.490000      12640.463221    349.560066      0.100135        36.161062      
362             370.543000      12677.569397    349.618013      0.100140        36.261202      
363             370.579000      12714.684737    349.675749      0.100155        36.361357      
364             370.550000      12751.778644    349.733059      0.100105        36.461462      
365             370.550000      12788.883298    349.790072      0.100134        36.561596      
366             370.614000      12825.994360    349.846948      0.100134        36.661730      
367             370.615000      12863.105893    349.903518      0.100135        36.761865      
368             370.550000      12900.210547    349.959603      0.100134        36.861999      
369             370.485000      12937.309062    350.015209      0.100135        36.962134      
370             370.485000      12974.407207    350.070514      0.100134        37.062268      
371             370.526000      13011.509828    350.125632      0.100135        37.162403      
372             370.526000      13048.611708    350.180452      0.100133        37.262536      
373             370.452000      13085.703215    350.234776      0.100125        37.362661      
374             370.485000      13122.797655    350.288898      0.100124        37.462785      
375             370.550000      13159.898603    350.342904      0.100124        37.562909      
376             370.585000      13197.002685    350.396715      0.100123        37.663032      
377             370.526000      13234.104936    350.450090      0.100134        37.763166      
378             370.582000      13271.212423    350.503331      0.100133        37.863299      
379             370.615000      13308.320250    350.556374      0.100125        37.963424      
380             370.585000      13345.425814    350.609059      0.100127        38.063551      
381             370.585000      13382.530267    350.661467      0.100124        38.163675      
382             370.550000      13419.634921    350.713514      0.100134        38.263809      
383             370.582000      13456.731290    350.765357      0.100103        38.363912      
384             370.582000      13493.827660    350.816930      0.100103        38.464015      
385             370.585000      13530.958054    350.868290      0.100194        38.564209      
386             370.517000      13568.059033    350.919176      0.100133        38.664342      
387             370.526000      13605.160913    350.969823      0.100133        38.764475      
388             370.555000      13642.265696    351.020283      0.100133        38.864608      
389             370.526000      13679.364242    351.070405      0.100124        38.964732      
390             370.550000      13716.468525    351.120336      0.100133        39.064865      
391             370.555000      13753.573309    351.170025      0.100133        39.164998      
392             370.466000      13790.677331    351.219243      0.100155        39.265153      
393             370.342000      13827.780414    351.267911      0.100186        39.365339      
394             370.252000      13864.854858    351.316078      0.100133        39.465472      
395             370.068000      13901.911247    351.363536      0.100134        39.565606      
396             369.825000      13938.939236    351.410136      0.100123        39.665729      
397             369.812000      13975.966292    351.456469      0.100124        39.765853      
398             369.844000      14012.995813    351.502649      0.100122        39.865975      
399             369.942000      14050.039585    351.548848      0.100134        39.966109      
400             369.910000      14087.080153    351.594737      0.100134        40.066243      
401             369.942000      14124.124296    351.640476      0.100135        40.166378      
402             370.041000      14161.174281    351.686230      0.100124        40.266502      
403             370.275000      14198.238438    351.732325      0.100099        40.366601      
404             370.341000      14235.314016    351.778362      0.100112        40.466713      
405             370.537000      14272.422556    351.824672      0.100148        40.566861      
406             370.805000      14309.552743    351.871407      0.100134        40.666995      
407             370.707000      14346.669782    351.917668      0.100125        40.767120      
408             370.674000      14383.782775    351.963620      0.100123        40.867243      
409             370.698000      14420.904472    352.009414      0.100140        40.967383      
410             370.698000      14458.024687    352.054983      0.100136        41.067519      
411             370.698000      14495.144532    352.100329      0.100135        41.167654      
412             370.707000      14532.261570    352.145473      0.100125        41.267779      
413             370.642000      14569.363946    352.190232      0.100103        41.367882      
414             370.707000      14606.475424    352.234934      0.100110        41.467992      
415             370.680000      14643.593836    352.279367      0.100136        41.568128      
416             370.674000      14680.712760    352.323574      0.100139        41.668267      
417             370.704000      14717.881397    352.367696      0.100265        41.768532      
418             370.763000      14755.007379    352.411691      0.100134        41.868666      
419             370.707000      14792.127754    352.455342      0.100134        41.968800      
420             370.669000      14829.244694    352.498695      0.100135        42.068935      
421             370.636000      14866.357588    352.541763      0.100133        42.169068      
422             370.636000      14903.471224    352.584628      0.100135        42.269203      
423             370.636000      14940.565587    352.627268      0.100083        42.369286      
424             370.669000      14977.695130    352.669822      0.100169        42.469455      
425             370.728000      15014.841705    352.712327      0.100199        42.569654      
426             370.761000      15051.967487    352.754682      0.100134        42.669788      
427             370.761000      15089.114773    352.796863      0.100192        42.769980      
428             370.755000      15126.239954    352.838809      0.100134        42.870114      
429             370.742000      15163.363834    352.880529      0.100134        42.970248      
430             370.858000      15200.499329    352.922324      0.100134        43.070382      
431             370.801000      15237.628745    352.963794      0.100133        43.170515      
432             370.836000      15274.762037    353.005152      0.100134        43.270649      
433             370.820000      15311.893727    353.046283      0.100134        43.370783      
434             370.831000      15349.028743    353.087252      0.100140        43.470923      
435             370.737000      15386.152864    353.127815      0.100136        43.571059      
436             370.684000      15423.270935    353.168070      0.100134        43.671193      
437             370.684000      15460.404576    353.208157      0.100176        43.771369      
438             370.723000      15497.526553    353.248134      0.100134        43.871503      
439             370.713000      15534.647528    353.287905      0.100134        43.971637      
440             370.684000      15571.765600    353.327430      0.100134        44.071771      
441             370.702000      15608.885474    353.366817      0.100134        44.171905      
442             370.744000      15646.009924    353.406121      0.100135        44.272040      
443             370.744000      15683.135116    353.445248      0.100137        44.372177      
444             370.697000      15720.256343    353.484094      0.100139        44.472316      
445             370.705000      15757.378000    353.522783      0.100138        44.572454      
446             370.662000      15794.486085    353.561193      0.100113        44.672567      
447             370.662000      15831.603807    353.599441      0.100139        44.772706      
448             370.628000      15868.717754    353.637442      0.100138        44.872844      
449             370.628000      15905.836519    353.675278      0.100151        44.972995      
450             370.661000      15942.953770    353.713015      0.100138        45.073133      
451             370.700000      15980.083823    353.750680      0.100162        45.173295      
452             370.700000      16017.191264    353.788156      0.100101        45.273396      
453             370.752000      16054.317999    353.825595      0.100139        45.373535      
454             370.875000      16091.450374    353.863133      0.100121        45.473656      
455             370.846000      16128.580218    353.900443      0.100122        45.573778      
456             370.911000      16165.716940    353.937732      0.100123        45.673901      
457             370.979000      16202.860099    353.975007      0.100122        45.774023      
458             370.970000      16240.008293    354.012105      0.100138        45.874161      
459             370.940000      16277.147548    354.048970      0.100122        45.974283      
460             370.876000      16314.287070    354.085543      0.100140        46.074423      
461             370.727000      16351.410931    354.121633      0.100138        46.174561      
462             370.663000      16388.528753    354.157428      0.100139        46.274700      
463             370.602000      16425.626754    354.192925      0.100102        46.374802      
464             370.530000      16462.718289    354.228114      0.100104        46.474906      
465             370.602000      16499.828150    354.263317      0.100134        46.575040      
466             370.563000      16536.934105    354.298285      0.100134        46.675174      
467             370.634000      16574.047170    354.333256      0.100134        46.775308      
468             370.602000      16611.158143    354.368010      0.100137        46.875445      
469             370.634000      16648.272690    354.402684      0.100138        46.975583      
470             370.699000      16685.411540    354.437365      0.100186        47.075769      
471             370.830000      16722.545715    354.472161      0.100138        47.175907      
472             370.863000      16759.671326    354.506869      0.100106        47.276013      
473             370.899000      16796.799800    354.541505      0.100104        47.376117      
474             370.870000      16833.936867    354.575944      0.100135        47.476252      
475             370.905000      16871.078181    354.610313      0.100137        47.576389      
476             370.875000      16908.209445    354.644468      0.100118        47.676507      
477             370.875000      16945.346271    354.678485      0.100133        47.776640      
478             370.845000      16982.475643    354.712292      0.100121        47.876761      
479             370.879000      17019.612499    354.746034      0.100132        47.976893      
480             370.885000      17056.750698    354.779648      0.100134        48.077027      
481             370.920000      17093.892401    354.813195      0.100134        48.177161      
482             370.984000      17131.040513    354.846735      0.100134        48.277295      
483             370.995000      17168.189726    354.880160      0.100134        48.377429      
484             371.000000      17205.339440    354.913456      0.100134        48.477563      
485             371.000000      17242.489154    354.946616      0.100134        48.577697      
486             370.968000      17279.647535    354.979584      0.100166        48.677863      
487             370.936000      17316.786389    355.012336      0.100122        48.777985      
488             370.739000      17353.898475    355.044544      0.100103        48.878088      
489             370.787000      17391.022041    355.076725      0.100121        48.978209      
490             370.817000      17428.161959    355.108847      0.100157        49.078366      
491             370.804000      17465.293159    355.140805      0.100137        49.178503      
492             370.804000      17502.426955    355.172636      0.100144        49.278647      
493             370.804000      17539.558526    355.204336      0.100138        49.378785      
494             370.804000      17576.689726    355.235907      0.100137        49.478922      
495             370.757000      17613.816220    355.267255      0.100137        49.579059      
496             370.698000      17650.937176    355.298359      0.100138        49.679197      
497             370.544000      17688.043081    355.329028      0.100139        49.779336      
498             370.484000      17725.141126    355.359452      0.100134        49.879470      
499             370.172000      17762.207929    355.389129      0.100134        49.979604      
500             370.139000      17799.271428    355.418621      0.100134        50.079738      
501             370.212000      17836.342236    355.448141      0.100134        50.179872      
502             370.153000      17873.407137    355.477426      0.100134        50.280006      
503             370.152000      17910.473788    355.506595      0.100139        50.380145      
504             370.211000      17947.536352    355.535756      0.100112        50.480257      
505             370.204000      17984.603768    355.564793      0.100127        50.580384      
506             370.335000      18021.686892    355.593976      0.100134        50.680518      
507             370.504000      18058.786570    355.623377      0.100133        50.780651      
508             370.771000      18095.913353    355.653187      0.100134        50.880785      
509             370.940000      18133.056317    355.683212      0.100132        50.980917      
510             370.911000      18170.197490    355.713063      0.100135        51.081052      
511             370.908000      18207.368406    355.742816      0.100216        51.181268      
512             370.911000      18244.508837    355.772434      0.100133        51.281401      
513             370.979000      18281.675739    355.802084      0.100186        51.381587      
514             370.976000      18318.822679    355.831598      0.100133        51.481720      
515             370.976000      18355.969619    355.860997      0.100133        51.581853      
516             371.005000      18393.119092    355.890338      0.100132        51.681985      
517             371.044000      18430.272840    355.919641      0.100133        51.782118      
518             370.976000      18467.409022    355.948691      0.100104        51.882222      
519             371.041000      18504.562099    355.977763      0.100132        51.982354      
520             371.116000      18541.723058    356.006868      0.100133        52.082487      
521             371.070000      18578.879410    356.035772      0.100133        52.182620      
522             371.051000      18616.037941    356.064533      0.100144        52.282764      
523             370.981000      18653.189834    356.093050      0.100145        52.382909      
524             370.783000      18690.317077    356.121077      0.100132        52.483041      
525             370.451000      18727.411447    356.148365      0.100133        52.583174      
526             370.525000      18764.513227    356.175690      0.100133        52.683307      
527             370.525000      18801.615377    356.202912      0.100134        52.783441      
528             370.620000      18838.726670    356.230210      0.100133        52.883574      
529             370.516000      18875.827178    356.257208      0.100132        52.983706      
530             370.548000      18912.931261    356.284165      0.100133        53.083839      
531             370.575000      18950.037677    356.311071      0.100132        53.183971      
532             370.638000      18987.151142    356.337995      0.100134        53.284105      
533             370.705000      19024.271316    356.364944      0.100134        53.384239      
534             370.727000      19061.393323    356.391832      0.100133        53.484372      
535             370.727000      19098.513106    356.418618      0.100127        53.584499      
536             369.098000      19135.470888    356.442267      0.100130        53.684629      
537             369.149000      19172.433778    356.465923      0.100130        53.784759      
538             369.282000      19209.411092    356.489739      0.100133        53.884892      
539             369.282000      19246.388407    356.513467      0.100133        53.985025      
540             369.116000      19283.347992    356.536798      0.100130        54.085155      
541             369.084000      19320.307325    356.559986      0.100138        54.185293      
542             348.228000      19355.177484    356.544617      0.100136        54.285429      
543             321.404000      19387.385379    356.479867      0.100210        54.385639      
544             296.851000      19417.109663    356.370284      0.100132        54.485771      
545             281.240000      19445.269943    356.232469      0.100129        54.585900      
546             249.568000      19470.259936    356.037161      0.100133        54.686033      
547             238.194000      19494.110063    355.821787      0.100129        54.786162      
548             200.333000      19514.169006    355.538132      0.100128        54.886290      
549             175.613000      19531.753311    355.210486      0.100131        54.986421      
550             170.922000      19548.868585    354.875491      0.100135        55.086556      
551             148.444000      19563.733322    354.500918      0.100137        55.186693      
552             125.995000      19576.349832    354.087050      0.100135        55.286828      
553             124.585000      19588.825524    353.672117      0.100138        55.386966      
554             124.408000      19601.283244    353.258371      0.100136        55.487102      
555             124.277000      19613.733935    352.845677      0.100185        55.587287      
556             124.162000      19626.166897    352.434467      0.100135        55.687422      
557             124.112000      19638.594852    352.024643      0.100135        55.787557      
558             124.071000      19651.018950    351.616206      0.100137        55.887694      
559             123.995000      19663.435065    351.209107      0.100134        55.987828      
560             123.949000      19675.846698    350.803375      0.100135        56.087963      
561             123.854000      19688.248695    350.398923      0.100134        56.188097      
