#timestep       power           acc-energy      avg-power       dt              acc-time       
1               74.497000       7.456926        74.497000       0.100097        0.100097       
2               74.163000       15.089337       74.327683       0.102914        0.203011       
3               74.240000       22.690028       74.298288       0.102380        0.305391       
4               74.240000       30.289829       74.283655       0.102368        0.407759       
5               74.163000       37.883082       74.259439       0.102386        0.510145       
6               74.163000       45.472997       74.243325       0.102341        0.612486       
7               74.163000       53.063432       74.231824       0.102348        0.714834       
8               74.240000       60.791370       74.232864       0.104094        0.818928       
9               74.087000       68.374842       74.216657       0.102359        0.921287       
10              74.163000       76.026090       74.211254       0.103168        1.024455       
11              74.087000       83.717802       74.199820       0.103820        1.128275       
12              59.753000       89.851030       72.995138       0.102643        1.230918       
13              116.617000      101.848353      76.359768       0.102878        1.333796       
14              176.512000      119.961132      83.514490       0.102615        1.436411       
15              177.474000      138.171029      89.778755       0.102606        1.539017       
16              188.217000      157.488117      95.932880       0.102632        1.641649       
17              192.779000      177.551784      101.706617      0.104076        1.745725       
18              193.176000      197.630304      106.846597      0.103939        1.849664       
19              193.176000      217.441855      111.381783      0.102557        1.952221       
20              191.706000      238.404715      115.642309      0.109349        2.061570       
21              192.381000      258.171285      119.285338      0.102747        2.164317       
22              192.978000      277.991477      122.623967      0.102707        2.267024       
23              192.580000      298.104917      125.704909      0.104442        2.371466       
24              192.428000      317.879395      128.476142      0.102763        2.474229       
25              192.500000      337.637595      131.026294      0.102640        2.576869       
26              192.779000      357.421348      133.391409      0.102624        2.679493       
27              192.500000      377.189365      135.573120      0.102691        2.782184       
28              192.428000      396.929399      137.594912      0.102584        2.884768       
29              192.779000      416.955667      139.513047      0.103882        2.988650       
30              192.978000      436.786858      141.290315      0.102764        3.091414       
31              192.428000      457.069154      142.976372      0.105402        3.196816       
32              192.699000      476.847009      144.523093      0.102636        3.299452       
33              193.304000      496.670141      145.993532      0.102549        3.402001       
34              193.304000      516.802752      147.398886      0.104150        3.506151       
35              192.229000      536.587153      148.677320      0.102921        3.609072       
36              193.304000      556.989811      149.945340      0.105547        3.714619       
37              193.104000      576.887826      151.110241      0.103043        3.817662       
38              192.699000      596.880347      152.210568      0.103750        3.921412       
39              192.301000      616.619853      153.233227      0.102649        4.024061       
40              193.104000      636.453178      154.225540      0.102708        4.126769       
41              193.176000      656.283274      155.170913      0.102653        4.229422       
42              192.580000      676.036205      156.056661      0.102570        4.331992       
43              192.905000      695.960591      156.914762      0.103286        4.435278       
44              193.176000      715.930160      157.740669      0.103375        4.538653       
45              193.375000      735.774109      158.528548      0.102619        4.641272       
46              192.580000      755.531469      159.264960      0.102593        4.743865       
47              192.779000      775.419514      159.978278      0.103165        4.847030       
48              193.176000      795.231065      160.666146      0.102557        4.949587       
49              193.501000      815.073045      161.332588      0.102542        5.052129       
50              192.580000      834.835797      161.954663      0.102621        5.154750       
51              193.176000      854.659325      162.564074      0.102619        5.257369       
52              193.375000      874.506948      163.154068      0.102638        5.360007       
53              193.501000      894.354152      163.723883      0.102569        5.462576       
54              193.104000      914.157740      164.265298      0.102554        5.565130       
55              193.104000      933.962100      164.787141      0.102558        5.667688       
56              193.375000      953.796767      165.295313      0.102571        5.770259       
57              193.375000      973.767764      165.789046      0.103276        5.873535       
58              192.978000      993.729215      166.259585      0.103439        5.976974       
59              193.304000      1013.586948     166.716551      0.102728        6.079702       
60              193.575000      1033.454906     167.162445      0.102637        6.182339       
61              193.575000      1053.321121     167.593739      0.102628        6.284967       
62              193.304000      1073.162810     168.006887      0.102645        6.387612       
63              193.304000      1093.204375     168.410933      0.103679        6.491291       
64              193.575000      1113.052007     168.802227      0.102532        6.593823       
65              193.375000      1132.888801     169.178656      0.102582        6.696405       
66              193.304000      1152.949310     169.546831      0.103777        6.800182       
67              193.575000      1172.802750     169.903845      0.102562        6.902744       
68              193.375000      1192.643411     170.247610      0.102602        7.005346       
69              193.901000      1212.566739     170.589528      0.102750        7.108096       
70              193.176000      1232.385244     170.910886      0.102593        7.210689       
71              193.375000      1252.237315     171.226225      0.102661        7.313350       
72              193.771000      1272.402288     171.542528      0.104066        7.417416       
73              193.501000      1292.251427     171.842059      0.102579        7.519995       
74              193.176000      1312.104898     172.129694      0.102774        7.622769       
75              193.501000      1332.069170     172.415092      0.103174        7.725943       
76              193.701000      1352.018048     172.695103      0.102988        7.828931       
77              193.771000      1371.965029     172.968629      0.102941        7.931872       
78              193.304000      1391.951503     173.230295      0.103394        8.035266       
79              193.771000      1411.882594     173.489912      0.102859        8.138125       
80              193.501000      1431.822485     173.740132      0.103048        8.241173       
81              193.304000      1451.738209     173.981692      0.103028        8.344201       
82              193.771000      1471.681315     174.222808      0.102921        8.447122       
83              193.701000      1491.961616     174.461277      0.104699        8.551821       
84              193.771000      1512.044236     174.692493      0.103641        8.655462       
85              193.375000      1531.884124     174.911353      0.102598        8.758060       
86              193.701000      1551.993968     175.131478      0.103819        8.861879       
87              193.701000      1572.067203     175.346118      0.103630        8.965509       
88              193.575000      1592.597574     175.559239      0.106059        9.071568       
89              193.304000      1612.656536     175.759924      0.103769        9.175337       
90              193.901000      1632.559892     175.960628      0.102647        9.277984       
91              194.172000      1652.477668     176.159772      0.102578        9.380562       
92              193.575000      1672.493904     176.349649      0.103403        9.483965       
93              193.375000      1692.407468     176.532529      0.102979        9.586944       
94              193.901000      1712.714138     176.720210      0.104727        9.691671       
95              193.771000      1732.598336     176.898855      0.102617        9.794288       
96              193.375000      1752.563145     177.070723      0.103244        9.897532       
97              193.176000      1772.579849     177.237585      0.103619        10.001151      
98              194.172000      1792.521507     177.409715      0.102701        10.103852      
99              193.972000      1812.427884     177.576247      0.102625        10.206477      
100             193.375000      1832.262551     177.733439      0.102571        10.309048      
101             193.375000      1852.092384     177.887496      0.102546        10.411594      
102             193.771000      1871.973482     178.042492      0.102601        10.514195      
103             193.771000      1891.841792     178.194396      0.102535        10.616730      
104             193.501000      1911.710861     178.341019      0.102682        10.719412      
105             193.501000      1931.587284     178.484913      0.102720        10.822132      
106             194.250000      1951.505679     178.632885      0.102540        10.924672      
107             194.050000      1971.843089     178.779383      0.104805        11.029477      
108             193.701000      1991.720492     178.916935      0.102619        11.132096      
109             193.501000      2011.575823     179.050137      0.102611        11.234707      
110             194.250000      2031.512866     179.187740      0.102636        11.337343      
111             194.050000      2051.454221     179.321244      0.102764        11.440107      
112             193.701000      2071.320776     179.449016      0.102563        11.542670      
113             193.771000      2091.213888     179.575276      0.102663        11.645333      
114             194.250000      2111.305554     179.704467      0.103432        11.748765      
115             194.451000      2131.313201     179.832493      0.102893        11.851658      
116             193.375000      2151.228699     179.949161      0.102989        11.954647      
117             194.172000      2171.206668     180.070526      0.102888        12.057535      
118             194.172000      2191.153763     180.189654      0.102729        12.160264      
119             194.172000      2211.094257     180.306748      0.102695        12.262959      
120             193.575000      2230.948083     180.416799      0.102564        12.365523      
121             194.451000      2250.892533     180.532251      0.102568        12.468091      
122             194.250000      2270.851332     180.644373      0.102748        12.570839      
123             193.901000      2290.834769     180.752172      0.103060        12.673899      
124             194.050000      2310.727417     180.858868      0.102513        12.776412      
125             193.972000      2331.022707     180.965384      0.104630        12.881042      
126             194.050000      2350.923117     181.068735      0.102553        12.983595      
127             193.501000      2370.778061     181.166216      0.102609        13.086204      
128             194.375000      2390.819484     181.269475      0.103107        13.189311      
129             194.375000      2410.766247     181.370656      0.102620        13.291931      
130             194.050000      2430.666462     181.467733      0.102552        13.394483      
131             193.501000      2450.510764     181.559165      0.102554        13.497037      
132             194.050000      2470.418159     181.653390      0.102589        13.599626      
133             194.250000      2490.346461     181.747703      0.102591        13.702217      
134             194.250000      2510.273014     181.840606      0.102582        13.804799      
135             193.771000      2530.274251     181.929150      0.103221        13.908020      
136             194.050000      2550.176601     182.017879      0.102563        14.010583      
137             194.375000      2570.119670     182.107714      0.102601        14.113184      
138             194.250000      2590.055159     182.195372      0.102628        14.215812      
139             193.771000      2610.268769     182.279697      0.104317        14.320129      
140             194.250000      2630.340427     182.365451      0.103329        14.423458      
141             194.050000      2650.251121     182.447986      0.102606        14.526064      
142             194.050000      2670.373524     182.530222      0.103697        14.629761      
143             193.901000      2690.573936     182.610621      0.104179        14.733940      
144             194.451000      2710.647308     182.693002      0.103231        14.837171      
145             194.451000      2730.583591     182.773693      0.102526        14.939697      
146             194.451000      2750.533486     182.853338      0.102596        15.042293      
147             194.172000      2770.456504     182.930021      0.102605        15.144898      
148             194.451000      2790.408732     183.007551      0.102608        15.247506      
149             194.451000      2810.365044     183.084060      0.102629        15.350135      
150             194.451000      2830.307160     183.159500      0.102556        15.452691      
151             193.771000      2850.178183     183.229457      0.102549        15.555240      
152             194.050000      2870.161258     183.300620      0.102979        15.658219      
153             194.250000      2890.135208     183.372055      0.102826        15.761045      
154             194.451000      2910.312611     183.444518      0.103766        15.864811      
155             194.050000      2930.421624     183.513343      0.103628        15.968439      
156             194.375000      2951.024985     183.584967      0.105998        16.074437      
157             194.645000      2970.989528     183.655092      0.102569        16.177006      
158             194.250000      2990.926183     183.721887      0.102634        16.279640      
159             194.050000      3010.851431     183.786622      0.102681        16.382321      
160             194.250000      3030.853742     183.851979      0.102972        16.485293      
161             194.375000      3050.783788     183.917025      0.102534        16.587827      
162             194.172000      3070.709719     183.980077      0.102620        16.690447      
163             193.771000      3090.585004     184.039879      0.102571        16.793018      
164             194.645000      3110.548574     184.104257      0.102564        16.895582      
165             193.972000      3130.628167     184.164348      0.103518        16.999100      
166             193.771000      3150.496283     184.221945      0.102534        17.101634      
167             194.576000      3170.604740     184.284139      0.103345        17.204979      
168             194.645000      3190.578431     184.345568      0.102616        17.307595      
169             194.250000      3210.595311     184.404189      0.103047        17.410642      
170             193.972000      3230.488885     184.460219      0.102559        17.513201      
171             194.375000      3250.571516     184.518368      0.103319        17.616520      
172             194.777000      3270.655556     184.578064      0.103113        17.719633      
173             193.972000      3290.610426     184.632288      0.102875        17.822508      
174             194.250000      3310.742107     184.687891      0.103638        17.926146      
175             194.777000      3330.715125     184.745276      0.102543        18.028689      
176             194.576000      3350.670451     184.800883      0.102558        18.131247      
177             194.172000      3370.595799     184.853622      0.102617        18.233864      
178             194.451000      3390.664503     184.907639      0.103207        18.337071      
179             194.777000      3410.642975     184.962537      0.102571        18.439642      
180             194.576000      3430.608029     185.015736      0.102608        18.542250      
181             194.172000      3450.762694     185.066707      0.103798        18.646048      
182             194.576000      3470.721328     185.118733      0.102575        18.748623      
183             194.777000      3490.714018     185.171321      0.102644        18.851267      
184             194.916000      3510.701874     185.224043      0.102546        18.953813      
185             194.250000      3530.623766     185.272619      0.102558        19.056371      
186             194.375000      3550.561198     185.321351      0.102572        19.158943      
187             194.645000      3570.765933     185.371594      0.103803        19.262746      
188             194.645000      3590.738846     185.420731      0.102612        19.365358      
189             194.050000      3610.641196     185.466193      0.102563        19.467921      
190             194.576000      3630.597883     185.513936      0.102565        19.570486      
191             194.916000      3650.596460     185.562970      0.102601        19.673087      
192             194.847000      3670.584450     185.611130      0.102583        19.775670      
193             194.050000      3690.656399     185.655040      0.103437        19.879107      
194             194.645000      3710.838361     185.701686      0.103686        19.982793      
195             194.916000      3730.851556     185.748790      0.102676        20.085469      
196             194.847000      3750.920018     185.795206      0.102996        20.188465      
197             194.050000      3770.836145     185.836960      0.102634        20.291099      
198             194.645000      3790.815871     185.881293      0.102647        20.393746      
199             194.916000      3810.806651     185.926501      0.102561        20.496307      
200             194.916000      3830.796456     185.971258      0.102556        20.598863      
201             194.576000      3850.752754     186.013889      0.102563        20.701426      
202             194.576000      3870.712166     186.056106      0.102579        20.804005      
203             195.048000      3890.717264     186.100219      0.102565        20.906570      
204             195.048000      3910.723532     186.143904      0.102571        21.009141      
205             194.250000      3931.189907     186.184354      0.105361        21.114502      
206             194.847000      3951.172441     186.226225      0.102555        21.217057      
207             195.048000      3971.194508     186.268701      0.102652        21.319709      
208             194.916000      3991.183923     186.310098      0.102554        21.422263      
209             194.916000      4011.292043     186.351343      0.103163        21.525426      
210             194.847000      4031.468644     186.392017      0.103551        21.628977      
211             194.847000      4051.456439     186.431928      0.102582        21.731559      
212             194.250000      4071.622115     186.469098      0.103813        21.835372      
213             194.847000      4091.988887     186.509012      0.104527        21.939899      
214             194.847000      4111.968888     186.547801      0.102542        22.042441      
215             194.645000      4131.932847     186.585303      0.102566        22.145007      
216             194.375000      4151.875528     186.621227      0.102599        22.247606      
217             194.916000      4171.869231     186.659296      0.102576        22.350182      
218             195.048000      4192.075814     186.698000      0.103598        22.453780      
219             194.645000      4212.050673     186.734155      0.102622        22.556402      
220             194.375000      4232.052055     186.768854      0.102901        22.659303      
221             194.645000      4252.018934     186.804349      0.102581        22.761884      
222             194.916000      4272.210867     186.841100      0.103593        22.865477      
223             194.576000      4292.160939     186.875629      0.102531        22.968008      
224             194.645000      4312.161102     186.910232      0.102752        23.070760      
225             194.847000      4332.149676     186.945367      0.102586        23.173346      
226             195.118000      4352.174051     186.981401      0.102627        23.275973      
227             194.451000      4372.116362     187.014169      0.102557        23.378530      
228             193.701000      4391.982143     187.043375      0.102559        23.481089      
229             195.048000      4412.020400     187.078245      0.102735        23.583824      
230             195.319000      4432.056418     187.113934      0.102581        23.686405      
231             194.777000      4452.034305     187.146974      0.102568        23.788973      
232             194.250000      4472.197261     187.177832      0.103799        23.892772      
233             195.048000      4492.200799     187.211469      0.102557        23.995329      
234             195.048000      4512.204922     187.244821      0.102560        24.097889      
235             194.576000      4532.157134     187.275885      0.102542        24.200431      
236             194.777000      4552.584761     187.308252      0.104877        24.305308      
237             194.916000      4572.586067     187.340236      0.102615        24.407923      
238             195.118000      4592.677952     187.372912      0.102973        24.510896      
239             194.375000      4612.617523     187.402095      0.102583        24.613479      
240             194.847000      4632.983711     187.433577      0.104524        24.718003      
241             195.118000      4653.040671     187.465401      0.102794        24.820797      
242             195.118000      4673.043778     187.496879      0.102518        24.923315      
243             194.777000      4693.214300     187.527003      0.103557        25.026872      
244             194.916000      4713.206834     187.557162      0.102570        25.129442      
245             195.319000      4733.246954     187.588725      0.102602        25.232044      
246             195.249000      4753.591314     187.620228      0.104197        25.336241      
247             194.576000      4773.681869     187.648460      0.103253        25.439494      
248             194.916000      4793.945337     187.678038      0.103960        25.543454      
249             195.118000      4813.990589     187.707841      0.102734        25.646188      
250             194.576000      4834.476524     187.735922      0.105285        25.751473      
251             194.916000      4854.858500     187.764960      0.104568        25.856041      
252             195.118000      4875.041701     187.794260      0.103441        25.959482      
253             195.249000      4895.066438     187.823596      0.102560        26.062042      
254             194.576000      4915.023904     187.850066      0.102569        26.164611      
255             194.916000      4935.090116     187.877759      0.102948        26.267559      
256             195.118000      4955.417900     187.906362      0.104182        26.371741      
257             195.319000      4975.463098     187.935097      0.102628        26.474369      
258             194.777000      4995.456568     187.961522      0.102648        26.577017      
259             195.118000      5015.477431     187.989046      0.102609        26.679626      
260             195.319000      5035.518332     188.017128      0.102606        26.782232      
261             195.319000      5055.556108     188.044991      0.102590        26.884822      
262             194.777000      5075.547630     188.070594      0.102638        26.987460      
263             195.118000      5096.008289     188.097871      0.104863        27.092323      
264             195.319000      5116.125950     188.125221      0.102999        27.195322      
265             195.118000      5136.150911     188.151511      0.102630        27.297952      
266             194.777000      5156.126656     188.176309      0.102557        27.400509      
267             195.249000      5176.507527     188.203151      0.104384        27.504893      
268             195.451000      5196.625885     188.230174      0.102933        27.607826      
269             195.249000      5216.866177     188.256430      0.103664        27.711490      
270             194.847000      5236.857285     188.280741      0.102599        27.814089      
271             195.249000      5257.043102     188.306546      0.103385        27.917474      
272             195.451000      5277.271108     188.332934      0.103494        28.020968      
273             195.249000      5297.577004     188.358508      0.104000        28.124968      
274             197.193000      5318.244014     188.391307      0.104806        28.229774      
275             197.856000      5338.832909     188.426067      0.104060        28.333834      
276             198.061000      5359.387680     188.461229      0.103780        28.437614      
277             197.856000      5380.083615     188.495659      0.104601        28.542215      
278             197.464000      5400.569913     188.528139      0.103747        28.645962      
279             198.189000      5420.929472     188.562661      0.102728        28.748690      
280             198.061000      5441.495731     188.596844      0.103838        28.852528      
281             197.856000      5462.104214     188.630150      0.104159        28.956687      
282             197.668000      5482.597839     188.662394      0.103677        29.060364      
283             198.189000      5503.640358     188.697073      0.106174        29.166538      
284             197.856000      5524.074134     188.729390      0.103276        29.269814      
285             197.464000      5550.053683     188.768476      0.131566        29.401380      
286             198.061000      5570.602115     188.801151      0.103748        29.505128      
287             198.265000      5591.305938     188.834527      0.104425        29.609553      
288             197.464000      5611.591810     188.864364      0.102732        29.712285      
289             197.464000      5631.845889     188.893949      0.102571        29.814856      
290             198.265000      5652.176974     188.926069      0.102545        29.917401      
291             198.061000      5672.538833     188.957352      0.102806        30.020207      
292             197.668000      5692.975332     188.987248      0.103388        30.123595      
293             197.126000      5713.188435     189.014858      0.102539        30.226134      
294             197.790000      5733.476151     189.044536      0.102572        30.328706      
295             198.061000      5753.788297     189.074922      0.102555        30.431261      
296             197.464000      5774.251294     189.103393      0.103629        30.534890      
297             197.585000      5794.532011     189.131808      0.102643        30.637533      
298             198.394000      5815.199507     189.163195      0.104174        30.741707      
299             198.189000      5836.015100     189.193926      0.105029        30.846736      
300             197.464000      5856.287347     189.221359      0.102663        30.949399      
301             197.585000      5876.809513     189.249333      0.103865        31.053264      
302             198.061000      5897.131363     189.278352      0.102604        31.155868      
303             198.189000      5917.858960     189.308164      0.104585        31.260453      
304             197.464000      5938.344863     189.335141      0.103745        31.364198      
305             197.856000      5958.640338     189.362918      0.102577        31.466775      
306             198.189000      5978.970962     189.391598      0.102582        31.569357      
307             198.189000      5999.299802     189.420089      0.102573        31.671930      
308             197.464000      6019.556646     189.446059      0.102585        31.774515      
309             197.856000      6040.100035     189.473451      0.103830        31.878345      
310             198.189000      6061.136410     189.502374      0.106143        31.984488      
311             198.189000      6081.497753     189.530187      0.102737        32.087225      
312             198.189000      6101.876339     189.557846      0.102824        32.190049      
313             198.189000      6122.209738     189.585267      0.102596        32.292645      
314             198.189000      6142.524506     189.612491      0.102502        32.395147      
315             197.464000      6162.779376     189.637273      0.102575        32.497722      
316             198.061000      6183.076866     189.663753      0.102481        32.600203      
317             198.265000      6203.404778     189.690720      0.102529        32.702732      
318             198.061000      6223.710982     189.716879      0.102525        32.805257      
319             197.668000      6243.973928     189.741648      0.102510        32.907767      
320             198.061000      6264.328657     189.767548      0.102770        33.010537      
321             198.061000      6284.652291     189.793248      0.102613        33.113150      
322             198.265000      6305.501045     189.820066      0.105156        33.218306      
323             197.668000      6325.790875     189.844242      0.102646        33.320952      
324             198.265000      6346.246470     189.870235      0.103173        33.424125      
325             198.061000      6366.558219     189.895289      0.102553        33.526678      
326             198.265000      6387.330245     189.921363      0.104769        33.631447      
327             197.585000      6407.856560     189.944962      0.103886        33.735333      
328             198.189000      6428.456325     189.970285      0.103940        33.839273      
329             198.189000      6449.232874     189.995667      0.104832        33.944105      
330             198.459000      6469.673953     190.021270      0.102999        34.047104      
331             197.464000      6489.929810     190.043627      0.102580        34.149684      
332             198.189000      6510.274109     190.068038      0.102651        34.252335      
333             198.265000      6530.619072     190.092522      0.102615        34.354950      
334             197.856000      6550.934332     190.115655      0.102677        34.457627      
335             197.260000      6571.394337     190.137096      0.103721        34.561348      
336             198.459000      6591.975527     190.161992      0.103705        34.665053      
337             198.189000      6612.312890     190.185683      0.102616        34.767669      
338             198.189000      6632.656991     190.209243      0.102650        34.870319      
339             197.585000      6652.920518     190.230872      0.102556        34.972875      
340             198.394000      6673.394184     190.254889      0.103197        35.076072      
341             198.189000      6693.726988     190.278028      0.102593        35.178665      
342             198.061000      6714.067654     190.300683      0.102699        35.281364      
343             197.856000      6734.742221     190.322993      0.104493        35.385857      
344             198.394000      6755.092288     190.346321      0.102574        35.488431      
345             198.265000      6775.427932     190.369142      0.102568        35.590999      
346             198.061000      6795.744039     190.391246      0.102575        35.693574      
347             197.464000      6816.003451     190.411518      0.102598        35.796172      
348             198.394000      6836.412638     190.434393      0.102872        35.899044      
349             198.394000      6856.883923     190.457205      0.103185        36.002229      
350             198.061000      6877.236275     190.478846      0.102758        36.104987      
351             197.790000      6897.524980     190.499559      0.102577        36.207564      
352             198.598000      6918.269137     190.522855      0.104453        36.312017      
353             197.790000      6938.668011     190.543436      0.103134        36.415151      
354             197.585000      6959.058585     190.563336      0.103199        36.518350      
355             198.265000      6979.378369     190.584890      0.102488        36.620838      
356             198.459000      6999.722401     190.606870      0.102510        36.723348      
357             197.585000      7019.997190     190.626314      0.102613        36.825961      
358             197.585000      7040.246096     190.645625      0.102482        36.928443      
359             198.459000      7060.718928     190.667391      0.103159        37.031602      
360             198.665000      7081.861851     190.690309      0.106425        37.138027      
361             197.856000      7102.152182     190.710042      0.102551        37.240578      
362             197.464000      7122.421861     190.728607      0.102650        37.343228      
363             198.189000      7142.773295     190.749066      0.102687        37.445915      
364             198.394000      7163.119790     190.769946      0.102556        37.548471      
365             197.260000      7183.370304     190.787642      0.102659        37.651130      
366             197.994000      7203.681519     190.807223      0.102585        37.753715      
367             198.189000      7224.111832     190.827324      0.103085        37.856800      
368             198.394000      7244.721397     190.848031      0.103882        37.960682      
369             197.585000      7265.090633     190.866277      0.103091        38.063773      
370             197.790000      7285.369844     190.884876      0.102529        38.166302      
371             198.265000      7305.721151     190.904672      0.102647        38.268949      
372             198.598000      7326.221628     190.925368      0.103226        38.372175      
373             197.668000      7346.563840     190.943403      0.102911        38.475086      
374             198.061000      7366.899555     190.962346      0.102674        38.577760      
375             198.061000      7387.219227     190.981174      0.102593        38.680353      
376             198.265000      7407.555863     191.000438      0.102573        38.782926      
377             197.994000      7427.860544     191.018882      0.102552        38.885478      
378             198.265000      7448.542161     191.038268      0.104313        38.989791      
379             198.061000      7468.890552     191.056725      0.102738        39.092529      
380             198.394000      7489.295374     191.075978      0.102850        39.195379      
381             197.994000      7509.917439     191.094313      0.104155        39.299534      
382             198.189000      7530.319213     191.112848      0.102941        39.402475      
383             198.189000      7551.015298     191.131552      0.104426        39.506901      
384             198.459000      7571.381160     191.150536      0.102620        39.609521      
385             197.790000      7592.128738     191.168072      0.104897        39.714418      
386             198.189000      7612.705909     191.186380      0.103826        39.818244      
387             198.665000      7633.080992     191.205593      0.102560        39.920804      
388             198.459000      7653.631818     191.224359      0.103552        40.024356      
389             197.790000      7673.952367     191.241169      0.102738        40.127094      
390             198.189000      7694.342844     191.258937      0.102884        40.229978      
391             198.598000      7714.715027     191.277603      0.102580        40.332558      
392             198.459000      7735.203736     191.295938      0.103239        40.435797      
393             197.856000      7755.784321     191.312770      0.104018        40.539815      
394             198.189000      7776.131989     191.330141      0.102668        40.642483      
395             198.189000      7796.464992     191.347411      0.102594        40.745077      
396             197.585000      7816.738003     191.363079      0.102604        40.847681      
397             198.394000      7837.069420     191.380674      0.102480        40.950161      
398             198.459000      7857.412063     191.398348      0.102503        41.052664      
399             198.665000      7878.181694     191.416806      0.104546        41.157210      
400             197.668000      7898.476663     191.432362      0.102672        41.259882      
401             198.598000      7918.843682     191.450128      0.102554        41.362436      
402             198.598000      7939.331449     191.467912      0.103162        41.465598      
403             198.394000      7959.676754     191.484998      0.102550        41.568148      
404             197.464000      7980.208863     191.499917      0.103979        41.672127      
405             198.394000      8000.556152     191.516843      0.102560        41.774687      
406             198.598000      8021.169631     191.534393      0.103795        41.878482      
407             198.061000      8041.610318     191.550437      0.103204        41.981686      
408             197.994000      8061.948658     191.566165      0.102722        42.084408      
409             198.459000      8082.957925     191.583460      0.105862        42.190270      
410             198.598000      8103.340832     191.600483      0.102634        42.292904      
411             197.856000      8123.632152     191.615615      0.102556        42.395460      
412             197.585000      8143.913659     191.630033      0.102647        42.498107      
413             198.459000      8164.264836     191.646472      0.102546        42.600653      
414             198.459000      8184.621371     191.662835      0.102573        42.703226      
415             197.856000      8204.912493     191.677673      0.102555        42.805781      
416             197.585000      8225.173847     191.691791      0.102545        42.908326      
417             198.394000      8245.529865     191.707779      0.102604        43.010930      
418             198.189000      8265.867227     191.723205      0.102616        43.113546      
419             197.994000      8286.406927     191.738258      0.103739        43.217285      
420             197.585000      8306.686261     191.752110      0.102636        43.319921      
421             198.394000      8327.034541     191.767798      0.102565        43.422486      
422             198.459000      8347.388497     191.783565      0.102560        43.525046      
423             197.790000      8367.914945     191.797853      0.103779        43.628825      
424             197.790000      8388.511807     191.812121      0.104135        43.732960      
425             198.598000      8408.909211     191.828020      0.102707        43.835667      
426             198.598000      8429.280004     191.843825      0.102573        43.938240      
427             197.668000      8449.918322     191.857632      0.104409        44.042649      
428             198.265000      8470.286482     191.872542      0.102732        44.145381      
429             198.598000      8490.651714     191.888129      0.102545        44.247926      
430             198.665000      8511.157717     191.903900      0.103219        44.351145      
431             197.994000      8531.657224     191.918084      0.103536        44.454681      
432             197.856000      8551.958238     191.931758      0.102605        44.557286      
433             198.394000      8572.546973     191.946774      0.103777        44.661063      
434             198.598000      8592.919553     191.962016      0.102582        44.763645      
435             198.265000      8613.813710     191.976820      0.105385        44.869030      
436             198.459000      8634.155956     191.991595      0.102501        44.971531      
437             198.459000      8654.837170     192.006547      0.104209        45.075740      
438             197.585000      8675.086273     192.019201      0.102483        45.178223      
439             198.189000      8695.412537     192.033175      0.102560        45.280783      
440             198.394000      8715.748716     192.047542      0.102504        45.383287      
441             198.459000      8736.095129     192.061993      0.102522        45.485809      
442             197.790000      8757.195960     192.075396      0.106683        45.592492      
443             198.459000      8777.549716     192.089724      0.102559        45.695051      
444             198.459000      8797.905061     192.103988      0.102567        45.797618      
445             198.189000      8818.228550     192.117583      0.102546        45.900164      
446             197.790000      8838.699815     192.130345      0.103500        46.003664      
447             198.459000      8859.089691     192.144447      0.102741        46.106405      
448             198.665000      8879.461595     192.158917      0.102544        46.208949      
449             198.665000      8899.938393     192.173397      0.103072        46.312021      
450             197.668000      8920.209840     192.185537      0.102553        46.414574      
451             198.598000      8940.843378     192.199859      0.103896        46.518470      
452             198.598000      8961.206624     192.213931      0.102535        46.621005      
453             198.598000      8981.579601     192.227947      0.102584        46.723589      
454             197.668000      9001.851640     192.239862      0.102556        46.826145      
455             198.598000      9022.217667     192.253756      0.102549        46.928694      
456             198.598000      9042.600574     192.267600      0.102634        47.031328      
457             198.598000      9062.979707     192.281382      0.102615        47.133943      
458             197.994000      9083.281616     192.293783      0.102538        47.236481      
459             198.598000      9103.667900     192.307453      0.102651        47.339132      
460             198.598000      9124.045047     192.321058      0.102605        47.441737      
461             198.598000      9144.598550     192.334721      0.103493        47.545230      
462             197.668000      9164.891938     192.346212      0.102664        47.647894      
463             198.394000      9185.414011     192.359313      0.103441        47.751335      
464             198.459000      9205.810635     192.372413      0.102775        47.854110      
465             198.459000      9226.448188     192.385611      0.103989        47.958099      
466             197.790000      9246.753507     192.397155      0.102661        48.060760      
467             198.459000      9267.125721     192.410075      0.102652        48.163412      
468             198.459000      9287.501903     192.422942      0.102672        48.266084      
469             198.459000      9308.157913     192.435931      0.104082        48.370166      
470             197.856000      9328.466050     192.447408      0.102641        48.472807      
471             198.394000      9348.960746     192.460054      0.103303        48.576110      
472             198.459000      9369.432188     192.472766      0.103152        48.679262      
473             198.061000      9389.744136     192.484514      0.102554        48.781816      
474             197.856000      9410.129240     192.495835      0.103030        48.884846      
475             198.459000      9430.479226     192.508317      0.102540        48.987386      
476             198.730000      9450.982200     192.521393      0.103170        49.090556      
477             197.790000      9471.268729     192.532377      0.102566        49.193122      
478             198.459000      9491.740767     192.544779      0.103155        49.296277      
479             198.459000      9512.083410     192.557051      0.102503        49.398780      
480             197.856000      9532.365431     192.568024      0.102509        49.501289      
481             197.790000      9552.641081     192.578816      0.102511        49.603800      
482             198.598000      9573.003732     192.591232      0.102532        49.706332      
483             198.394000      9593.344473     192.603177      0.102527        49.808859      
484             197.994000      9613.865363     192.614371      0.103644        49.912503      
485             197.994000      9634.432980     192.625544      0.103880        50.016383      
486             198.598000      9654.799205     192.637764      0.102550        50.118933      
487             198.598000      9675.217065     192.649966      0.102810        50.221743      
488             197.994000      9695.523528     192.660857      0.102561        50.324304      
489             197.668000      9715.794579     192.671040      0.102551        50.426855      
490             198.394000      9736.155160     192.682663      0.102627        50.529482      
491             198.394000      9756.511773     192.694237      0.102607        50.632089      
492             197.585000      9776.801579     192.704136      0.102689        50.734778      
493             197.585000      9797.120628     192.714010      0.102837        50.837615      
494             198.459000      9817.523801     192.725604      0.102808        50.940423      
495             198.459000      9837.980558     192.737182      0.103078        51.043501      
496             197.585000      9858.708015     192.747125      0.104904        51.148405      
497             198.189000      9879.033684     192.758015      0.102557        51.250962      
498             198.459000      9899.407882     192.769412      0.102662        51.353624      
499             198.665000      9919.803427     192.781174      0.102663        51.456287      
500             197.585000      9940.071893     192.790732      0.102581        51.558868      
501             198.061000      9960.704304     192.801359      0.104172        51.663040      
502             198.459000      9981.080089     192.812580      0.102670        51.765710      
503             198.459000      10001.462424    192.823760      0.102703        51.868413      
504             197.790000      10021.750338    192.833562      0.102573        51.970986      
505             198.189000      10042.436513    192.844296      0.104376        52.075362      
506             198.598000      10062.804327    192.855605      0.102558        52.177920      
507             198.459000      10083.238062    192.866640      0.102962        52.280882      
508             197.790000      10103.532107    192.876284      0.102604        52.383486      
509             198.394000      10124.305348    192.887291      0.104707        52.488193      
510             198.598000      10144.678325    192.898430      0.102584        52.590777      
511             198.598000      10165.054678    192.909528      0.102601        52.693378      
512             197.668000      10185.332846    192.918774      0.102587        52.795965      
513             198.265000      10205.771390    192.929193      0.103087        52.899052      
514             198.394000      10226.197242    192.939808      0.102956        53.002008      
515             198.598000      10246.589086    192.950748      0.102679        53.104687      
516             197.994000      10266.891787    192.960468      0.102542        53.207229      
517             198.598000      10287.283234    192.971326      0.102677        53.309906      
518             198.394000      10307.812251    192.981831      0.103476        53.413382      
519             198.394000      10328.192474    192.992220      0.102726        53.516108      
520             197.464000      10348.450305    193.000776      0.102590        53.618698      
521             198.394000      10368.804934    193.011076      0.102597        53.721295      
522             198.459000      10389.787211    193.021776      0.105726        53.827021      
523             197.585000      10410.723120    193.030741      0.105959        53.932980      
524             198.189000      10431.105669    193.040559      0.102844        54.035824      
525             198.394000      10451.452561    193.050700      0.102558        54.138382      
526             198.189000      10471.797257    193.060425      0.102653        54.241035      
527             197.464000      10492.043833    193.068733      0.102533        54.343568      
528             198.189000      10512.357809    193.078372      0.102498        54.446066      
529             198.189000      10532.905054    193.088085      0.103675        54.549741      
530             198.189000      10553.249551    193.097666      0.102652        54.652393      
531             197.585000      10574.040235    193.106289      0.105224        54.757617      
532             198.061000      10594.352381    193.115552      0.102555        54.860172      
533             198.189000      10614.677257    193.125018      0.102553        54.962725      
534             198.265000      10635.008738    193.134590      0.102547        55.065272      
535             197.585000      10655.453846    193.142937      0.103475        55.168747      
536             198.189000      10675.807856    193.152313      0.102700        55.271447      
537             198.189000      10696.422089    193.161774      0.104013        55.375460      
538             197.856000      10716.730029    193.170459      0.102640        55.478100      
539             197.464000      10737.161234    193.178451      0.103468        55.581568      
540             198.265000      10757.500447    193.187822      0.102586        55.684154      
541             198.265000      10777.938396    193.197204      0.103084        55.787238      
542             197.994000      10798.259114    193.206012      0.102633        55.889871      
543             197.397000      10818.868743    193.213827      0.104407        55.994278      
544             198.265000      10839.212516    193.223066      0.102609        56.096887      
545             198.598000      10859.787468    193.232975      0.103601        56.200488      
546             197.668000      10880.209735    193.241113      0.103316        56.303804      
547             197.668000      10900.633781    193.249222      0.103325        56.407129      
548             198.265000      10920.989450    193.258335      0.102669        56.509798      
549             198.598000      10941.364016    193.268011      0.102592        56.612390      
550             197.464000      10961.950823    193.275724      0.104256        56.716646      
551             197.126000      10982.173191    193.282676      0.102586        56.819232      
552             198.189000      11002.522445    193.291526      0.102676        56.921908      
553             198.189000      11023.095652    193.300441      0.103806        57.025714      
554             197.585000      11043.380914    193.308141      0.102666        57.128380      
555             197.585000      11063.642070    193.315804      0.102544        57.230924      
556             198.061000      11083.975606    193.324301      0.102663        57.333587      
557             198.189000      11104.323275    193.332996      0.102668        57.436255      
558             197.464000      11124.573208    193.340359      0.102550        57.538805      
559             197.585000      11144.836933    193.347911      0.102557        57.641362      
560             198.189000      11165.171520    193.356513      0.102602        57.743964      
561             197.260000      11185.972587    193.363628      0.105450        57.849414      
562             197.856000      11206.311393    193.371597      0.102796        57.952210      
563             198.189000      11227.048304    193.380279      0.104632        58.056842      
564             198.189000      11247.737849    193.388910      0.104393        58.161235      
565             197.260000      11268.199826    193.395802      0.103731        58.264966      
566             197.856000      11288.618169    193.403688      0.103198        58.368164      
567             198.189000      11309.023907    193.412114      0.102961        58.471125      
568             198.394000      11329.800123    193.421021      0.104722        58.575847      
569             197.668000      11350.420256    193.428571      0.104317        58.680164      
570             197.790000      11370.922970    193.436262      0.103659        58.783823      
571             198.265000      11391.289940    193.444685      0.102726        58.886549      
572             198.265000      11411.840702    193.453155      0.103653        58.990202      
573             197.397000      11432.229246    193.460048      0.103287        59.093489      
574             198.265000      11452.627740    193.468400      0.102885        59.196374      
575             198.265000      11473.283979    193.476827      0.104185        59.300559      
576             198.265000      11493.616055    193.485093      0.102550        59.403109      
577             197.668000      11514.107704    193.492380      0.103667        59.506776      
578             197.994000      11534.413572    193.500125      0.102558        59.609334      
579             198.265000      11554.858461    193.508353      0.103119        59.712453      
580             198.265000      11575.194304    193.516510      0.102569        59.815022      
581             197.193000      11595.433404    193.522808      0.102636        59.917658      
582             198.061000      11615.777042    193.530574      0.102714        60.020372      
583             198.265000      11636.117643    193.538653      0.102593        60.122965      
584             198.189000      11656.637934    193.546647      0.103539        60.226504      
585             197.260000      11676.868722    193.552960      0.102559        60.329063      
586             197.856000      11697.235821    193.560290      0.102939        60.432002      
587             198.189000      11717.582498    193.568140      0.102663        60.534665      
588             198.061000      11737.898408    193.575740      0.102574        60.637239      
589             197.260000      11758.140242    193.581964      0.102615        60.739854      
590             198.061000      11778.565085    193.589556      0.103124        60.842978      
591             197.856000      11798.884698    193.596745      0.102699        60.945677      
592             198.265000      11819.938062    193.604865      0.106188        61.051865      
593             197.260000      11840.178713    193.610998      0.102609        61.154474      
594             197.856000      11860.496348    193.618114      0.102689        61.257163      
595             197.856000      11881.028063    193.625281      0.103771        61.360934      
596             198.189000      11901.518031    193.632957      0.103386        61.464320      
597             197.260000      11921.753357    193.639000      0.102582        61.566902      
598             198.061000      11942.228110    193.646413      0.103376        61.670278      
599             198.061000      11963.252088    193.653998      0.106149        61.776427      
600             197.193000      11983.493555    193.659869      0.102648        61.879075      
601             197.994000      12003.810115    193.667044      0.102612        61.981687      
602             197.790000      12024.147476    193.673873      0.102823        62.084510      
603             197.668000      12044.831258    193.680593      0.104639        62.189149      
604             197.397000      12065.089717    193.686716      0.102628        62.291777      
605             198.265000      12085.425164    193.694242      0.102567        62.394344      
606             198.061000      12105.755333    193.701414      0.102646        62.496990      
607             197.464000      12126.004674    193.707578      0.102547        62.599537      
608             197.397000      12146.352554    193.713643      0.103081        62.702618      
609             197.790000      12166.637303    193.720299      0.102557        62.805175      
610             198.265000      12186.983852    193.727713      0.102623        62.907798      
611             197.193000      12207.204417    193.733353      0.102542        63.010340      
612             197.193000      12227.437207    193.738977      0.102604        63.112944      
613             197.856000      12247.728131    193.745656      0.102554        63.215498      
614             198.061000      12268.056122    193.752651      0.102635        63.318133      
615             197.260000      12288.285924    193.758322      0.102554        63.420687      
616             197.193000      12308.535476    193.763875      0.102689        63.523376      
617             197.856000      12328.838865    193.770475      0.102617        63.625993      
618             198.189000      12349.202983    193.777599      0.102751        63.728744      
619             197.260000      12369.718418    193.783273      0.104002        63.832746      
620             197.260000      12389.964987    193.788854      0.102639        63.935385      
621             198.061000      12410.519361    193.795777      0.103778        64.039163      
622             198.189000      12430.861282    193.802807      0.102639        64.141802      
623             197.193000      12451.081058    193.808218      0.102538        64.244340      
624             197.260000      12471.331770    193.813725      0.102660        64.347000      
625             197.790000      12491.622057    193.820054      0.102585        64.449585      
626             198.189000      12511.961996    193.827000      0.102629        64.552214      
627             196.990000      12532.386313    193.832072      0.103682        64.655896      
628             197.585000      12552.816404    193.838065      0.103399        64.759295      
629             198.061000      12573.132907    193.844743      0.102577        64.861872      
630             198.061000      12593.470207    193.851407      0.102682        64.964554      
631             197.397000      12613.719981    193.856997      0.102584        65.067138      
632             197.994000      12634.041491    193.863513      0.102637        65.169775      
633             198.265000      12654.398152    193.870436      0.102674        65.272449      
634             198.265000      12674.744106    193.877334      0.102620        65.375069      
635             197.397000      12695.009869    193.882853      0.102665        65.477734      
636             197.994000      12715.962188    193.889486      0.105823        65.583557      
637             198.265000      12736.439989    193.896366      0.103285        65.686842      
638             198.265000      12756.820837    193.903192      0.102796        65.789638      
639             197.397000      12777.152531    193.908654      0.102999        65.892637      
640             197.994000      12797.595016    193.915045      0.103248        65.995885      
641             198.265000      12817.952271    193.921802      0.102677        66.098562      
642             196.990000      12838.219981    193.926571      0.102887        66.201449      
643             197.856000      12858.874169    193.932757      0.104390        66.305839      
644             198.189000      12879.205189    193.939332      0.102584        66.408423      
645             198.189000      12899.548894    193.945891      0.102648        66.511071      
646             197.193000      12919.779121    193.950891      0.102591        66.613662      
647             197.856000      12940.181438    193.956927      0.103117        66.716779      
648             198.061000      12960.500318    193.963228      0.102589        66.819368      
649             198.189000      12980.849374    193.969711      0.102675        66.922043      
650             197.260000      13001.133619    193.974759      0.102830        67.024873      
651             197.856000      13021.443142    193.980694      0.102648        67.127521      
652             197.856000      13042.622638    193.986864      0.107045        67.234566      
653             198.061000      13062.949836    193.993074      0.102631        67.337197      
654             197.260000      13083.182202    193.998042      0.102567        67.439764      
655             198.061000      13103.505836    194.004215      0.102613        67.542377      
656             197.856000      13123.808236    194.010058      0.102612        67.644989      
657             198.061000      13144.130681    194.016193      0.102607        67.747596      
658             197.193000      13164.361302    194.020997      0.102593        67.850189      
659             197.994000      13184.685386    194.026998      0.102650        67.952839      
660             197.994000      13205.290424    194.033065      0.104069        68.056908      
661             197.994000      13225.605202    194.039027      0.102603        68.159511      
662             197.397000      13245.845106    194.044071      0.102534        68.262045      
663             197.994000      13266.349167    194.050054      0.103559        68.365604      
664             197.994000      13286.711860    194.055978      0.102845        68.468449      
665             197.668000      13306.999713    194.061385      0.102636        68.571085      
666             197.126000      13327.214195    194.065961      0.102546        68.673631      
667             197.790000      13347.525053    194.071521      0.102689        68.776320      
668             198.061000      13367.889487    194.077477      0.102819        68.879139      
669             197.585000      13388.396636    194.082754      0.103789        68.982928      
670             196.990000      13408.728762    194.087097      0.103214        69.086142      
671             197.856000      13429.092300    194.092704      0.102921        69.189063      
672             198.061000      13449.429005    194.098584      0.102679        69.291742      
673             197.260000      13469.794719    194.103287      0.103243        69.394985      
674             197.193000      13490.028101    194.107849      0.102607        69.497592      
675             197.856000      13510.329314    194.113375      0.102606        69.600198      
676             198.061000      13530.797928    194.119228      0.103345        69.703543      
677             197.260000      13551.556584    194.123962      0.105235        69.808778      
678             197.193000      13571.943974    194.128501      0.103388        69.912166      
679             197.856000      13592.532869    194.134041      0.104060        70.016226      
680             197.856000      13613.160149    194.139574      0.104254        70.120480      
681             196.719000      13633.353157    194.143345      0.102649        70.223129      
682             197.790000      13653.649774    194.148666      0.102617        70.325746      
683             198.189000      13673.967317    194.154547      0.102516        70.428262      
684             197.193000      13694.410907    194.159013      0.103673        70.531935      
685             197.464000      13714.661235    194.163812      0.102552        70.634487      
686             197.790000      13734.949347    194.169070      0.102574        70.737061      
687             197.994000      13755.254820    194.174607      0.102556        70.839617      
688             196.922000      13775.464531    194.178582      0.102628        70.942245      
689             197.193000      13795.681349    194.182932      0.102523        71.044768      
690             197.994000      13815.995335    194.188428      0.102599        71.147367      
691             197.790000      13836.419328    194.193647      0.103261        71.250628      
692             197.193000      13856.658823    194.197962      0.102638        71.353266      
693             197.464000      13876.907769    194.202649      0.102545        71.455811      
694             197.856000      13897.255082    194.207899      0.102839        71.558650      
695             198.061000      13917.568020    194.213414      0.102559        71.661209      
696             196.990000      13937.795545    194.217386      0.102683        71.763892      
697             197.790000      13958.081876    194.222485      0.102565        71.866457      
698             197.856000      13978.387244    194.227666      0.102627        71.969084      
699             198.061000      13999.151167    194.233242      0.104836        72.073920      
700             196.990000      14019.357613    194.237160      0.102576        72.176496      
701             197.856000      14039.679007    194.242302      0.102708        72.279204      
702             197.790000      14060.364281    194.247428      0.104582        72.383786      
703             197.856000      14081.098600    194.252645      0.104795        72.488581      
704             196.922000      14101.365616    194.256430      0.102919        72.591500      
705             197.856000      14121.656935    194.261508      0.102556        72.694056      
706             197.994000      14141.970130    194.266768      0.102595        72.796651      
707             197.856000      14162.279059    194.271822      0.102645        72.899296      
708             196.922000      14182.714837    194.275589      0.103776        73.003072      
709             197.585000      14202.987453    194.280234      0.102602        73.105674      
710             197.790000      14223.518055    194.285210      0.103800        73.209474      
711             197.790000      14243.824363    194.290118      0.102666        73.312140      
712             196.922000      14264.485222    194.293880      0.104919        73.417059      
713             197.790000      14284.776894    194.298758      0.102592        73.519651      
714             197.790000      14305.068763    194.303623      0.102593        73.622244      
715             197.994000      14325.461353    194.308779      0.102996        73.725240      
716             197.126000      14345.686284    194.312694      0.102599        73.827839      
717             197.994000      14366.018684    194.317807      0.102692        73.930531      
718             197.994000      14386.677180    194.322988      0.104339        74.034870      
719             197.994000      14406.990968    194.328069      0.102598        74.137468      
720             197.126000      14427.427218    194.331976      0.103671        74.241139      
721             197.994000      14447.736254    194.337028      0.102574        74.343713      
722             197.994000      14468.042123    194.342066      0.102558        74.446271      
723             197.126000      14488.270996    194.345898      0.102619        74.548890      
724             197.994000      14508.577854    194.350910      0.102563        74.651453      
725             197.994000      14528.876001    194.355907      0.102519        74.753972      
726             197.994000      14549.169396    194.360888      0.102495        74.856467      
727             196.922000      14569.600251    194.364433      0.103751        74.960218      
728             197.790000      14589.967280    194.369132      0.102973        75.063191      
729             197.856000      14610.265130    194.373891      0.102589        75.165780      
730             197.585000      14630.556516    194.378272      0.102697        75.268477      
731             197.193000      14650.851620    194.382116      0.102920        75.371397      
732             197.856000      14671.151250    194.386838      0.102598        75.473995      
733             197.790000      14691.439955    194.391457      0.102577        75.576572      
734             197.260000      14711.676858    194.395346      0.102590        75.679162      
735             196.990000      14731.887244    194.398858      0.102596        75.781758      
736             197.856000      14752.523625    194.403610      0.104300        75.886058      
737             197.856000      14773.245282    194.408368      0.104731        75.990789      
738             197.193000      14793.544526    194.412135      0.102941        76.093730      
739             196.990000      14813.759246    194.415607      0.102618        76.196348      
740             197.790000      14834.061598    194.420147      0.102646        76.298994      
741             197.856000      14854.489835    194.424790      0.103248        76.402242      
742             196.990000      14874.709676    194.428231      0.102644        76.504886      
743             196.990000      14894.923411    194.431663      0.102613        76.607499      
744             198.061000      14915.418763    194.436559      0.103480        76.710979      
745             197.790000      14935.701337    194.441035      0.102546        76.813525      
746             197.126000      14955.935532    194.444619      0.102646        76.916171      
747             197.126000      14976.197522    194.448197      0.102787        77.018958      
748             197.464000      14996.456736    194.452209      0.102597        77.121555      
749             197.994000      15016.762605    194.456913      0.102558        77.224113      
750             197.126000      15036.995223    194.460456      0.102638        77.326751      
751             197.397000      15057.488980    194.464393      0.103820        77.430571      
752             197.790000      15077.773531    194.468792      0.102556        77.533127      
753             197.856000      15098.520118    194.473367      0.104857        77.637984      
754             196.990000      15118.724003    194.476687      0.102563        77.740547      
755             197.260000      15138.960512    194.480355      0.102588        77.843135      
756             197.790000      15159.261084    194.484713      0.102637        77.945772      
757             197.856000      15179.871348    194.489212      0.104168        78.049940      
758             196.922000      15200.075939    194.492406      0.102602        78.152542      
759             197.585000      15220.352704    194.496462      0.102623        78.255165      
760             197.790000      15240.986751    194.500847      0.104323        78.359488      
761             197.856000      15261.472167    194.505274      0.103537        78.463025      
762             196.990000      15281.689842    194.508520      0.102633        78.565658      
763             197.585000      15301.959494    194.512532      0.102587        78.668245      
764             197.856000      15322.254376    194.516885      0.102574        78.770819      
765             197.790000      15342.560882    194.521146      0.102667        78.873486      
766             197.464000      15362.823255    194.524970      0.102613        78.976099      
767             197.856000      15383.321137    194.529333      0.103600        79.079699      
768             197.790000      15403.596392    194.533555      0.102509        79.182208      
769             197.193000      15423.829774    194.536996      0.102607        79.284815      
770             197.464000      15444.430008    194.540843      0.104324        79.389139      
771             197.994000      15464.887342    194.545331      0.103323        79.492462      
772             197.994000      15485.191627    194.549774      0.102550        79.595012      
773             197.126000      15505.448295    194.553096      0.102760        79.697772      
774             197.790000      15525.751240    194.557260      0.102649        79.800421      
775             197.790000      15546.054582    194.561413      0.102651        79.903072      
776             197.790000      15566.350803    194.565554      0.102615        80.005687      
777             197.126000      15586.750978    194.568862      0.103488        80.109175      
778             197.790000      15607.048188    194.572983      0.102620        80.211795      
779             197.790000      15627.579383    194.577140      0.103803        80.315598      
780             197.856000      15647.870110    194.581322      0.102553        80.418151      
781             196.922000      15668.077458    194.584305      0.102616        80.520767      
782             197.856000      15688.377483    194.588468      0.102600        80.623367      
783             197.790000      15708.832529    194.592570      0.103418        80.726785      
784             197.856000      15729.121079    194.596710      0.102542        80.829327      
785             196.922000      15749.331578    194.599658      0.102632        80.931959      
786             198.061000      15769.688090    194.604049      0.102779        81.034738      
787             197.994000      15790.006630    194.608336      0.102622        81.137360      
788             197.856000      15810.693662    194.612516      0.104556        81.241916      
789             196.922000      15830.888013    194.615427      0.102550        81.344466      
790             197.856000      15851.179135    194.619508      0.102555        81.447021      
791             197.994000      15871.487380    194.623752      0.102570        81.549591      
792             197.585000      15891.751104    194.627471      0.102557        81.652148      
793             197.126000      15911.972487    194.630606      0.102581        81.754729      
794             197.585000      15932.237199    194.634308      0.102562        81.857291      
795             197.790000      15952.539947    194.638260      0.102648        81.959939      
796             197.260000      15973.003305    194.641575      0.103738        82.063677      
797             196.922000      15993.737616    194.644497      0.105292        82.168969      
798             197.790000      16014.083878    194.648430      0.102868        82.271837      
799             197.790000      16034.371792    194.652342      0.102573        82.374410      
800             196.922000      16054.566340    194.655164      0.102551        82.476961      
801             196.922000      16074.776445    194.657981      0.102630        82.579591      
802             197.668000      16095.045717    194.661714      0.102542        82.682133      
803             197.994000      16115.353367    194.665842      0.102567        82.784700      
804             196.922000      16135.603644    194.668642      0.102834        82.887534      
805             197.126000      16155.832123    194.671680      0.102617        82.990151      
806             197.994000      16176.888389    194.675932      0.106348        83.096499      
807             197.994000      16197.198613    194.680023      0.102580        83.199079      
808             197.126000      16217.422558    194.683035      0.102594        83.301673      
809             197.668000      16237.700528    194.686707      0.102586        83.404259      
810             197.994000      16258.250919    194.690818      0.103793        83.508052      
811             196.922000      16278.449996    194.693555      0.102574        83.610626      
812             196.922000      16298.648680    194.696285      0.102572        83.713198      
813             197.585000      16318.920110    194.699821      0.102596        83.815794      
814             197.790000      16339.417088    194.703637      0.103630        83.919424      
815             196.990000      16359.635945    194.706430      0.102639        84.022063      
816             197.193000      16379.880567    194.709465      0.102664        84.124727      
817             197.856000      16400.190287    194.713299      0.102649        84.227376      
818             197.790000      16420.492244    194.717044      0.102644        84.330020      
819             196.990000      16440.703221    194.719806      0.102599        84.432619      
820             197.260000      16460.954327    194.722891      0.102662        84.535281      
821             197.856000      16481.264246    194.726691      0.102650        84.637931      
822             197.856000      16501.565656    194.730480      0.102607        84.740538      
823             196.719000      16522.152496    194.732933      0.104651        84.845189      
824             197.381000      16542.410103    194.736132      0.102632        84.947821      
825             197.790000      16562.820844    194.739838      0.103194        85.051015      
826             197.585000      16583.094448    194.743266      0.102607        85.153622      
827             196.922000      16603.293919    194.745887      0.102576        85.256198      
828             197.585000      16623.562386    194.749299      0.102581        85.358779      
829             197.790000      16644.067671    194.752988      0.103672        85.462451      
830             197.856000      16664.367499    194.756708      0.102599        85.565050      
831             196.922000      16684.571105    194.759302      0.102597        85.667647      
832             197.668000      16704.987838    194.762804      0.103288        85.770935      
833             197.994000      16725.311130    194.766667      0.102646        85.873581      
834             197.668000      16745.594436    194.770129      0.102613        85.976194      
835             197.126000      16765.990078    194.772961      0.103465        86.079659      
836             197.668000      16786.262710    194.776406      0.102559        86.182218      
837             197.994000      16806.581053    194.780233      0.102621        86.284839      
838             197.790000      16826.873120    194.783808      0.102594        86.387433      
839             197.126000      16847.129393    194.786590      0.102758        86.490191      
840             197.585000      16867.468398    194.789917      0.102938        86.593129      
841             197.790000      16888.012054    194.793511      0.103866        86.696995      
842             197.856000      16908.316828    194.797132      0.102624        86.799619      
843             196.589000      16928.494134    194.799248      0.102637        86.902256      
844             197.585000      16948.766552    194.802533      0.102601        87.004857      
845             197.790000      16969.061982    194.806052      0.102611        87.107468      
846             197.856000      16989.492197    194.809664      0.103258        87.210726      
847             196.922000      17009.909660    194.812172      0.103683        87.314409      
848             197.585000      17030.230487    194.815434      0.102846        87.417255      
849             197.585000      17050.499942    194.818681      0.102586        87.519841      
850             197.585000      17070.987728    194.821954      0.103691        87.623532      
851             196.990000      17091.199690    194.824490      0.102604        87.726136      
852             197.790000      17111.488000    194.827953      0.102575        87.828711      
853             197.585000      17131.772076    194.831172      0.102660        87.931371      
854             196.990000      17151.991720    194.833689      0.102643        88.034014      
855             197.464000      17172.449781    194.836781      0.103604        88.137618      
856             197.790000      17192.811865    194.840226      0.102948        88.240566      
857             197.668000      17213.149728    194.843520      0.102889        88.343455      
858             196.589000      17233.364582    194.845549      0.102828        88.446283      
859             197.994000      17253.969818    194.849249      0.104070        88.550353      
860             197.668000      17274.347412    194.852527      0.103090        88.653443      
861             197.397000      17294.970661    194.855522      0.104476        88.757919      
862             196.792000      17315.308720    194.857774      0.103348        88.861267      
863             197.668000      17335.737906    194.861039      0.103351        88.964618      
864             197.790000      17356.112649    194.864427      0.103012        89.067630      
865             197.126000      17376.343296    194.867030      0.102628        89.170258      
866             197.126000      17396.753525    194.869649      0.103539        89.273797      
867             197.790000      17417.208967    194.873029      0.103420        89.377217      
868             197.994000      17437.515034    194.876606      0.102559        89.479776      
869             197.126000      17457.826700    194.879193      0.103039        89.582815      
870             196.922000      17478.024005    194.881529      0.102565        89.685380      
871             197.585000      17499.168168    194.884751      0.107013        89.792393      
872             197.790000      17519.471510    194.888069      0.102651        89.895044      
873             196.990000      17539.928527    194.890494      0.103848        89.998892      
874             196.922000      17560.166792    194.892811      0.102773        90.101665      
875             197.585000      17580.443755    194.895874      0.102624        90.204289      
876             197.790000      17600.738789    194.899163      0.102609        90.306898      
877             196.990000      17620.941886    194.901534      0.102559        90.409457      
878             196.922000      17641.150416    194.903825      0.102622        90.512079      
879             197.585000      17661.426786    194.906862      0.102621        90.614700      
880             197.790000      17682.023450    194.910171      0.104134        90.718834      
881             196.719000      17702.202098    194.912214      0.102576        90.821410      
882             197.193000      17722.526781    194.914799      0.103070        90.924480      
883             197.856000      17743.082832    194.918156      0.103894        91.028374      
884             197.856000      17763.385034    194.921464      0.102611        91.130985      
885             196.719000      17783.562895    194.923485      0.102572        91.233557      
886             197.260000      17803.870615    194.926119      0.102949        91.336506      
887             197.856000      17824.474943    194.929455      0.104138        91.440644      
888             197.790000      17844.765626    194.932661      0.102587        91.543231      
889             196.922000      17864.959780    194.934887      0.102549        91.645780      
890             197.668000      17885.546704    194.937990      0.104149        91.749929      
891             197.994000      17905.857523    194.941403      0.102583        91.852512      
892             197.126000      17926.089156    194.943841      0.102633        91.955145      
893             197.668000      17946.865248    194.946951      0.105106        92.060251      
894             197.464000      17967.113997    194.949752      0.102544        92.162795      
895             197.668000      17987.384060    194.952773      0.102546        92.265341      
896             196.922000      18007.572700    194.954958      0.102521        92.367862      
897             197.790000      18027.841824    194.958100      0.102478        92.470340      
898             197.856000      18048.541716    194.961375      0.104621        92.574961      
899             197.790000      18068.833388    194.964507      0.102592        92.677553      
900             196.990000      18089.040622    194.966746      0.102580        92.780133      
901             197.464000      18109.490586    194.969530      0.103563        92.883696      
902             197.856000      18129.792195    194.972715      0.102608        92.986304      
903             197.856000      18151.102671    194.976051      0.107707        93.094011      
904             196.719000      18171.284860    194.977970      0.102594        93.196605      
905             197.585000      18191.614973    194.980845      0.102893        93.299498      
906             197.790000      18211.903480    194.983930      0.102576        93.402074      
907             197.856000      18232.494157    194.987127      0.104069        93.506143      
908             196.922000      18252.698551    194.989247      0.102601        93.608744      
909             197.585000      18272.964054    194.992089      0.102566        93.711310      
910             197.856000      18293.353115    194.995234      0.103050        93.814360      
911             197.856000      18313.665209    194.998361      0.102661        93.917021      
912             196.719000      18333.848972    195.000239      0.102602        94.019623      
913             197.856000      18354.150383    195.003352      0.102607        94.122230      
914             197.790000      18374.544312    195.006402      0.103109        94.225339      
915             197.856000      18394.840578    195.009501      0.102581        94.327920      
916             196.922000      18415.035126    195.011578      0.102551        94.430471      
917             197.668000      18435.324758    195.014462      0.102645        94.533116      
918             197.464000      18455.589896    195.017118      0.102627        94.635743      
919             197.994000      18475.889825    195.020340      0.102528        94.738271      
920             196.922000      18496.084176    195.022396      0.102550        94.840821      
921             197.994000      18516.487260    195.025622      0.103049        94.943870      
922             197.994000      18536.822431    195.028829      0.102706        95.046576      
923             197.464000      18557.501256    195.031509      0.104722        95.151298      
924             196.922000      18577.696395    195.033545      0.102554        95.253852      
925             197.585000      18597.961108    195.036289      0.102562        95.356414      
926             197.856000      18618.251637    195.039318      0.102552        95.458966      
927             197.056000      18638.531458    195.041490      0.102914        95.561880      
928             196.922000      18658.727778    195.043506      0.102560        95.664440      
929             197.856000      18679.505032    195.046590      0.105012        95.769452      
930             197.790000      18700.128002    195.049574      0.104267        95.873719      
931             196.990000      18720.375028    195.051652      0.102782        95.976501      
932             196.922000      18740.788357    195.053669      0.103662        96.080163      
933             197.464000      18761.044016    195.056240      0.102579        96.182742      
934             196.990000      18781.276465    195.058303      0.102708        96.285450      
935             196.922000      18801.465697    195.060285      0.102524        96.387974      
936             197.585000      18821.718949    195.062967      0.102504        96.490478      
937             197.790000      18842.117428    195.065879      0.103132        96.593610      
938             196.990000      18862.315797    195.067919      0.102535        96.696145      
939             196.386000      18882.565354    195.069323      0.103111        96.799256      
940             197.585000      18902.900407    195.071995      0.102918        96.902174      
941             197.585000      18923.179148    195.074654      0.102633        97.004807      
942             196.922000      18943.626938    195.076629      0.103837        97.108644      
943             197.126000      18963.845561    195.078791      0.102567        97.211211      
944             197.790000      18984.357175    195.081681      0.103704        97.314915      
945             197.994000      19004.667597    195.084747      0.102581        97.417496      
946             197.126000      19024.900216    195.086896      0.102638        97.520134      
947             197.397000      19045.145647    195.089323      0.102562        97.622696      
948             197.994000      19065.796619    195.092423      0.104301        97.726997      
949             197.668000      19086.071623    195.095123      0.102571        97.829568      
950             196.792000      19106.269370    195.096902      0.102635        97.932203      
951             197.193000      19126.718087    195.099119      0.103699        98.035902      
952             197.790000      19147.010550    195.101932      0.102596        98.138498      
953             197.790000      19167.515637    195.104768      0.103671        98.242169      
954             196.719000      19187.688974    195.106452      0.102549        98.344718      
955             197.464000      19207.938512    195.108907      0.102548        98.447266      
956             197.856000      19228.241110    195.111768      0.102613        98.549879      
957             197.790000      19248.589943    195.114561      0.102881        98.652760      
958             196.990000      19269.004214    195.116529      0.103631        98.756391      
959             197.790000      19289.290743    195.119303      0.102566        98.858957      
960             197.856000      19309.822062    195.122172      0.103769        98.962726      
961             197.856000      19330.449539    195.125049      0.104255        99.066981      
962             196.719000      19350.765104    195.126709      0.103272        99.170253      
963             196.719000      19371.013784    195.128360      0.102932        99.273185      
964             197.790000      19391.790832    195.131173      0.105046        99.378231      
965             197.856000      19412.089077    195.133983      0.102591        99.480822      
966             196.922000      19432.649703    195.135858      0.104410        99.585232      
967             197.585000      19452.922912    195.138379      0.102605        99.687837      
968             197.790000      19473.307545    195.141117      0.103062        99.790899      
969             197.856000      19493.610736    195.143906      0.102616        99.893515      
970             196.922000      19513.827930    195.145732      0.102666        99.996181      
971             197.790000      19534.762420    195.148528      0.105842        100.102023     
972             197.790000      19555.047366    195.151231      0.102558        100.204581     
973             196.792000      19575.229370    195.152909      0.102555        100.307136     
974             79.791000       19583.472339    195.034219      0.103307        100.410443     
975             79.874000       19591.653913    194.916861      0.102431        100.512874     
976             76.512000       19600.490283    194.780969      0.115490        100.628364     
977             76.917000       19608.366277    194.661157      0.102396        100.730760     
978             76.048000       19616.150702    194.540745      0.102362        100.833122     
979             75.970000       19623.931094    194.420438      0.102414        100.935536     
980             76.162000       19631.729625    194.300592      0.102394        101.037930     
981             75.891000       19639.499118    194.180735      0.102377        101.140307     
982             75.558000       19647.322998    194.059412      0.103548        101.243855     
983             75.970000       19655.102174    193.940097      0.102398        101.346253     
984             75.891000       19663.027319    193.818584      0.104428        101.450681     
985             75.970000       19670.803457    193.699801      0.102358        101.553039     
