#timestep       power           acc-energy      avg-power       dt              acc-time       
1               120.354000      12.051888       120.354000      0.100137        0.100137       
2               120.354000      25.305030       120.354000      0.110118        0.210255       
3               120.295000      37.349687       120.334967      0.100126        0.310381       
4               120.295000      49.396630       120.325217      0.100145        0.410526       
5               120.275000      61.456364       120.315360      0.100268        0.510794       
6               120.161000      73.493973       120.290050      0.100179        0.610973       
7               120.067000      85.523005       120.258627      0.100186        0.711159       
8               120.037000      97.548672       120.231261      0.100183        0.811342       
9               120.021000      109.573456      120.208151      0.100189        0.911531       
10              119.955000      121.598105      120.183070      0.100243        1.011774       
11              119.852000      133.606916      120.153238      0.100197        1.111971       
12              119.831000      145.609069      120.126611      0.100159        1.212130       
13              119.831000      157.611102      120.104049      0.100158        1.312288       
14              135.492000      171.182116      121.195255      0.100161        1.412449       
15              152.068000      186.411423      123.239318      0.100148        1.512597       
16              168.508000      203.285814      126.050195      0.100140        1.612737       
17              184.768000      221.788481      129.483017      0.100140        1.712877       
18              209.325000      242.750287      133.893001      0.100140        1.813017       
19              227.189000      265.500993      138.776375      0.100140        1.913157       
20              245.352000      290.070788      144.077423      0.100141        2.013298       
21              263.205000      316.427873      149.721933      0.100139        2.113437       
22              266.633000      343.127702      155.010721      0.100137        2.213574       
23              282.889000      371.455358      160.545270      0.100137        2.313711       
24              300.052000      401.501365      166.332566      0.100136        2.413847       
25              299.779000      431.520035      171.647953      0.100136        2.513983       
26              299.779000      461.538105      176.556025      0.100134        2.614117       
27              299.845000      491.562485      181.104351      0.100133        2.714250       
28              300.008000      521.603186      185.334827      0.100133        2.814383       
29              299.854000      551.638361      189.270574      0.100166        2.914549       
30              299.949000      581.672855      192.946735      0.100132        3.014681       
31              299.884000      611.700839      196.384450      0.100132        3.114813       
32              300.127000      641.753156      199.615594      0.100132        3.214945       
33              300.114000      671.804171      202.651151      0.100132        3.315077       
34              300.217000      701.865200      205.511699      0.100131        3.415208       
35              300.034000      731.908204      208.204101      0.100132        3.515340       
36              300.217000      761.967131      210.752238      0.100124        3.615464       
37              300.128000      792.020148      213.160882      0.100134        3.715598       
38              300.212000      822.080976      215.445269      0.100132        3.815730       
39              300.212000      852.141804      217.612828      0.100132        3.915862       
40              300.316000      882.213046      219.674891      0.100132        4.015994       
41              300.316000      912.284588      221.636647      0.100133        4.116127       
42              300.188000      942.343913      223.502219      0.100135        4.216262       
43              300.284000      972.430568      225.284485      0.100194        4.316456       
44              300.284000      1002.499807     226.984926      0.100136        4.416592       
45              300.323000      1032.573852     228.610881      0.100139        4.516731       
46              300.252000      1062.637184     230.164580      0.100127        4.616858       
47              300.378000      1092.716736     231.655169      0.100139        4.716997       
48              300.258000      1122.784573     233.081304      0.100140        4.817137       
49              300.442000      1152.871135     234.453113      0.100141        4.917278       
50              300.223000      1182.936067     235.765805      0.100142        5.017420       
51              300.393000      1213.018022     237.030450      0.100142        5.117562       
52              300.258000      1243.086459     238.243959      0.100142        5.217704       
53              300.507000      1273.179530     239.416442      0.100141        5.317845       
54              300.325000      1303.253776     240.542197      0.100139        5.417984       
55              300.573000      1333.353757     241.631626      0.100142        5.518126       
56              300.354000      1363.427602     242.678171      0.100128        5.618254       
57              300.499000      1393.524981     243.690902      0.100158        5.718412       
58              300.384000      1423.605135     244.666608      0.100139        5.818551       
59              300.539000      1453.701711     245.611947      0.100142        5.918693       
60              300.500000      1483.794683     246.525189      0.100143        6.018836       
61              300.539000      1513.887052     247.409047      0.100128        6.118964       
62              300.290000      1543.957191     248.260511      0.100137        6.219101       
63              300.461000      1574.044154     249.087691      0.100136        6.319237       
64              300.492000      1604.134521     249.889556      0.100137        6.419374       
65              300.596000      1634.235303     250.668386      0.100137        6.519511       
66              300.407000      1664.315056     251.420743      0.100130        6.619641       
67              300.492000      1694.405423     252.151994      0.100137        6.719778       
68              300.461000      1724.492386     252.861310      0.100136        6.819914       
69              300.494000      1754.582954     253.550581      0.100137        6.920051       
70              300.321000      1784.656198     254.217721      0.100137        7.020188       
71              300.540000      1814.752273     254.869196      0.100140        7.120328       
72              300.535000      1844.846947     255.502512      0.100137        7.220465       
73              300.600000      1874.948429     256.119397      0.100138        7.320603       
74              300.381000      1905.036092     256.716837      0.100165        7.420768       
75              300.528000      1935.132168     257.300201      0.100144        7.520912       
76              300.381000      1965.212922     257.866290      0.100142        7.621054       
77              300.496000      1995.305193     258.419187      0.100142        7.721196       
78              300.445000      2025.391755     258.957262      0.100140        7.821336       
79              300.657000      2055.499547     259.484413      0.100140        7.921476       
80              300.408000      2085.572491     259.995127      0.100107        8.021583       
81              300.589000      2115.674074     260.495655      0.100142        8.121725       
82              300.436000      2145.760036     260.982122      0.100141        8.221866       
83              300.628000      2175.864924     261.459187      0.100140        8.322006       
84              300.531000      2205.960699     261.923763      0.100142        8.422148       
85              300.655000      2236.069193     262.378883      0.100143        8.522291       
86              300.557000      2266.181398     262.822490      0.100188        8.622479       
87              300.744000      2296.296999     263.257835      0.100137        8.722616       
88              300.466000      2326.384463     263.680138      0.100136        8.822752       
89              300.650000      2356.490652     264.095032      0.100137        8.922889       
90              300.561000      2386.588530     264.499737      0.100139        9.023028       
91              300.623000      2416.693218     264.896246      0.100141        9.123169       
92              300.688000      2446.804715     265.284854      0.100142        9.223311       
93              300.834000      2476.930834     265.666683      0.100142        9.323453       
94              300.555000      2507.029013     266.037432      0.100142        9.423595       
95              300.804000      2537.152428     266.403006      0.100143        9.523738       
96              300.679000      2567.262723     266.759663      0.100141        9.623879       
97              300.622000      2597.367612     267.108392      0.100142        9.724021       
98              300.688000      2627.478809     267.450680      0.100141        9.824162       
99              300.863000      2657.607831     267.787830      0.100142        9.924304       
100             300.582000      2687.708714     268.115436      0.100142        10.024446      
101             300.708000      2717.822214     268.437808      0.100142        10.124588      
102             300.619000      2747.927103     268.752997      0.100143        10.224731      
103             300.660000      2778.035797     269.062467      0.100142        10.324873      
104             300.731000      2808.150999     269.366666      0.100140        10.425013      
105             300.733000      2838.266702     269.665100      0.100141        10.525154      
106             301.173000      2868.423456     269.962025      0.100131        10.625285      
107             301.787000      2898.645010     270.259171      0.100142        10.725427      
108             302.295000      2928.917133     270.555516      0.100141        10.825568      
109             302.942000      2959.253745     270.852355      0.100140        10.925708      
110             303.792000      2989.675476     271.151523      0.100140        11.025848      
111             304.366000      3020.156209     271.450486      0.100145        11.125993      
112             304.941000      3050.693306     271.749233      0.100141        11.226134      
113             305.133000      3081.249935     272.044398      0.100142        11.326276      
114             305.655000      3111.868619     272.339057      0.100174        11.426450      
115             306.238000      3142.537129     272.633580      0.100146        11.526596      
116             306.705000      3173.251488     272.927042      0.100143        11.626739      
117             307.011000      3203.996491     273.218106      0.100143        11.726882      
118             307.071000      3234.747195     273.504746      0.100142        11.827024      
119             307.071000      3265.497285     273.786567      0.100140        11.927164      
120             307.165000      3296.253102     274.064445      0.100128        12.027292      
121             307.195000      3327.015917     274.338017      0.100141        12.127433      
122             307.165000      3357.776341     274.606867      0.100143        12.227576      
123             307.346000      3388.555199     274.872823      0.100144        12.327720      
124             307.274000      3419.326232     275.133907      0.100142        12.427862      
125             307.284000      3450.097959     275.390895      0.100141        12.528003      
126             307.409000      3480.882511     275.644801      0.100142        12.628145      
127             307.379000      3511.664366     275.894477      0.100143        12.728288      
128             307.346000      3542.442609     276.139996      0.100142        12.828430      
129             307.379000      3573.239833     276.382089      0.100193        12.928623      
130             307.379000      3604.021996     276.620343      0.100144        13.028767      
131             307.379000      3634.804159     276.854962      0.100144        13.128911      
132             307.379000      3665.585706     277.086025      0.100142        13.229053      
133             307.379000      3696.368176     277.313622      0.100145        13.329198      
134             307.379000      3727.150339     277.537823      0.100144        13.429342      
135             307.474000      3757.942015     277.759408      0.100144        13.529486      
136             307.417000      3788.727676     277.977315      0.100143        13.629629      
137             307.444000      3819.515733     278.192239      0.100142        13.729771      
138             307.474000      3850.307409     278.404271      0.100144        13.829915      
139             307.474000      3881.098778     278.613253      0.100143        13.930058      
140             307.483000      3911.890741     278.819314      0.100142        14.030200      
141             307.503000      3942.684706     279.022596      0.100142        14.130342      
142             307.548000      3973.483485     279.223335      0.100143        14.230485      
143             307.548000      4004.285033     279.421287      0.100152        14.330637      
144             307.548000      4035.083812     279.616473      0.100143        14.430780      
145             307.515000      4065.879902     279.808746      0.100145        14.530925      
146             307.613000      4096.684883     279.999052      0.100142        14.631067      
147             307.613000      4127.489864     280.186770      0.100142        14.731209      
148             307.613000      4158.295460     280.371957      0.100144        14.831353      
149             307.679000      4189.107358     280.555100      0.100143        14.931496      
150             307.652000      4219.916245     280.735622      0.100142        15.031638      
151             307.646000      4250.724530     280.913715      0.100142        15.131780      
152             307.652000      4281.533109     281.089503      0.100141        15.231921      
153             307.679000      4312.348392     281.263194      0.100154        15.332075      
154             307.679000      4343.159059     281.434606      0.100139        15.432214      
155             307.682000      4373.970027     281.603826      0.100139        15.532353      
156             307.711000      4404.783899     281.771064      0.100139        15.632492      
157             307.682000      4435.595482     281.935991      0.100141        15.732633      
158             307.711000      4466.410277     282.099018      0.100142        15.832775      
159             307.711000      4497.224457     282.259992      0.100140        15.932915      
160             307.741000      4528.043179     282.419150      0.100145        16.033060      
161             307.711000      4558.858282     282.576143      0.100143        16.133203      
162             307.771000      4589.679085     282.731568      0.100142        16.233345      
163             307.800000      4620.502793     282.885265      0.100142        16.333487      
164             307.800000      4651.326808     283.037090      0.100143        16.433630      
165             307.830000      4682.157214     283.187274      0.100154        16.533784      
166             307.830000      4712.984234     283.335633      0.100143        16.633927      
167             307.842000      4743.812147     283.482287      0.100142        16.734069      
168             307.890000      4774.644868     283.627481      0.100142        16.834211      
169             307.890000      4805.477896     283.770960      0.100143        16.934354      
170             307.861000      4836.316024     283.912618      0.100169        17.034523      
171             307.942000      4867.169041     284.053124      0.100191        17.134714      
172             307.877000      4898.001076     284.191554      0.100144        17.234858      
173             307.845000      4928.829597     284.328198      0.100143        17.335001      
174             307.877000      4959.661324     284.463456      0.100143        17.435144      
175             307.773000      4990.482943     284.596577      0.100144        17.535288      
176             307.863000      5021.312960     284.728694      0.100142        17.635430      
177             307.844000      5052.141381     284.859214      0.100143        17.735573      
178             307.811000      5082.967114     284.988085      0.100145        17.835718      
179             307.843000      5113.795436     285.115693      0.100143        17.935861      
180             307.744000      5144.613843     285.241334      0.100143        18.036004      
181             307.777000      5175.435247     285.365769      0.100142        18.136146      
182             307.801000      5206.259363     285.488970      0.100143        18.236289      
183             307.771000      5237.080782     285.610663      0.100144        18.336433      
184             307.741000      5267.898581     285.730868      0.100142        18.436575      
185             307.772000      5298.719792     285.849943      0.100143        18.536718      
186             307.810000      5329.544501     285.967942      0.100142        18.636860      
187             307.801000      5360.368309     286.084631      0.100142        18.737002      
188             307.876000      5391.199320     286.200477      0.100141        18.837143      
189             307.861000      5422.029136     286.315020      0.100142        18.937285      
190             307.832000      5452.856048     286.428205      0.100142        19.037427      
191             307.891000      5483.689484     286.540517      0.100144        19.137571      
192             307.861000      5514.519301     286.651501      0.100142        19.237713      
193             307.861000      5545.349733     286.761337      0.100144        19.337857      
194             307.891000      5576.183477     286.870198      0.100145        19.438002      
195             307.861000      5607.013909     286.977787      0.100144        19.538146      
196             307.777000      5637.835005     287.083848      0.100141        19.638287      
197             307.831000      5668.662125     287.189109      0.100143        19.738430      
198             307.712000      5699.477328     287.292706      0.100143        19.838573      
199             307.745000      5730.295836     287.395429      0.100143        19.938716      
200             307.811000      5761.121568     287.497456      0.100145        20.038861      
201             307.742000      5791.940083     287.598125      0.100144        20.139005      
202             307.778000      5822.772052     287.698008      0.100176        20.239181      
203             307.812000      5853.596961     287.797040      0.100142        20.339323      
204             307.779000      5884.418566     287.894941      0.100142        20.439465      
205             307.878000      5915.253163     287.992379      0.100152        20.539617      
206             307.878000      5946.084682     288.088862      0.100142        20.639759      
207             307.803000      5976.908998     288.184052      0.100143        20.739902      
208             307.743000      6007.727305     288.278039      0.100143        20.840045      
209             307.883000      6038.559940     288.371797      0.100144        20.940189      
210             307.752000      6069.378841     288.464038      0.100142        21.040331      
211             307.850000      6100.208171     288.555871      0.100144        21.140475      
212             307.897000      6131.041285     288.647056      0.100141        21.240616      
213             307.785000      6161.863490     288.736862      0.100142        21.340758      
214             307.778000      6192.699153     288.825836      0.100188        21.440946      
215             307.837000      6223.526873     288.914218      0.100143        21.541089      
216             307.683000      6254.338864     289.001068      0.100142        21.641231      
217             307.777000      6285.160576     289.087552      0.100143        21.741374      
218             307.801000      6315.984384     289.173352      0.100142        21.841516      
219             307.742000      6346.802591     289.258100      0.100143        21.941659      
220             307.677000      6377.613981     289.341782      0.100142        22.041801      
221             307.810000      6408.438998     289.425310      0.100143        22.141944      
222             307.742000      6439.256898     289.507778      0.100142        22.242086      
223             307.744000      6470.074690     289.589515      0.100141        22.342227      
224             307.801000      6500.898497     289.670778      0.100142        22.442369      
225             307.712000      6531.727239     289.750960      0.100187        22.542556      
226             307.849000      6562.555854     289.831002      0.100142        22.642698      
227             307.866000      6593.386171     289.910414      0.100142        22.742840      
228             307.751000      6624.204664     289.988626      0.100141        22.842981      
229             307.882000      6655.036275     290.066726      0.100141        22.943122      
230             307.896000      6685.869904     290.144209      0.100143        23.043265      
231             307.772000      6716.690500     290.220484      0.100141        23.143406      
232             307.805000      6747.514093     290.296244      0.100140        23.243546      
233             307.826000      6778.340712     290.371445      0.100143        23.343689      
234             307.537000      6809.137775     290.444768      0.100141        23.443830      
235             307.635000      6839.944959     290.517885      0.100142        23.543972      
236             307.671000      6870.755133     290.590534      0.100140        23.644112      
237             307.612000      6901.559399     290.662321      0.100140        23.744252      
238             307.668000      6932.369580     290.733741      0.100141        23.844393      
239             307.668000      6963.185299     290.804576      0.100159        23.944552      
240             307.672000      6993.997419     290.874829      0.100146        24.044698      
241             307.772000      7024.819246     290.944913      0.100145        24.144843      
242             307.796000      7055.641937     291.014514      0.100140        24.244983      
243             307.601000      7086.446024     291.082742      0.100143        24.345126      
244             307.671000      7117.256506     291.150696      0.100141        24.445267      
245             307.885000      7148.088726     291.218970      0.100142        24.545409      
246             307.772000      7178.909937     291.286230      0.100143        24.645552      
247             307.871000      7209.740755     291.353346      0.100142        24.745694      
248             307.951000      7240.582663     291.420250      0.100152        24.845846      
249             307.921000      7271.418796     291.486491      0.100143        24.945989      
250             307.909000      7302.254035     291.552154      0.100144        25.046133      
251             307.986000      7333.096061     291.617600      0.100141        25.146274      
252             307.861000      7363.926801     291.682032      0.100145        25.246419      
253             307.892000      7394.760029     291.746077      0.100143        25.346562      
254             308.014000      7425.607631     291.810102      0.100150        25.446712      
255             308.047000      7456.456074     291.873750      0.100142        25.546854      
256             308.077000      7487.307829     291.937018      0.100143        25.646997      
257             308.145000      7518.176254     292.000079      0.100175        25.747172      
258             308.166000      7549.038155     292.062715      0.100147        25.847319      
259             308.140000      7579.896527     292.124765      0.100144        25.947463      
260             308.196000      7610.760199     292.186553      0.100143        26.047606      
261             308.196000      7641.623563     292.247866      0.100142        26.147748      
262             308.310000      7672.498343     292.309147      0.100142        26.247890      
263             308.381000      7703.380233     292.370232      0.100142        26.348032      
264             308.347000      7734.258410     292.430725      0.100141        26.448173      
265             308.350000      7765.137504     292.490774      0.100143        26.548316      
266             308.350000      7796.016290     292.550372      0.100142        26.648458      
267             308.381000      7826.898180     292.609639      0.100142        26.748600      
268             308.415000      7857.786250     292.668596      0.100151        26.848751      
269             308.419000      7888.683666     292.727146      0.100180        26.948931      
270             308.381000      7919.565864     292.785101      0.100143        27.049074      
271             308.414000      7950.450751     292.842749      0.100141        27.149215      
272             308.475000      7981.341746     292.900197      0.100141        27.249356      
273             308.475000      8012.233049     292.957225      0.100142        27.349498      
274             308.410000      8043.117843     293.013600      0.100142        27.449640      
275             308.476000      8074.014491     293.069815      0.100159        27.549799      
276             308.524000      8104.911010     293.125787      0.100143        27.649942      
277             308.510000      8135.805510     293.181304      0.100141        27.750083      
278             308.486000      8166.698223     293.236336      0.100143        27.850226      
279             308.476000      8197.589627     293.290937      0.100142        27.950368      
280             308.541000      8228.502041     293.345406      0.100189        28.050557      
281             308.557000      8259.402173     293.399520      0.100144        28.150701      
282             308.541000      8290.300395     293.453194      0.100143        28.250844      
283             308.525000      8321.197014     293.506431      0.100143        28.350987      
284             308.563000      8352.097130     293.559427      0.100142        28.451129      
285             308.491000      8382.990036     293.611799      0.100142        28.551271      
286             308.491000      8413.882941     293.663804      0.100142        28.651413      
287             308.458000      8444.771925     293.715332      0.100140        28.751553      
288             308.458000      8475.659676     293.766499      0.100136        28.851689      
289             308.485000      8506.549513     293.817405      0.100134        28.951823      
290             308.485000      8537.439041     293.867960      0.100133        29.051956      
291             308.485000      8568.343068     293.918191      0.100180        29.152136      
292             308.567000      8599.240499     293.968334      0.100132        29.252268      
293             308.529000      8630.134125     294.018006      0.100132        29.352400      
294             308.491000      8661.024254     294.067212      0.100133        29.452533      
295             308.514000      8691.916995     294.116162      0.100134        29.552667      
296             308.545000      8722.812532     294.164886      0.100133        29.652800      
297             308.510000      8753.704255     294.213164      0.100132        29.752932      
298             308.628000      8784.608103     294.261514      0.100133        29.853065      
299             308.611000      8815.522592     294.309503      0.100173        29.953238      
300             308.667000      8846.430654     294.357340      0.100134        30.053372      
301             308.705000      8877.342211     294.404986      0.100133        30.153505      
302             308.640000      8908.246952     294.452100      0.100132        30.253637      
303             308.610000      8939.148997     294.498805      0.100133        30.353770      
304             308.610000      8970.051042     294.545203      0.100133        30.453903      
305             308.596000      9000.951685     294.591251      0.100133        30.554036      
306             308.575000      9031.850843     294.636930      0.100135        30.654171      
307             308.666000      9062.759113     294.682608      0.100135        30.754306      
308             308.609000      9093.661984     294.727806      0.100136        30.854442      
309             308.556000      9124.558930     294.772538      0.100134        30.954576      
310             308.574000      9155.457371     294.817040      0.100133        31.054709      
311             308.491000      9186.347808     294.860989      0.100134        31.154843      
312             308.562000      9217.245356     294.904884      0.100134        31.254977      
313             308.545000      9248.141201     294.948444      0.100134        31.355111      
314             308.545000      9279.037663     294.991728      0.100136        31.455247      
315             308.545000      9309.934434     295.034737      0.100137        31.555384      
316             308.609000      9340.838539     295.077679      0.100140        31.655524      
317             308.579000      9371.739331     295.120254      0.100139        31.755663      
318             308.600000      9402.642535     295.162628      0.100140        31.855803      
319             308.671000      9433.553158     295.204960      0.100141        31.955944      
320             308.599000      9464.457805     295.246803      0.100145        32.056089      
321             308.579000      9495.360140     295.288324      0.100144        32.156233      
322             308.561000      9526.261290     295.329531      0.100146        32.256379      
323             308.523000      9557.158017     295.370365      0.100144        32.356523      
324             308.561000      9588.058242     295.411064      0.100143        32.456666      
325             308.457000      9618.948359     295.451193      0.100144        32.556810      
326             308.529000      9649.845071     295.491296      0.100142        32.656952      
327             308.549000      9680.743785     295.531215      0.100142        32.757094      
328             308.484000      9711.636298     295.570693      0.100143        32.857237      
329             308.454000      9742.526424     295.609840      0.100145        32.957382      
330             308.519000      9773.422750     295.648947      0.100144        33.057526      
331             308.454000      9804.313185     295.687622      0.100146        33.157672      
332             308.489000      9835.206815     295.726169      0.100145        33.257817      
333             308.553000      9866.106547     295.764677      0.100144        33.357961      
334             308.553000      9897.005662     295.802953      0.100142        33.458103      
335             308.605000      9927.908749     295.841154      0.100138        33.558241      
336             308.605000      9958.810602     295.879127      0.100134        33.658375      
337             308.533000      9989.715427     295.916673      0.100167        33.758542      
338             308.637000      10020.622028    295.954294      0.100139        33.858681      
339             308.670000      10051.521129    295.991777      0.100104        33.958785      
340             308.583000      10082.415842    296.028790      0.100118        34.058903      
341             308.613000      10113.313867    296.065674      0.100119        34.159022      
342             308.707000      10144.239826    296.102639      0.100179        34.259201      
343             308.613000      10175.143406    296.139099      0.100137        34.359338      
344             308.566000      10206.042279    296.175211      0.100137        34.459475      
345             308.613000      10236.946168    296.211250      0.100138        34.559613      
346             308.547000      10267.843139    296.246890      0.100137        34.659750      
347             308.513000      10298.736705    296.282226      0.100137        34.759887      
348             308.513000      10329.629654    296.317359      0.100135        34.860022      
349             308.637000      10360.536255    296.352647      0.100139        34.960161      
350             308.456000      10391.424113    296.387216      0.100137        35.060298      
351             308.593000      10422.325999    296.421978      0.100138        35.160436      
352             308.560000      10453.223963    296.456449      0.100136        35.260572      
353             308.513000      10484.118147    296.490592      0.100139        35.360711      
354             308.560000      10515.017962    296.524676      0.100142        35.460853      
355             308.608000      10545.922893    296.558704      0.100143        35.560996      
356             308.547000      10576.821407    296.592369      0.100142        35.661138      
357             308.483000      10607.713203    296.625666      0.100141        35.761279      
358             308.578000      10638.614821    296.659043      0.100142        35.861421      
359             308.518000      10669.510431    296.692066      0.100142        35.961563      
360             308.424000      10700.397860    296.724647      0.100146        36.061709      
361             308.519000      10731.293262    296.757308      0.100141        36.161850      
362             308.394000      10762.175528    296.789443      0.100139        36.261989      
363             308.462000      10793.063679    296.821588      0.100136        36.362125      
364             308.489000      10823.955459    296.853631      0.100139        36.462264      
365             308.326000      10854.840783    296.885062      0.100171        36.562435      
366             308.430000      10885.726655    296.916596      0.100139        36.662574      
367             308.468000      10916.616023    296.948060      0.100138        36.762712      
368             308.331000      10947.491981    296.978982      0.100139        36.862851      
369             308.436000      10978.379071    297.010022      0.100141        36.962992      
370             308.539000      11009.282646    297.041178      0.100161        37.063153      
371             308.405000      11040.167556    297.071801      0.100144        37.163297      
372             308.475000      11071.059168    297.102446      0.100143        37.263440      
373             308.442000      11101.947783    297.132839      0.100144        37.363584      
374             308.338000      11132.825367    297.162791      0.100142        37.463726      
375             308.376000      11163.707374    297.192685      0.100144        37.563870      
376             308.470000      11194.598485    297.222669      0.100143        37.664013      
377             308.376000      11225.479874    297.252246      0.100142        37.764155      
378             308.405000      11256.364476    297.281742      0.100143        37.864298      
379             308.530000      11287.261904    297.311413      0.100144        37.964442      
380             308.201000      11318.126694    297.340063      0.100145        38.064587      
381             308.370000      11349.008407    297.369006      0.100145        38.164732      
382             308.434000      11379.895296    297.397963      0.100141        38.264873      
383             308.340000      11410.773081    297.426525      0.100142        38.365015      
384             308.340000      11441.650865    297.454937      0.100142        38.465157      
385             308.494000      11472.559804    297.483617      0.100193        38.565350      
386             308.430000      11503.446293    297.511967      0.100141        38.665491      
387             308.459000      11534.336611    297.540247      0.100144        38.765635      
388             308.584000      11565.239447    297.568703      0.100144        38.865779      
389             307.378000      11596.031038    297.593921      0.100175        38.965954      
390             290.778000      11625.156526    297.576445      0.100164        39.066118      
391             274.174000      11652.619165    297.516595      0.100165        39.166283      
392             257.299000      11678.405156    297.413950      0.100218        39.266501      
393             233.647000      11701.810744    297.251684      0.100175        39.366676      
394             214.971000      11723.347829    297.042816      0.100186        39.466862      
395             196.406000      11743.029477    296.787940      0.100209        39.567071      
396             189.734000      11762.043291    296.517485      0.100213        39.667284      
397             172.865000      11779.368685    296.205847      0.100225        39.767509      
398             155.964000      11794.995654    295.853389      0.100196        39.867705      
399             138.983000      11808.921334    295.460125      0.100197        39.967902      
400             122.922000      11821.236152    295.028721      0.100184        40.068086      
