#timestep       power           acc-energy      avg-power       dt              acc-time       
1               116.013000      11.610929       116.013000      0.100083        0.100083       
2               75.365000       19.363576       95.410103       0.102868        0.202951       
3               75.443000       27.093315       88.711580       0.102458        0.305409       
4               75.365000       34.809033       85.360820       0.102378        0.407787       
5               75.443000       42.534321       83.370223       0.102399        0.510186       
6               75.714000       50.433411       82.070402       0.104328        0.614514       
7               75.714000       58.191294       81.162010       0.102463        0.716977       
8               75.714000       65.973861       80.478894       0.102789        0.819766       
9               74.845000       73.701607       79.848677       0.103250        0.923016       
10              75.171000       81.395659       79.381745       0.102354        1.025370       
11              75.443000       89.122531       79.024048       0.102420        1.127790       
12              114.985000      100.888832      82.015505       0.102329        1.230119       
13              116.133000      112.839266      84.649215       0.102903        1.333022       
14              167.761000      130.396125      90.699243       0.104654        1.437676       
15              183.040000      149.179141      96.851145       0.102617        1.540293       
16              185.389000      168.215810      102.384701      0.102685        1.642978       
17              188.086000      190.095479      108.051401      0.116328        1.759306       
18              188.606000      209.448152      112.490716      0.102609        1.861915       
19              185.932000      228.532584      116.327795      0.102642        1.964557       
20              186.536000      247.665022      119.811401      0.102567        2.067124       
21              187.211000      266.977522      123.015073      0.103159        2.170283       
22              187.405000      286.198715      125.920746      0.102565        2.272848       
23              186.536000      305.331340      128.538050      0.102568        2.375416       
24              186.862000      324.914851      131.002537      0.104802        2.480218       
25              187.405000      344.298900      133.260555      0.103434        2.583652       
26              187.405000      363.862670      135.363311      0.104393        2.688045       
27              186.536000      383.007979      137.245346      0.102636        2.790681       
28              187.405000      402.456495      139.043771      0.103778        2.894459       
29              187.544000      421.704886      140.704638      0.102634        2.997093       
30              186.669000      440.876912      142.227581      0.102706        3.099799       
31              186.536000      460.016439      143.647222      0.102605        3.202404       
32              187.211000      479.497054      145.018209      0.104057        3.306461       
33              187.544000      498.746757      146.298573      0.102641        3.409102       
34              186.940000      517.922315      147.485708      0.102576        3.511678       
35              187.133000      537.137318      148.612055      0.102681        3.614359       
36              187.544000      556.390398      149.687303      0.102659        3.717018       
37              187.621000      575.816301      150.715315      0.103538        3.820556       
38              186.940000      594.992045      151.662471      0.102577        3.923133       
39              187.350000      614.208347      152.571737      0.102569        4.025702       
40              187.621000      633.483966      153.443945      0.102737        4.128439       
41              187.018000      652.669769      154.258001      0.102588        4.231027       
42              186.940000      671.875423      155.032767      0.102737        4.333764       
43              187.544000      691.315297      155.792206      0.103655        4.437419       
44              187.815000      710.725038      156.521026      0.103345        4.540764       
45              186.940000      729.955930      157.194907      0.102872        4.643636       
46              187.738000      749.565727      157.866823      0.104453        4.748089       
47              187.738000      768.803803      158.497882      0.102473        4.850562       
48              187.133000      787.996912      159.090827      0.102564        4.953126       
49              187.405000      807.214920      159.665145      0.102548        5.055674       
50              187.738000      826.468391      160.223284      0.102555        5.158229       
51              188.009000      845.740065      160.764681      0.102504        5.260733       
52              187.133000      865.271136      161.277637      0.104370        5.365103       
53              187.738000      884.510902      161.773599      0.102482        5.467585       
54              188.009000      904.068914      162.263437      0.104027        5.571612       
55              187.133000      923.262398      162.712978      0.102566        5.674178       
56              186.669000      942.420050      163.138573      0.102629        5.776807       
57              187.738000      961.671268      163.567617      0.102543        5.879350       
58              188.009000      981.094290      163.989672      0.103309        5.982659       
59              187.405000      1000.313610     164.384294      0.102555        6.085214       
60              187.133000      1019.511023     164.761443      0.102587        6.187801       
61              188.009000      1038.804694     165.140700      0.102621        6.290422       
62              188.009000      1058.190302     165.509503      0.103110        6.393532       
63              187.133000      1077.591129     165.854543      0.103674        6.497206       
64              187.738000      1097.016004     166.197574      0.103468        6.600674       
65              188.009000      1116.522690     166.535115      0.103754        6.704428       
66              188.009000      1135.820874     166.858924      0.102645        6.807073       
67              187.405000      1155.036446     167.163817      0.102535        6.909608       
68              187.738000      1174.536604     167.468519      0.103869        7.013477       
69              188.009000      1193.849264     167.765020      0.102722        7.116199       
70              187.405000      1213.165660     168.045429      0.103073        7.219272       
71              186.940000      1232.396926     168.310892      0.102874        7.322146       
72              188.009000      1251.686837     168.583096      0.102601        7.424747       
73              188.086000      1270.979194     168.848855      0.102572        7.527319       
74              187.544000      1290.319857     169.101521      0.103126        7.630445       
75              187.738000      1309.625518     169.349339      0.102833        7.733278       
76              187.815000      1328.895901     169.591128      0.102603        7.835881       
77              188.086000      1348.183932     169.830046      0.102549        7.938430       
78              187.544000      1367.423321     170.056038      0.102586        8.041016       
79              187.815000      1386.695206     170.279804      0.102611        8.143627       
80              188.009000      1406.293828     170.503879      0.104243        8.247870       
81              187.738000      1425.548988     170.715557      0.102564        8.350434       
82              187.544000      1444.792315     170.919828      0.102607        8.453041       
83              188.086000      1464.301348     171.127914      0.103724        8.556765       
84              188.217000      1483.753198     171.331852      0.103348        8.660113       
85              187.350000      1502.981491     171.519463      0.102633        8.762746       
86              187.350000      1522.195732     171.702598      0.102558        8.865304       
87              187.892000      1541.476458     171.887847      0.102616        8.967920       
88              187.544000      1560.719785     172.064951      0.102607        9.070527       
89              187.815000      1580.295742     172.243880      0.104230        9.174757       
90              188.086000      1599.865902     172.421527      0.104049        9.278806       
91              188.281000      1619.587396     172.598561      0.104745        9.383551       
92              187.405000      1638.805779     172.758626      0.102550        9.486101       
93              188.009000      1658.286895     172.923408      0.103618        9.589719       
94              188.281000      1677.740841     173.087114      0.103324        9.693043       
95              187.738000      1697.232176     173.242377      0.103822        9.796865       
96              187.405000      1716.482417     173.389331      0.102720        9.899585       
97              188.009000      1735.829484     173.539737      0.102905        10.002490      
98              188.281000      1755.348198     173.690951      0.103668        10.106158      
99              187.738000      1774.611056     173.832134      0.102605        10.208763      
100             187.405000      1793.969992     173.968099      0.103300        10.312063      
101             188.281000      1813.283857     174.109075      0.102580        10.414643      
102             188.281000      1832.595086     174.247282      0.102566        10.517209      
103             187.544000      1851.854730     174.375861      0.102694        10.619903      
104             188.009000      1871.246730     174.506997      0.103144        10.723047      
105             188.281000      1890.566243     174.637553      0.102610        10.825657      
106             188.281000      1909.870694     174.765558      0.102530        10.928187      
107             187.738000      1929.136743     174.886243      0.102622        11.030809      
108             188.281000      1948.476591     175.009823      0.102718        11.133527      
109             188.281000      1967.793280     175.131000      0.102595        11.236122      
110             187.738000      1987.052383     175.245060      0.102585        11.338707      
111             187.133000      2006.256346     175.351687      0.102622        11.441329      
112             188.086000      2025.553405     175.464864      0.102597        11.543926      
113             188.281000      2045.267932     175.580066      0.104708        11.648634      
114             187.544000      2064.746627     175.685797      0.103862        11.752496      
115             187.815000      2084.087252     175.791152      0.102977        11.855473      
116             188.606000      2103.445584     175.901144      0.102639        11.958112      
117             188.281000      2122.761331     176.006449      0.102590        12.060702      
118             187.738000      2142.092901     176.105762      0.102971        12.163673      
119             188.009000      2161.377548     176.205299      0.102573        12.266246      
120             188.281000      2180.692166     176.305452      0.102584        12.368830      
121             188.009000      2200.511323     176.404355      0.105416        12.474246      
122             187.544000      2219.760839     176.495266      0.102640        12.576886      
123             188.281000      2239.084871     176.590665      0.102634        12.679520      
124             188.606000      2258.444146     176.687151      0.102644        12.782164      
125             187.738000      2277.691984     176.775084      0.102525        12.884689      
126             187.405000      2296.923860     176.859079      0.102622        12.987311      
127             188.281000      2316.466298     176.949639      0.103794        13.091105      
128             187.815000      2335.737807     177.034140      0.102609        13.193714      
129             188.009000      2355.282847     177.119939      0.103958        13.297672      
130             188.217000      2374.610286     177.204975      0.102687        13.400359      
131             188.495000      2393.941391     177.290723      0.102555        13.502914      
132             187.815000      2413.296102     177.370435      0.103052        13.605966      
133             188.086000      2432.772407     177.451371      0.103550        13.709516      
134             188.495000      2452.111429     177.533403      0.102597        13.812113      
135             187.892000      2471.382196     177.609755      0.102563        13.914676      
136             187.621000      2490.625732     177.683009      0.102566        14.017242      
137             188.412000      2509.979412     177.761060      0.102720        14.119962      
138             188.606000      2529.325861     177.839276      0.102576        14.222538      
139             187.738000      2548.665691     177.910458      0.103015        14.325553      
140             187.815000      2569.315951     177.985897      0.109950        14.435503      
141             188.606000      2588.668435     178.060852      0.102608        14.538111      
142             188.606000      2608.032425     178.134801      0.102669        14.640780      
143             188.009000      2627.335121     178.203561      0.102669        14.743449      
144             188.281000      2646.661789     178.273238      0.102648        14.846097      
145             188.606000      2666.094242     178.344454      0.103032        14.949129      
146             188.606000      2685.448801     178.414414      0.102619        15.051748      
147             188.009000      2704.745105     178.479395      0.102635        15.154383      
148             188.606000      2724.094760     178.547489      0.102593        15.256976      
149             188.606000      2743.445547     178.614678      0.102599        15.359575      
150             188.009000      2762.744107     178.677043      0.102647        15.462222      
151             187.405000      2782.387337     178.735811      0.104817        15.567039      
152             188.606000      2801.863547     178.800853      0.103264        15.670303      
153             188.885000      2821.459610     178.867177      0.103746        15.774049      
154             188.009000      2840.742941     178.926235      0.102566        15.876615      
155             188.009000      2860.104484     178.984769      0.102982        15.979597      
156             188.885000      2879.488429     179.047944      0.102623        16.082220      
157             188.885000      2898.873697     179.110322      0.102630        16.184850      
158             188.009000      2918.171317     179.166401      0.102642        16.287492      
159             188.606000      2937.561145     179.225609      0.102806        16.390298      
160             188.606000      2957.352516     179.285283      0.104935        16.495233      
161             188.412000      2976.926450     179.342404      0.103889        16.599122      
162             187.815000      2996.426718     179.395071      0.103827        16.702949      
163             188.606000      3015.785427     179.451327      0.102641        16.805590      
164             188.690000      3035.132567     179.507352      0.102534        16.908124      
165             188.281000      3054.456976     179.560289      0.102636        17.010760      
166             187.738000      3073.739921     179.609370      0.102712        17.113472      
167             188.885000      3093.112345     179.664628      0.102562        17.216034      
168             188.009000      3112.669793     179.714744      0.104024        17.320058      
169             188.281000      3132.183989     179.765700      0.103644        17.423702      
170             188.885000      3151.598722     179.819181      0.102786        17.526488      
171             188.885000      3171.003634     179.872012      0.102734        17.629222      
172             188.009000      3190.302194     179.919116      0.102647        17.731869      
173             188.412000      3209.620453     179.967942      0.102532        17.834401      
174             188.690000      3228.966084     180.017797      0.102526        17.936927      
175             188.412000      3248.286416     180.065513      0.102543        18.039470      
176             188.086000      3267.584039     180.110872      0.102600        18.142070      
177             188.820000      3286.946397     180.159821      0.102544        18.244614      
178             188.820000      3306.578768     180.208895      0.103974        18.348588      
179             187.892000      3326.032354     180.252005      0.103536        18.452124      
180             187.892000      3345.347276     180.294332      0.102798        18.554922      
181             188.820000      3364.728516     180.341236      0.102644        18.657566      
182             188.820000      3384.251937     180.387965      0.103397        18.760963      
183             190.433000      3404.282442     180.443969      0.105184        18.866147      
184             190.758000      3423.868138     180.499796      0.102673        18.968820      
185             191.560000      3443.526792     180.559311      0.102624        19.071444      
186             191.362000      3463.416575     180.617866      0.103938        19.175382      
187             190.433000      3482.949288     180.670088      0.102570        19.277952      
188             191.029000      3502.540649     180.724905      0.102557        19.380509      
189             191.560000      3528.807356     180.801026      0.137120        19.517629      
190             190.358000      3551.012236     180.857805      0.116648        19.634277      
191             191.560000      3570.680276     180.913478      0.102673        19.736950      
192             191.560000      3590.650023     180.969416      0.104248        19.841198      
193             190.629000      3610.242872     181.019196      0.102780        19.943978      
194             190.758000      3629.807585     181.069023      0.102563        20.046541      
195             191.560000      3649.689980     181.123060      0.103792        20.150333      
196             191.362000      3669.320277     181.174921      0.102582        20.252915      
197             190.629000      3688.871759     181.222556      0.102563        20.355478      
198             191.226000      3708.611445     181.273030      0.103227        20.458705      
199             191.362000      3728.351392     181.323644      0.103155        20.561860      
200             191.560000      3748.289532     181.375199      0.104083        20.665943      
201             190.758000      3768.167660     181.422274      0.104206        20.770149      
202             191.560000      3787.849684     181.472176      0.102746        20.872895      
203             191.633000      3807.563354     181.522008      0.102872        20.975767      
204             190.955000      3827.442915     181.568595      0.104106        21.079873      
205             190.629000      3847.006025     181.612490      0.102624        21.182497      
206             191.560000      3866.650503     181.660417      0.102550        21.285047      
207             191.560000      3886.296322     181.707887      0.102557        21.387604      
208             190.629000      3905.997258     181.750787      0.103347        21.490951      
209             191.226000      3925.891454     181.796434      0.104035        21.594986      
210             191.831000      3945.567368     181.843870      0.102569        21.697555      
211             191.560000      3965.227937     181.889613      0.102634        21.800189      
212             190.955000      3984.811709     181.932060      0.102557        21.902746      
213             191.226000      4004.423274     181.975375      0.102557        22.005303      
214             191.831000      4024.140048     182.021195      0.102782        22.108085      
215             190.955000      4043.729167     182.062458      0.102585        22.210670      
216             190.955000      4063.313321     182.103331      0.102559        22.313229      
217             191.560000      4083.348772     182.147451      0.104591        22.417820      
218             191.831000      4103.087799     182.191696      0.102898        22.520718      
219             190.758000      4122.754949     182.230733      0.103100        22.623818      
220             185.469000      4141.865303     182.245415      0.103038        22.726856      
221             191.435000      4161.520318     182.286744      0.102672        22.829528      
222             191.633000      4181.175348     182.328546      0.102566        22.932094      
223             190.758000      4200.764859     182.366126      0.102693        23.034787      
224             191.164000      4220.421680     182.405225      0.102827        23.137614      
225             191.706000      4240.454957     182.447042      0.104500        23.242114      
226             191.706000      4260.125718     182.487739      0.102609        23.344723      
227             190.832000      4279.712142     182.524265      0.102637        23.447360      
228             191.831000      4300.691547     182.567472      0.109364        23.556724      
229             191.029000      4320.630199     182.604798      0.104375        23.661099      
230             190.955000      4340.494102     182.641348      0.104024        23.765123      
231             191.560000      4360.141070     182.679673      0.102563        23.867686      
232             191.831000      4379.811229     182.718820      0.102539        23.970225      
233             190.955000      4399.398056     182.753914      0.102573        24.072798      
234             190.955000      4419.077306     182.788874      0.103057        24.175855      
235             191.831000      4438.751877     182.827071      0.102562        24.278417      
236             191.831000      4458.431819     182.864958      0.102590        24.381007      
237             190.758000      4478.217430     182.898394      0.103721        24.484728      
238             191.560000      4498.325675     182.935370      0.104971        24.589699      
239             191.831000      4518.013482     182.972343      0.102631        24.692330      
240             191.831000      4537.702824     183.009014      0.102639        24.794969      
241             190.955000      4557.282777     183.041738      0.102537        24.897506      
242             191.560000      4577.101957     183.076990      0.103462        25.000968      
243             191.904000      4596.819134     183.113117      0.102745        25.103713      
244             191.226000      4616.438539     183.146139      0.102598        25.206311      
245             190.629000      4636.389580     183.177080      0.104659        25.310970      
246             191.633000      4656.230111     183.211528      0.103534        25.414504      
247             192.102000      4676.155698     183.247665      0.103724        25.518228      
248             191.029000      4695.889567     183.279039      0.103303        25.621531      
249             191.226000      4715.520637     183.310753      0.102659        25.724190      
250             191.831000      4735.325270     183.344811      0.103240        25.827430      
251             192.102000      4755.025138     183.379444      0.102549        25.929979      
252             191.226000      4774.634025     183.410352      0.102543        26.032522      
253             191.831000      4794.339481     183.443449      0.102723        26.135245      
254             192.102000      4814.529209     183.478129      0.105099        26.240344      
255             191.831000      4834.210878     183.510661      0.102599        26.342943      
256             191.226000      4853.911937     183.540717      0.103025        26.445968      
257             191.831000      4873.600703     183.572767      0.102636        26.548604      
258             192.102000      4893.537433     183.605979      0.103782        26.652386      
259             191.226000      4913.196039     183.635258      0.102803        26.755189      
260             190.955000      4932.800625     183.663238      0.102666        26.857855      
261             191.904000      4952.482492     183.694587      0.102561        26.960416      
262             191.904000      4972.597869     183.726381      0.104820        27.065236      
263             191.029000      4992.200692     183.753964      0.102617        27.167853      
264             191.633000      5011.931609     183.783712      0.102962        27.270815      
265             191.904000      5031.613091     183.814136      0.102559        27.373374      
266             191.029000      5051.648404     183.841674      0.104881        27.478255      
267             191.633000      5071.504265     183.870943      0.103614        27.581869      
268             191.706000      5091.330116     183.900211      0.103418        27.685287      
269             191.362000      5111.168232     183.928047      0.103668        27.788955      
270             191.029000      5130.759402     183.954157      0.102556        27.891511      
271             191.904000      5150.439925     183.983281      0.102554        27.994065      
272             192.229000      5170.157046     184.013383      0.102571        28.096636      
273             191.362000      5189.792509     184.040123      0.102609        28.199245      
274             191.362000      5209.444621     184.066691      0.102696        28.301941      
275             191.904000      5229.127447     184.094991      0.102566        28.404507      
276             192.229000      5248.840723     184.124252      0.102551        28.507058      
277             191.029000      5268.590256     184.149202      0.103385        28.610443      
278             191.831000      5288.650791     184.177178      0.104574        28.715017      
279             192.102000      5308.363146     184.205397      0.102614        28.817631      
280             192.102000      5328.120837     184.233479      0.102850        28.920481      
281             191.226000      5347.744258     184.258203      0.102619        29.023100      
282             191.904000      5367.672912     184.285463      0.103847        29.126947      
283             192.102000      5387.526846     184.313100      0.103351        29.230298      
284             191.226000      5407.138220     184.337270      0.102556        29.332854      
285             190.955000      5426.930323     184.360571      0.103648        29.436502      
286             192.102000      5446.836317     184.387727      0.103622        29.540124      
287             192.229000      5466.822366     184.415228      0.103970        29.644094      
288             191.362000      5486.465101     184.439200      0.102647        29.746741      
289             191.560000      5506.112070     184.463667      0.102563        29.849304      
290             192.102000      5525.809440     184.489816      0.102536        29.951840      
291             192.428000      5545.545818     184.516906      0.102565        30.054405      
292             191.226000      5565.168665     184.539735      0.102616        30.157021      
293             191.831000      5584.842085     184.564447      0.102556        30.259577      
294             192.102000      5604.549061     184.589914      0.102586        30.362163      
295             192.102000      5624.647349     184.615711      0.104623        30.466786      
296             191.362000      5644.602387     184.638722      0.104279        30.571065      
297             191.831000      5664.293071     184.662791      0.102646        30.673711      
298             192.428000      5684.338681     184.689073      0.104172        30.777883      
299             191.560000      5703.997526     184.711907      0.102625        30.880508      
300             191.226000      5723.602589     184.733462      0.102523        30.983031      
301             191.904000      5743.299424     184.757138      0.102639        31.085670      
302             192.229000      5763.419457     184.782212      0.104667        31.190337      
303             191.362000      5783.047457     184.803779      0.102570        31.292907      
304             191.633000      5802.700571     184.826087      0.102556        31.395463      
305             192.229000      5822.411348     184.850186      0.102538        31.498001      
306             192.500000      5842.328938     184.875233      0.103468        31.601469      
307             191.904000      5862.065113     184.898033      0.102844        31.704313      
308             192.229000      5881.844516     184.921748      0.102895        31.807208      
309             191.633000      5901.486899     184.943306      0.102500        31.909708      
310             191.560000      5921.124480     184.964495      0.102514        32.012222      
311             192.102000      5941.209897     184.987731      0.104556        32.116778      
312             192.428000      5960.945505     185.011415      0.102561        32.219339      
313             191.560000      5980.676568     185.032284      0.103002        32.322341      
314             191.560000      6000.321429     185.052929      0.102552        32.424893      
315             192.102000      6020.211478     185.075367      0.103539        32.528432      
316             192.428000      6039.974026     185.098508      0.102701        32.631133      
317             191.560000      6059.635362     185.118768      0.102638        32.733771      
318             191.904000      6079.327399     185.139972      0.102614        32.836385      
319             192.229000      6099.038945     185.162041      0.102542        32.938927      
320             192.428000      6119.150942     185.185023      0.104517        33.043444      
321             191.362000      6138.808795     185.204167      0.102726        33.146170      
322             192.229000      6158.631642     185.225954      0.103121        33.249291      
323             192.229000      6178.350685     185.247493      0.102581        33.351872      
324             191.633000      6198.015872     185.267080      0.102619        33.454491      
325             191.029000      6217.635505     185.284715      0.102705        33.557196      
326             192.229000      6237.492761     185.306026      0.103300        33.660496      
327             192.229000      6257.379620     185.327239      0.103454        33.763950      
328             191.633000      6277.547460     185.346833      0.105242        33.869192      
329             191.831000      6297.220496     185.366407      0.102554        33.971746      
330             192.428000      6316.958414     185.387664      0.102573        34.074319      
331             192.428000      6336.836611     185.408944      0.103302        34.177621      
332             191.560000      6356.481855     185.427346      0.102554        34.280175      
333             192.102000      6376.187294     185.447259      0.102578        34.382753      
334             192.428000      6395.930984     185.468028      0.102603        34.485356      
335             192.229000      6415.645990     185.488076      0.102560        34.587916      
336             191.560000      6435.310007     185.506043      0.102652        34.690568      
337             192.428000      6455.117584     185.526522      0.102935        34.793503      
338             192.229000      6475.086717     185.546473      0.103882        34.897385      
339             191.560000      6494.726406     185.564089      0.102525        34.999910      
340             191.560000      6514.406705     185.581637      0.102737        35.102647      
341             192.428000      6534.143276     185.601583      0.102566        35.205213      
342             192.229000      6554.118752     185.621088      0.103915        35.309128      
343             191.560000      6573.828744     185.638344      0.102892        35.412020      
344             191.831000      6593.518661     185.656241      0.102642        35.514662      
345             192.500000      6613.258574     185.675945      0.102545        35.617207      
346             192.500000      6633.025436     185.695562      0.102685        35.719892      
347             191.362000      6652.757346     185.711873      0.103113        35.823005      
348             192.229000      6672.473890     185.730479      0.102568        35.925573      
349             192.500000      6692.215343     185.749748      0.102553        36.028126      
350             191.633000      6711.903142     185.766477      0.102737        36.130863      
351             191.633000      6731.555490     185.783081      0.102552        36.233415      
352             192.500000      6751.299637     185.802042      0.102567        36.335982      
353             191.560000      6770.974381     185.818271      0.102708        36.438690      
354             191.560000      6790.611389     185.834379      0.102511        36.541201      
355             192.428000      6810.341224     185.852828      0.102531        36.643732      
356             192.428000      6830.081643     185.871184      0.102586        36.746318      
357             191.560000      6849.876687     185.887137      0.103336        36.849654      
358             191.831000      6869.544544     185.903629      0.102527        36.952181      
359             192.428000      6889.289388     185.921696      0.102609        37.054790      
360             192.428000      6909.059634     185.939686      0.102741        37.157531      
361             191.560000      6928.767710     185.955204      0.102882        37.260413      
362             192.102000      6948.470843     185.972078      0.102566        37.362979      
363             192.428000      6968.215688     185.989759      0.102609        37.465588      
364             191.831000      6987.899851     186.005714      0.102612        37.568200      
365             191.226000      7007.540864     186.019947      0.102711        37.670911      
366             192.428000      7027.824700     186.037828      0.105410        37.776321      
367             192.428000      7047.910527     186.055436      0.104381        37.880702      
368             191.362000      7067.604738     186.069814      0.102916        37.983618      
369             191.633000      7087.345045     186.084861      0.103011        38.086629      
370             192.500000      7107.101320     186.102101      0.102630        38.189259      
371             192.301000      7126.829095     186.118708      0.102588        38.291847      
372             191.362000      7146.638698     186.132845      0.103519        38.395366      
373             192.229000      7166.889831     186.149526      0.105349        38.500715      
374             192.500000      7186.730036     186.166480      0.103066        38.603781      
375             192.229000      7206.716854     186.182765      0.103974        38.707755      
376             191.633000      7226.393156     186.197184      0.102677        38.810432      
377             192.229000      7246.124309     186.213095      0.102644        38.913076      
378             192.428000      7265.862611     186.229434      0.102575        39.015651      
379             191.560000      7285.734854     186.243570      0.103739        39.119390      
380             191.226000      7305.995631     186.257028      0.105952        39.225342      
381             192.428000      7325.769725     186.273152      0.102761        39.328103      
382             192.428000      7345.501677     186.289159      0.102542        39.430645      
383             191.560000      7365.366640     186.302984      0.103701        39.534346      
384             191.831000      7385.060778     186.317302      0.102664        39.637010      
385             192.428000      7405.073483     186.333294      0.104001        39.741011      
386             192.428000      7424.923970     186.349073      0.103158        39.844169      
387             191.560000      7444.774375     186.362591      0.103625        39.947794      
388             191.904000      7464.503834     186.376815      0.102809        40.050603      
389             192.428000      7484.347586     186.392356      0.103123        40.153726      
390             191.831000      7504.023116     186.406213      0.102567        40.256293      
391             192.428000      7524.076423     186.421761      0.104212        40.360505      
392             192.229000      7543.846791     186.436522      0.102848        40.463353      
393             191.362000      7563.510768     186.448998      0.102758        40.566111      
394             191.362000      7583.122311     186.461379      0.102484        40.668595      
395             192.229000      7603.252147     186.476192      0.104718        40.773313      
396             192.500000      7623.063670     186.491359      0.102917        40.876230      
397             191.362000      7642.685929     186.503546      0.102540        40.978770      
398             191.904000      7662.420185     186.517065      0.102834        41.081604      
399             192.229000      7682.165948     186.531311      0.102720        41.184324      
400             192.229000      7701.880570     186.545464      0.102558        41.286882      
401             191.362000      7721.501681     186.557396      0.102534        41.389416      
402             192.102000      7741.211731     186.571107      0.102602        41.492018      
403             192.428000      7760.942336     186.585545      0.102535        41.594553      
404             191.560000      7781.024720     186.598051      0.104836        41.699389      
405             191.226000      7800.846442     186.609527      0.103656        41.803045      
406             192.428000      7820.688848     186.623844      0.103116        41.906161      
407             192.500000      7840.434535     186.638192      0.102575        42.008736      
408             191.362000      7860.096598     186.649718      0.102748        42.111484      
409             191.633000      7879.752970     186.661826      0.102573        42.214057      
410             192.229000      7899.558131     186.675381      0.103029        42.317086      
411             192.428000      7919.296049     186.689291      0.102573        42.419659      
412             191.435000      7939.063818     186.700815      0.103261        42.522920      
413             191.904000      7958.746068     186.713335      0.102563        42.625483      
414             192.229000      7978.668105     186.726712      0.103637        42.729120      
415             192.229000      7998.392723     186.739894      0.102610        42.831730      
416             191.362000      8018.028378     186.750941      0.102610        42.934340      
417             192.229000      8037.738001     186.763992      0.102532        43.036872      
418             192.500000      8057.655976     186.777749      0.103470        43.140342      
419             191.560000      8077.313864     186.789098      0.102620        43.242962      
420             191.560000      8096.967536     186.800391      0.102598        43.345560      
421             192.428000      8116.746248     186.813704      0.102785        43.448345      
422             192.428000      8136.483396     186.826926      0.102569        43.550914      
423             191.560000      8156.469617     186.838238      0.104334        43.655248      
424             191.831000      8176.145339     186.849941      0.102568        43.757816      
425             192.428000      8195.877676     186.862982      0.102544        43.860360      
426             192.500000      8215.613161     186.876128      0.102522        43.962882      
427             191.633000      8235.481095     186.887320      0.103677        44.066559      
428             192.229000      8255.224744     186.899741      0.102709        44.169268      
429             192.500000      8274.967736     186.912715      0.102561        44.271829      
430             191.904000      8294.653249     186.924253      0.102580        44.374409      
431             191.633000      8314.316711     186.935116      0.102610        44.477019      
432             192.500000      8334.456831     186.948176      0.104624        44.581643      
433             192.500000      8354.322831     186.960998      0.103200        44.684843      
434             191.633000      8373.989551     186.971703      0.102627        44.787470      
435             192.500000      8393.740628     186.984339      0.102603        44.890073      
436             192.500000      8413.527703     186.996940      0.102790        44.992863      
437             191.362000      8433.153981     187.006868      0.102561        45.095424      
438             192.229000      8452.891286     187.018731      0.102676        45.198100      
439             192.301000      8472.623292     187.030695      0.102610        45.300710      
440             192.500000      8492.351462     187.043041      0.102484        45.403194      
441             191.362000      8512.185176     187.052877      0.103645        45.506839      
442             192.229000      8531.899029     187.064516      0.102554        45.609393      
443             192.500000      8551.858391     187.076845      0.103685        45.713078      
444             191.633000      8571.708696     187.087145      0.103585        45.816663      
445             191.226000      8591.408416     187.096431      0.103018        45.919681      
446             192.428000      8611.479041     187.108513      0.104302        46.023983      
447             192.699000      8631.271155     187.120962      0.102710        46.126693      
448             191.831000      8651.376579     187.131640      0.104808        46.231501      
449             191.904000      8671.060556     187.142204      0.102572        46.334073      
450             192.500000      8690.803548     187.154038      0.102561        46.436634      
451             192.779000      8710.771983     187.166557      0.103582        46.540216      
452             191.633000      8730.464190     187.176397      0.102760        46.642976      
453             192.229000      8750.196112     187.187492      0.102648        46.745624      
454             192.779000      8769.979093     187.199740      0.102620        46.848244      
455             192.500000      8789.713038     187.211313      0.102514        46.950758      
456             191.831000      8809.395858     187.221386      0.102605        47.053363      
457             192.428000      8829.326396     187.232822      0.103574        47.156937      
458             192.699000      8849.090183     187.244685      0.102563        47.259500      
459             191.831000      8868.763795     187.254616      0.102557        47.362057      
460             191.560000      8888.419767     187.263923      0.102610        47.464667      
461             192.500000      8908.178929     187.275222      0.102645        47.567312      
462             192.779000      8928.084903     187.287144      0.103258        47.670570      
463             191.633000      8947.743383     187.296476      0.102584        47.773154      
464             192.229000      8967.529706     187.307080      0.102931        47.876085      
465             192.779000      8987.404257     187.318838      0.103095        47.979180      
466             192.779000      9007.412982     187.330624      0.103791        48.082971      
467             191.633000      9027.077019     187.339787      0.102613        48.185584      
468             192.500000      9047.769422     187.351272      0.107493        48.293077      
469             192.779000      9067.603489     187.362811      0.102885        48.395962      
470             192.102000      9087.455118     187.372909      0.103339        48.499301      
471             191.831000      9107.507212     187.382497      0.104530        48.603831      
472             192.699000      9127.575464     187.393864      0.104143        48.707974      
473             192.699000      9147.354668     187.405020      0.102643        48.810617      
474             191.831000      9167.040173     187.414306      0.102619        48.913236      
475             192.699000      9186.932298     187.425435      0.103229        49.016465      
476             192.699000      9206.714585     187.436457      0.102659        49.119124      
477             191.831000      9226.452844     187.445644      0.102894        49.222018      
478             192.428000      9246.194224     187.456006      0.102591        49.324609      
479             192.699000      9265.939513     187.466876      0.102467        49.427076      
480             192.699000      9286.139764     187.477949      0.104828        49.531904      
481             191.831000      9306.047409     187.487050      0.103777        49.635681      
482             192.428000      9325.971789     187.497336      0.103542        49.739223      
483             192.699000      9345.732879     187.508038      0.102549        49.841772      
484             192.102000      9365.575479     187.517539      0.103292        49.945064      
485             191.226000      9385.513275     187.525264      0.104263        50.049327      
486             192.699000      9405.937442     187.536198      0.105990        50.155317      
487             192.978000      9425.770563     187.547326      0.102774        50.258091      
488             191.831000      9445.449546     187.556052      0.102585        50.360676      
489             192.102000      9465.452359     187.565431      0.104126        50.464802      
490             192.699000      9485.378014     187.575929      0.103403        50.568205      
491             192.978000      9505.167329     187.586861      0.102547        50.670752      
492             191.831000      9525.081881     187.595539      0.103813        50.774565      
493             192.428000      9544.828072     187.605286      0.102616        50.877181      
494             192.699000      9564.776273     187.615629      0.103520        50.980701      
495             192.699000      9584.550081     187.625840      0.102615        51.083316      
496             191.831000      9604.255920     187.634279      0.102725        51.186041      
497             192.428000      9623.994607     187.643867      0.102577        51.288618      
498             192.978000      9643.802448     187.654521      0.102643        51.391261      
499             191.831000      9663.485843     187.662843      0.102608        51.493869      
500             191.560000      9683.136068     187.670591      0.102580        51.596449      
501             192.699000      9703.248448     187.680742      0.104372        51.700821      
502             192.978000      9723.716274     187.691587      0.106063        51.806884      
503             191.831000      9743.474291     187.699800      0.102997        51.909881      
504             192.428000      9763.430422     187.709227      0.103707        52.013588      
505             192.779000      9783.238849     187.719223      0.102752        52.116340      
506             192.978000      9803.036462     187.729554      0.102590        52.218930      
507             191.831000      9822.953700     187.737693      0.103827        52.322757      
508             192.699000      9842.724039     187.747403      0.102597        52.425354      
509             192.779000      9862.501815     187.757230      0.102593        52.527947      
510             192.428000      9882.441397     187.766426      0.103621        52.631568      
511             191.904000      9902.139383     187.774479      0.102645        52.734213      
512             193.104000      9921.963053     187.784834      0.102658        52.836871      
513             192.031000      9941.722083     187.793087      0.102895        52.939766      
514             191.904000      9961.406444     187.801037      0.102574        53.042340      
515             192.905000      9981.357451     187.810969      0.103424        53.145764      
516             192.779000      10001.131949    187.820540      0.102576        53.248340      
517             191.706000      10020.795617    187.828010      0.102572        53.350912      
518             192.301000      10041.153370    187.836868      0.105864        53.456776      
519             192.905000      10060.947931    187.846578      0.102613        53.559389      
520             192.905000      10080.735740    187.856247      0.102578        53.661967      
521             191.904000      10100.683969    187.864073      0.103949        53.765916      
522             192.905000      10120.471199    187.873672      0.102575        53.868491      
523             192.779000      10140.295628    187.883018      0.102835        53.971326      
524             192.031000      10160.003001    187.890891      0.102626        54.073952      
525             191.435000      10179.761008    187.897642      0.103210        54.177162      
526             192.905000      10199.551903    187.907107      0.102594        54.279756      
527             193.104000      10219.398746    187.916928      0.102778        54.382534      
528             192.031000      10239.127435    187.924686      0.102737        54.485271      
529             192.102000      10258.831529    187.932535      0.102571        54.587842      
530             192.779000      10279.045371    187.941827      0.104855        54.692697      
531             193.104000      10298.996297    187.951560      0.103317        54.796014      
532             192.102000      10318.707691    187.959317      0.102609        54.898623      
533             192.699000      10338.469359    187.968154      0.102552        55.001175      
534             193.104000      10358.303457    187.977728      0.102712        55.103887      
535             193.104000      10378.318301    187.987352      0.103648        55.207535      
536             191.904000      10398.019741    187.994622      0.102663        55.310198      
537             192.779000      10417.784986    188.003474      0.102528        55.412726      
538             192.978000      10437.589739    188.012670      0.102627        55.515353      
539             192.102000      10457.291721    188.020211      0.102560        55.617913      
540             191.362000      10476.918573    188.026362      0.102564        55.720477      
541             192.779000      10497.047399    188.035251      0.104414        55.824891      
542             192.905000      10517.044124    188.044277      0.103661        55.928552      
543             192.031000      10537.141705    188.051723      0.104658        56.033210      
544             192.301000      10556.874864    188.059491      0.102616        56.135826      
545             193.104000      10576.678452    188.068690      0.102554        56.238380      
546             193.176000      10596.494832    188.077989      0.102582        56.340962      
547             192.031000      10616.189724    188.085172      0.102561        56.443523      
548             192.580000      10635.944002    188.093326      0.102577        56.546100      
549             193.176000      10655.989876    188.102636      0.103770        56.649870      
550             192.500000      10676.214696    188.110776      0.105064        56.754934      
551             192.031000      10696.063404    188.117903      0.103362        56.858296      
552             193.176000      10715.886546    188.127015      0.102617        56.960913      
553             192.031000      10735.830693    188.134121      0.103859        57.064772      
554             191.706000      10755.494169    188.140529      0.102571        57.167343      
555             192.976000      10775.469115    188.149269      0.103510        57.270853      
556             193.104000      10795.261889    188.158120      0.102498        57.373351      
557             192.102000      10815.010359    188.165174      0.102802        57.476153      
558             192.699000      10834.809988    188.173265      0.102749        57.578902      
559             193.304000      10854.626355    188.182384      0.102514        57.681416      
560             193.104000      10874.598136    188.191192      0.103425        57.784841      
561             192.102000      10894.301270    188.198122      0.102566        57.887407      
562             192.978000      10914.093672    188.206576      0.102563        57.989970      
563             193.304000      10934.062942    188.215640      0.103305        58.093275      
564             192.428000      10953.798742    188.223064      0.102562        58.195837      
565             192.102000      10973.541641    188.229902      0.102773        58.298610      
566             192.779000      10993.313827    188.237891      0.102564        58.401174      
567             193.104000      11013.116642    188.246421      0.102550        58.503724      
568             191.904000      11032.811941    188.252826      0.102631        58.606355      
569             192.229000      11052.676309    188.259824      0.103337        58.709692      
570             193.104000      11072.582628    188.268315      0.103086        58.812778      
571             193.104000      11092.396644    188.276737      0.102608        58.915386      
572             192.102000      11112.091325    188.283382      0.102522        59.017908      
573             192.905000      11131.909999    188.291413      0.102738        59.120646      
574             193.176000      11151.721163    188.299872      0.102555        59.223201      
575             193.176000      11171.559180    188.308313      0.102694        59.325895      
576             191.904000      11191.257741    188.314523      0.102648        59.428543      
577             192.905000      11211.057318    188.322438      0.102639        59.531182      
578             193.104000      11231.227030    188.330813      0.104450        59.635632      
579             192.031000      11250.922306    188.337165      0.102563        59.738195      
580             191.633000      11270.720294    188.342855      0.103312        59.841507      
581             192.905000      11290.504631    188.350661      0.102560        59.944067      
582             193.176000      11310.439428    188.358953      0.103195        60.047262      
583             192.031000      11330.161780    188.365223      0.102704        60.149966      
584             192.580000      11349.924918    188.372402      0.102623        60.252589      
585             193.104000      11369.743181    188.380448      0.102630        60.355219      
586             193.176000      11389.577913    188.388592      0.102677        60.457896      
587             191.904000      11409.486802    188.394614      0.103744        60.561640      
588             192.905000      11429.404050    188.402291      0.103249        60.664889      
589             193.104000      11449.233514    188.410236      0.102688        60.767577      
590             192.779000      11469.015724    188.417601      0.102616        60.870193      
591             192.102000      11488.725005    188.423800      0.102598        60.972791      
592             192.978000      11508.552336    188.431462      0.102744        61.075535      
593             193.304000      11528.390546    188.439635      0.102627        61.178162      
594             192.102000      11548.244864    188.445812      0.103353        61.281515      
595             192.102000      11567.943387    188.451920      0.102542        61.384057      
596             193.304000      11587.855439    188.460048      0.103009        61.487066      
597             192.229000      11607.585823    188.466329      0.102640        61.589706      
598             192.779000      11627.539607    188.473565      0.103506        61.693212      
599             193.104000      11647.442836    188.481288      0.103070        61.796282      
600             193.304000      11667.256109    188.489274      0.102498        61.898780      
601             191.904000      11686.924734    188.494919      0.102492        62.001272      
602             192.978000      11706.745119    188.502333      0.102708        62.103980      
603             193.304000      11726.562451    188.510246      0.102519        62.206499      
604             192.229000      11746.421053    188.516412      0.103307        62.309806      
605             191.904000      11766.149360    188.521992      0.102803        62.412609      
606             193.304000      11785.976357    188.529838      0.102569        62.515178      
607             193.176000      11806.074195    188.537557      0.104039        62.619217      
608             192.229000      11825.788433    188.543593      0.102556        62.721773      
609             192.301000      11845.787160    188.549813      0.103997        62.825770      
610             193.104000      11865.601175    188.557238      0.102608        62.928378      
611             193.176000      11885.405579    188.564751      0.102520        63.030898      
612             191.904000      11905.119109    188.570184      0.102726        63.133624      
613             192.905000      11925.234856    188.577332      0.104278        63.237902      
614             193.176000      11945.045442    188.584778      0.102552        63.340454      
615             193.176000      11964.867617    188.592204      0.102612        63.443066      
616             191.832000      11984.600991    188.597448      0.102868        63.545934      
617             192.779000      12004.631308    188.604274      0.103903        63.649837      
618             193.176000      12024.442086    188.611628      0.102553        63.752390      
619             192.301000      12044.459082    188.617642      0.104092        63.856482      
620             191.706000      12064.119491    188.622594      0.102555        63.959037      
621             193.176000      12084.312178    188.630024      0.104530        64.063567      
622             193.375000      12104.597989    188.637781      0.104904        64.168471      
623             192.229000      12124.332026    188.643517      0.102659        64.271130      
624             192.500000      12144.103701    188.649670      0.102710        64.373840      
625             193.304000      12163.952156    188.657083      0.102680        64.476520      
626             193.304000      12183.785533    188.664465      0.102602        64.579122      
627             192.102000      12203.496735    188.669919      0.102608        64.681730      
628             192.978000      12223.308242    188.676746      0.102662        64.784392      
629             193.104000      12243.134809    188.683751      0.102673        64.887065      
630             192.779000      12263.000878    188.690244      0.103051        64.990116      
631             191.904000      12282.679290    188.695307      0.102543        65.092659      
632             192.779000      12302.464006    188.701736      0.102629        65.195288      
633             193.104000      12322.271649    188.708651      0.102575        65.297863      
634             192.031000      12341.983247    188.713866      0.102648        65.400511      
635             192.031000      12361.686203    188.719062      0.102603        65.503114      
636             193.176000      12381.505481    188.726032      0.102597        65.605711      
637             193.176000      12401.317226    188.732977      0.102558        65.708269      
638             192.031000      12421.030360    188.738122      0.102656        65.810925      
639             193.176000      12441.341850    188.745201      0.105145        65.916070      
640             193.375000      12461.290802    188.752435      0.103162        66.019232      
641             192.031000      12481.008353    188.757526      0.102679        66.121911      
642             192.779000      12500.769357    188.763751      0.102506        66.224417      
643             193.176000      12520.637316    188.770593      0.102849        66.327266      
644             192.301000      12542.166374    188.776542      0.111955        66.439221      
645             192.031000      12561.861458    188.781558      0.102562        66.541783      
646             192.905000      12581.645602    188.787903      0.102559        66.644342      
647             193.375000      12601.475628    188.794951      0.102547        66.746889      
648             192.031000      12621.413630    188.799977      0.103827        66.850716      
649             192.229000      12641.136134    188.805231      0.102599        66.953315      
650             193.104000      12660.936438    188.811805      0.102537        67.055852      
651             193.104000      12680.769764    188.818369      0.102708        67.158560      
652             192.102000      12700.468479    188.823375      0.102543        67.261103      
653             192.978000      12720.587015    188.829805      0.104253        67.365356      
654             193.304000      12740.431410    188.836613      0.102659        67.468015      
655             193.304000      12760.270200    188.843398      0.102630        67.570645      
656             191.831000      12779.944195    188.847926      0.102559        67.673204      
657             192.978000      12799.749720    188.854180      0.102631        67.775835      
658             193.104000      12819.554467    188.860601      0.102560        67.878395      
659             191.904000      12839.235757    188.865192      0.102558        67.980953      
660             191.362000      12858.866436    188.868954      0.102584        68.083537      
661             193.304000      12878.677004    188.875620      0.102484        68.186021      
662             193.304000      12898.503035    188.882271      0.102564        68.288585      
663             192.102000      12918.454172    188.887161      0.103857        68.392442      
664             192.580000      12938.219621    188.892694      0.102635        68.495077      
665             193.104000      12958.023788    188.898990      0.102557        68.597634      
666             193.176000      12977.873974    188.905387      0.102757        68.700391      
667             191.904000      12997.972464    188.909952      0.104732        68.805123      
668             192.580000      13017.799152    188.915435      0.102953        68.908076      
669             192.905000      13037.668753    188.921390      0.103002        69.011078      
670             192.905000      13057.559381    188.927333      0.103111        69.114189      
671             192.031000      13077.655809    188.932025      0.104652        69.218841      
672             193.104000      13097.682625    188.938267      0.103710        69.322551      
673             193.176000      13117.706476    188.944594      0.103656        69.426207      
674             191.904000      13137.809763    188.949052      0.104757        69.530964      
675             191.706000      13157.517332    188.953123      0.102801        69.633765      
676             193.176000      13177.588705    188.959414      0.103902        69.737667      
677             192.031000      13197.587005    188.963994      0.104141        69.841808      
678             192.500000      13217.436258    188.969207      0.103113        69.944921      
679             193.104000      13237.453611    188.975326      0.103661        70.048582      
680             193.304000      13257.671663    188.981780      0.104592        70.153174      
681             192.102000      13277.678510    188.986405      0.104147        70.257321      
682             192.978000      13297.520701    188.992238      0.102821        70.360142      
683             193.104000      13317.403268    188.998246      0.102963        70.463105      
684             192.229000      13337.379129    189.003004      0.103917        70.567022      
685             192.102000      13357.219808    189.007533      0.103282        70.670304      
686             192.779000      13377.006259    189.013002      0.102638        70.772942      
687             193.104000      13396.823943    189.018926      0.102627        70.875569      
688             191.904000      13416.514829    189.023097      0.102608        70.978177      
689             192.229000      13436.243868    189.027726      0.102633        71.080810      
690             192.978000      13456.068305    189.033427      0.102729        71.183539      
691             193.176000      13475.881401    189.039387      0.102565        71.286104      
692             191.904000      13495.564419    189.043503      0.102567        71.388671      
693             192.580000      13515.564237    189.048640      0.103852        71.492523      
694             193.176000      13535.386413    189.054555      0.102612        71.595135      
695             193.176000      13555.445036    189.060524      0.103836        71.698971      
696             191.706000      13575.122123    189.064306      0.102642        71.801613      
697             192.779000      13595.046604    189.069645      0.103354        71.904967      
698             193.176000      13614.858155    189.075494      0.102557        72.007524      
699             191.904000      13634.557484    189.079520      0.102652        72.110176      
700             191.164000      13654.177028    189.082483      0.102632        72.212808      
701             192.905000      13674.035440    189.087924      0.102944        72.315752      
702             192.905000      13693.823442    189.093331      0.102579        72.418331      
703             192.031000      13713.971911    189.097581      0.104923        72.523254      
704             192.500000      13733.798448    189.102406      0.102995        72.626249      
705             193.176000      13753.618692    189.108153      0.102602        72.728851      
706             193.104000      13773.654005    189.113845      0.103754        72.832605      
707             191.904000      13793.360435    189.117774      0.102689        72.935294      
708             192.699000      13813.136555    189.122806      0.102627        73.037921      
709             193.304000      13833.423037    189.128805      0.104946        73.142867      
710             192.978000      13853.214281    189.134195      0.102557        73.245424      
711             191.831000      13872.907076    189.137969      0.102657        73.348081      
712             192.779000      13892.671550    189.143051      0.102524        73.450605      
713             193.104000      13912.491938    189.148579      0.102641        73.553246      
714             192.102000      13932.192959    189.152691      0.102555        73.655801      
715             191.904000      13952.100504    189.156560      0.103737        73.759538      
716             193.104000      13971.914712    189.162044      0.102609        73.862147      
717             192.031000      13991.608259    189.166022      0.102554        73.964701      
718             192.500000      14011.817102    189.170747      0.104981        74.069682      
719             192.905000      14031.602596    189.175911      0.102566        74.172248      
720             193.176000      14051.405841    189.181432      0.102514        74.274762      
721             191.706000      14071.060690    189.184912      0.102526        74.377288      
722             192.905000      14090.845027    189.190035      0.102560        74.479848      
723             193.104000      14110.639152    189.195414      0.102505        74.582353      
724             192.301000      14130.618842    189.199734      0.103898        74.686251      
725             191.633000      14150.277321    189.203072      0.102584        74.788835      
726             192.905000      14170.457499    189.208243      0.104612        74.893447      
727             193.176000      14190.277936    189.213671      0.102603        74.996050      
728             191.706000      14209.932594    189.217074      0.102525        75.098575      
729             192.031000      14230.091240    189.221002      0.104976        75.203551      
730             192.779000      14250.357133    189.225968      0.105125        75.308676      
731             192.905000      14270.145135    189.230973      0.102579        75.411255      
732             191.633000      14289.812046    189.234237      0.102628        75.513883      
733             192.779000      14309.881497    189.239117      0.104106        75.617989      
734             192.978000      14329.703811    189.244189      0.102718        75.720707      
735             193.304000      14349.547046    189.249686      0.102653        75.823360      
736             191.831000      14369.221426    189.253173      0.102561        75.925921      
737             192.699000      14388.984250    189.257821      0.102558        76.028479      
738             193.304000      14408.830965    189.263277      0.102671        76.131150      
739             192.102000      14428.530640    189.267096      0.102548        76.233698      
740             190.955000      14448.144201    189.269367      0.102713        76.336411      
741             192.779000      14467.915423    189.274076      0.102559        76.438970      
742             193.104000      14488.139784    189.279316      0.104733        76.543703      
743             191.831000      14507.822796    189.282732      0.102606        76.646309      
744             192.428000      14527.760453    189.286978      0.103611        76.749920      
745             192.978000      14547.574855    189.291910      0.102677        76.852597      
746             193.304000      14567.421570    189.297263      0.102671        76.955268      
747             191.633000      14587.091740    189.300374      0.102645        77.057913      
748             192.500000      14606.877275    189.304636      0.102782        77.160695      
749             192.978000      14626.865743    189.309560      0.103579        77.264274      
750             192.905000      14647.050358    189.314423      0.104635        77.368909      
751             191.706000      14666.722269    189.317591      0.102615        77.471524      
752             192.580000      14686.780053    189.321971      0.104153        77.575677      
753             193.176000      14706.594695    189.327060      0.102573        77.678250      
754             191.904000      14726.292106    189.330461      0.102642        77.780892      
755             191.706000      14745.954048    189.333589      0.102563        77.883455      
756             192.905000      14765.740314    189.338286      0.102570        77.986025      
757             192.031000      14785.446151    189.341825      0.102618        78.088643      
758             192.500000      14805.492331    189.346031      0.104136        78.192779      
759             192.905000      14825.309462    189.350700      0.102730        78.295509      
760             193.104000      14845.117684    189.355611      0.102578        78.398087      
761             191.706000      14864.779626    189.358682      0.102563        78.500650      
762             192.500000      14884.765746    189.362831      0.103824        78.604474      
763             192.905000      14904.543910    189.367445      0.102528        78.707002      
764             192.229000      14924.610888    189.371236      0.104391        78.811393      
765             191.633000      14944.276649    189.374177      0.102622        78.914015      
766             192.699000      14964.049108    189.378495      0.102608        79.016623      
767             192.978000      14983.931246    189.383182      0.103028        79.119651      
768             191.831000      15003.661448    189.386360      0.102852        79.222503      
769             191.904000      15023.535602    189.389647      0.103563        79.326066      
770             192.779000      15043.302004    189.394022      0.102534        79.428600      
771             192.779000      15063.082286    189.398389      0.102606        79.531206      
772             191.633000      15082.733675    189.401267      0.102547        79.633753      
773             192.500000      15103.139253    189.405386      0.106003        79.739756      
774             192.978000      15123.294261    189.410059      0.104442        79.844198      
775             192.779000      15143.068567    189.414382      0.102575        79.946773      
776             191.633000      15162.870196    189.417245      0.103331        80.050104      
777             192.699000      15182.659035    189.421450      0.102693        80.152797      
778             192.905000      15202.443179    189.425902      0.102559        80.255356      
779             192.031000      15222.168603    189.429232      0.102720        80.358076      
780             190.832000      15241.926776    189.431037      0.103537        80.461613      
781             192.905000      15261.719215    189.435461      0.102602        80.564215      
782             193.104000      15281.534775    189.440128      0.102616        80.666831      
783             191.706000      15301.471624    189.443045      0.103997        80.770828      
784             191.904000      15321.217202    189.446176      0.102893        80.873721      
785             192.905000      15341.098184    189.450578      0.103061        80.976782      
786             192.905000      15361.045911    189.454984      0.103407        81.080189      
787             191.706000      15380.726833    189.457831      0.102662        81.182851      
788             192.580000      15400.484770    189.461771      0.102596        81.285447      
789             192.905000      15420.279138    189.466112      0.102612        81.388059      
790             192.905000      15440.076978    189.470443      0.102630        81.490689      
791             191.706000      15460.183295    189.473317      0.104881        81.595570      
792             192.905000      15479.970719    189.477626      0.102576        81.698146      
793             193.304000      15499.812021    189.482427      0.102643        81.800789      
794             191.904000      15519.713425    189.485493      0.103705        81.904494      
795             191.362000      15539.336450    189.487839      0.102544        82.007038      
796             192.978000      15559.168992    189.492208      0.102771        82.109809      
797             192.978000      15578.962167    189.496557      0.102567        82.212376      
798             192.229000      15598.678711    189.499961      0.102568        82.314944      
799             192.779000      15618.650808    189.504083      0.103601        82.418545      
800             192.905000      15638.805715    189.508389      0.104481        82.523026      
801             191.633000      15658.640498    189.511050      0.103504        82.626530      
802             192.580000      15678.388421    189.514854      0.102544        82.729074      
803             192.779000      15698.594552    189.518985      0.104815        82.833889      
804             192.301000      15718.370210    189.522434      0.102837        82.936726      
805             191.633000      15738.104001    189.525052      0.102977        83.039703      
806             192.580000      15757.936853    189.528836      0.102985        83.142688      
807             192.905000      15778.037747    189.533062      0.104201        83.246889      
808             191.706000      15797.705632    189.535736      0.102594        83.349483      
809             192.031000      15817.406476    189.538804      0.102592        83.452075      
810             192.779000      15837.193698    189.542784      0.102642        83.554717      
811             192.905000      15856.984015    189.546907      0.102591        83.657308      
812             191.633000      15876.928028    189.549499      0.104074        83.761382      
813             192.301000      15896.703878    189.552873      0.102838        83.864220      
814             192.905000      15916.541457    189.556979      0.102836        83.967056      
815             192.905000      15936.683632    189.561137      0.104415        84.071471      
816             191.904000      15956.372215    189.563993      0.102596        84.174067      
817             192.500000      15976.223393    189.567585      0.103123        84.277190      
818             192.978000      15996.445750    189.571820      0.104791        84.381981      
819             192.102000      16016.349054    189.574923      0.103608        84.485589      
820             191.560000      16035.999854    189.577331      0.102583        84.588172      
821             192.500000      16055.745734    189.580871      0.102576        84.690748      
822             192.978000      16075.557820    189.584984      0.102665        84.793413      
823             191.831000      16095.346722    189.587713      0.103158        84.896571      
824             192.102000      16115.069643    189.590750      0.102669        84.999240      
825             192.779000      16135.111526    189.594645      0.103963        85.103203      
826             193.104000      16154.930369    189.598872      0.102633        85.205836      
827             191.633000      16174.822257    189.601347      0.103802        85.309638      
828             192.580000      16194.579232    189.604925      0.102591        85.412229      
829             192.905000      16214.377844    189.608885      0.102634        85.514863      
830             193.104000      16234.202287    189.613076      0.102662        85.617525      
831             191.706000      16254.183036    189.615621      0.104226        85.721751      
832             192.500000      16273.942199    189.619071      0.102645        85.824396      
833             192.905000      16293.870250    189.623021      0.103305        85.927701      
834             191.706000      16313.904869    189.625551      0.104507        86.032208      
835             191.164000      16333.564366    189.627388      0.102841        86.135049      
836             192.905000      16353.346581    189.631286      0.102549        86.237598      
837             191.706000      16373.006989    189.633750      0.102555        86.340153      
838             192.031000      16392.805770    189.636609      0.103102        86.443255      
839             192.779000      16412.865581    189.640387      0.104056        86.547311      
840             192.779000      16432.646442    189.644104      0.102609        86.649920      
841             191.633000      16452.293423    189.646454      0.102524        86.752444      
842             192.500000      16472.050853    189.649827      0.102636        86.855080      
843             192.905000      16491.854481    189.653669      0.102660        86.957740      
844             192.301000      16511.708597    189.656809      0.103245        87.060985      
845             191.706000      16531.375908    189.659221      0.102591        87.163576      
846             192.779000      16551.162359    189.662890      0.102638        87.266214      
847             192.779000      16570.933580    189.666548      0.102559        87.368773      
848             191.633000      16590.584778    189.668853      0.102546        87.471319      
849             191.831000      16610.414732    189.671406      0.103372        87.574691      
850             192.978000      16630.207134    189.675274      0.102563        87.677254      
851             192.978000      16650.008221    189.679134      0.102608        87.779862      
852             191.633000      16669.870407    189.681438      0.103647        87.883509      
853             192.229000      16689.580799    189.684407      0.102536        87.986045      
854             192.779000      16709.366672    189.688013      0.102635        88.088680      
855             192.978000      16729.488295    189.691903      0.104269        88.192949      
856             191.633000      16749.143134    189.694157      0.102565        88.295514      
857             192.500000      16768.882084    189.697412      0.102540        88.398054      
858             192.978000      16788.756888    189.701230      0.102990        88.501044      
859             192.102000      16808.457524    189.704009      0.102553        88.603597      
860             191.633000      16828.106806    189.706238      0.102536        88.706133      
861             192.580000      16848.245474    189.709622      0.104573        88.810706      
862             192.905000      16868.044857    189.713311      0.102638        88.913344      
863             191.633000      16887.716368    189.715524      0.102652        89.015996      
864             191.904000      16907.431242    189.718047      0.102733        89.118729      
865             192.500000      16927.375589    189.721278      0.103607        89.222336      
866             192.779000      16947.380652    189.724830      0.103772        89.326108      
867             191.633000      16967.111952    189.727027      0.102964        89.429072      
868             192.301000      16986.850303    189.729978      0.102643        89.531715      
869             192.905000      17006.640234    189.733612      0.102589        89.634304      
870             192.580000      17026.546651    189.736890      0.103367        89.737671      
871             191.706000      17046.231790    189.739141      0.102684        89.840355      
872             192.500000      17065.995380    189.742293      0.102668        89.943023      
873             192.905000      17085.781453    189.745895      0.102569        90.045592      
874             191.633000      17105.448173    189.748043      0.102627        90.148219      
875             191.435000      17125.329464    189.749985      0.103854        90.252073      
876             192.500000      17145.085354    189.753108      0.102628        90.354701      
877             193.104000      17164.889907    189.756907      0.102559        90.457260      
878             191.831000      17184.809830    189.759286      0.103841        90.561101      
879             192.301000      17204.607025    189.762172      0.102949        90.664050      
880             192.905000      17224.388275    189.765722      0.102544        90.766594      
881             191.362000      17244.335468    189.767553      0.104238        90.870832      
882             192.500000      17264.075380    189.770633      0.102545        90.973377      
883             192.779000      17284.016633    189.774050      0.103441        91.076818      
884             192.229000      17303.738559    189.776813      0.102596        91.179414      
885             191.633000      17323.540572    189.778914      0.103333        91.282747      
886             192.580000      17343.288303    189.782057      0.102543        91.385290      
887             192.905000      17363.065888    189.785557      0.102525        91.487815      
888             191.706000      17382.735115    189.787708      0.102601        91.590416      
889             191.706000      17402.394566    189.789853      0.102550        91.692966      
890             192.580000      17422.144415    189.792970      0.102554        91.795520      
891             192.580000      17441.912945    189.796084      0.102651        91.898171      
892             191.435000      17461.548815    189.797911      0.102572        92.000743      
893             192.229000      17481.432599    189.800641      0.103438        92.104181      
894             192.905000      17501.241049    189.804098      0.102685        92.206866      
895             192.779000      17521.015547    189.807404      0.102576        92.309442      
896             191.435000      17540.649504    189.809210      0.102562        92.412004      
897             192.580000      17560.431514    189.812287      0.102721        92.514725      
898             192.905000      17580.278159    189.815722      0.102883        92.617608      
899             191.904000      17599.955419    189.818032      0.102537        92.720145      
900             191.435000      17619.611391    189.819820      0.102677        92.822822      
901             192.580000      17639.507986    189.822889      0.103316        92.926138      
902             192.779000      17659.504374    189.826185      0.103727        93.029865      
903             191.633000      17679.188340    189.828178      0.102717        93.132582      
904             191.904000      17699.272629    189.830508      0.104658        93.237240      
905             192.978000      17719.061172    189.833966      0.102543        93.339783      
906             192.978000      17738.877890    189.837421      0.102689        93.442472      
907             191.633000      17758.628545    189.839399      0.103065        93.545537      
908             192.500000      17778.394638    189.842316      0.102681        93.648218      
909             192.779000      17798.164510    189.845529      0.102552        93.750770      
910             192.779000      17818.553395    189.848834      0.105763        93.856533      
911             191.560000      17838.206302    189.850703      0.102594        93.959127      
912             192.580000      17857.969054    189.853681      0.102621        94.061748      
913             193.104000      17877.865525    189.857237      0.103035        94.164783      
914             191.706000      17897.525934    189.859248      0.102555        94.267338      
915             191.164000      17917.160388    189.860668      0.102710        94.370048      
916             192.779000      17936.938357    189.863838      0.102594        94.472642      
917             192.905000      17956.729059    189.867137      0.102593        94.575235      
918             191.633000      17976.924495    189.869102      0.105386        94.680621      
919             192.229000      17996.640270    189.871656      0.102564        94.783185      
920             192.779000      18016.428649    189.874801      0.102648        94.885833      
921             192.779000      18036.206232    189.877938      0.102592        94.988425      
922             191.362000      18056.163949    189.879565      0.104293        95.092718      
923             78.311000       18064.193567    189.759394      0.102535        95.195253      
924             77.905000       18072.198462    189.638791      0.102752        95.298005      
925             77.634000       18080.142671    189.518652      0.102329        95.400334      
926             77.363000       18088.056442    189.398520      0.102294        95.502628      
927             77.442000       18096.041022    189.277783      0.103104        95.605732      
928             76.759000       18104.484819    189.148468      0.110004        95.715736      
929             76.512000       18112.317123    189.028133      0.102367        95.818103      
930             76.433000       18120.197212    188.907114      0.103098        95.921201      
931             76.512000       18128.118194    188.785938      0.103526        96.024727      
932             77.117000       18136.014743    188.666986      0.102397        96.127124      
933             76.917000       18143.965115    188.546953      0.103363        96.230487      
