#timestep       power           acc-energy      avg-power       dt              acc-time       
1               132.564000      13.276947       132.564000      0.100155        0.100155       
2               132.564000      28.088986       132.564000      0.111735        0.211890       
3               132.475000      41.348939       132.535446      0.100094        0.311984       
4               132.392000      54.603364       132.500597      0.100115        0.412099       
5               132.297000      67.850659       132.460797      0.100133        0.512232       
6               132.207000      81.088678       132.419298      0.100131        0.612363       
7               133.036000      94.409706       132.505966      0.100131        0.712494       
8               132.899000      107.719940      132.554405      0.100153        0.812647       
9               132.822000      121.019406      132.583760      0.100130        0.912777       
10              131.753000      134.211966      132.501635      0.100131        1.012908       
11              131.629000      147.391978      132.423132      0.100130        1.113038       
12              121.120000      159.519845      131.490208      0.100131        1.213169       
13              121.155000      171.651095      130.702220      0.100130        1.313299       
14              121.119000      183.780557      130.023232      0.100145        1.413444       
15              121.066000      195.903017      129.430664      0.100131        1.513575       
16              121.066000      208.025355      128.911638      0.100130        1.613705       
17              121.054000      220.146613      128.452555      0.100131        1.713836       
18              121.020000      232.264346      128.042282      0.100130        1.813966       
19              121.024000      244.382721      127.675135      0.100132        1.914098       
20              120.987000      256.496181      127.342684      0.100122        2.014220       
21              121.020000      268.613067      127.043279      0.100123        2.114343       
22              145.275000      283.159743      127.867663      0.100132        2.214475       
23              174.770000      300.659988      129.896720      0.100133        2.314608       
24              194.351000      320.119381      132.569266      0.100125        2.414733       
25              228.865000      343.036321      136.403419      0.100133        2.514866       
26              256.017000      368.669511      140.983197      0.100123        2.614989       
27              283.198000      397.024144      146.227538      0.100123        2.715112       
28              310.394000      428.101412      152.066014      0.100122        2.815234       
29              317.895000      459.930013      157.761129      0.100123        2.915357       
30              364.565000      496.431719      164.627706      0.100124        3.015481       
31              367.144000      533.191278      171.135766      0.100123        3.115604       
32              392.225000      572.461629      178.019405      0.100122        3.215726       
33              392.328000      611.743078      184.490576      0.100124        3.315850       
34              392.383000      651.030034      190.584013      0.100124        3.415974       
35              392.602000      690.338524      196.336598      0.100123        3.516097       
36              392.654000      729.652613      201.772130      0.100124        3.616221       
37              392.691000      768.970014      206.915725      0.100123        3.716344       
38              392.744000      808.292721      211.790832      0.100123        3.816467       
39              392.757000      847.616338      216.416973      0.100122        3.916589       
40              392.959000      886.960571      220.817567      0.100123        4.016712       
41              392.992000      926.310074      225.005119      0.100128        4.116840       
42              392.992000      965.661935      228.994045      0.100134        4.216974       
43              392.987000      1005.033338     232.799704      0.100185        4.317159       
44              392.992000      1044.395024     236.431931      0.100159        4.417318       
45              393.058000      1083.749563     239.903371      0.100124        4.517442       
46              393.000000      1123.098688     243.223041      0.100125        4.617567       
47              393.024000      1162.449823     246.402281      0.100124        4.717691       
48              393.066000      1201.805163     249.450251      0.100124        4.817815       
49              392.953000      1241.149189     252.371815      0.100124        4.917939       
50              392.983000      1280.496219     255.177390      0.100124        5.018063       
51              393.014000      1319.846746     257.873831      0.100125        5.118188       
52              393.014000      1359.197273     260.466797      0.100125        5.218313       
53              393.014000      1398.547013     262.962084      0.100123        5.318436       
54              392.981000      1437.893450     265.364546      0.100123        5.418559       
55              392.823000      1477.224460     267.676991      0.100124        5.518683       
56              392.845000      1516.557673     269.907415      0.100124        5.618807       
57              392.878000      1555.893797     272.060297      0.100123        5.718930       
58              392.877000      1595.229821     274.139077      0.100123        5.819053       
59              392.847000      1634.562841     276.147025      0.100123        5.919176       
60              392.941000      1673.898200     278.089393      0.100105        6.019281       
61              392.787000      1713.211072     279.965361      0.100087        6.119368       
62              392.771000      1752.521950     281.780676      0.100086        6.219454       
63              392.809000      1791.856665     283.539974      0.100137        6.319591       
64              392.837000      1831.191827     285.244724      0.100131        6.419722       
65              392.839000      1870.527189     286.897142      0.100131        6.519853       
66              393.016000      1909.880274     288.502249      0.100131        6.619984       
67              393.009000      1949.232658     290.059420      0.100131        6.720115       
68              393.055000      1988.589648     291.571543      0.100131        6.820246       
69              392.982000      2027.941294     293.038924      0.100136        6.920382       
70              393.177000      2067.317184     294.467395      0.100148        7.020530       
71              393.207000      2106.692933     295.855999      0.100140        7.120670       
72              393.209000      2146.065737     297.206008      0.100132        7.220802       
73              393.177000      2185.434943     298.518637      0.100131        7.320933       
74              393.234000      2224.810250     299.796626      0.100132        7.421065       
75              393.267000      2264.188074     301.041001      0.100130        7.521195       
76              393.259000      2303.565885     302.252598      0.100132        7.621327       
77              393.259000      2342.957852     303.433189      0.100168        7.721495       
78              393.230000      2382.332365     304.582751      0.100131        7.821626       
79              393.259000      2421.709782     305.703619      0.100131        7.921757       
80              393.326000      2461.093908     306.797341      0.100131        8.021888       
81              393.307000      2500.476131     307.863861      0.100131        8.122019       
82              393.326000      2539.860257     308.904636      0.100131        8.222150       
83              393.332000      2579.244983     309.920439      0.100131        8.322281       
84              393.318000      2618.628701     310.911932      0.100132        8.422413       
85              393.231000      2658.006067     311.879162      0.100138        8.522551       
86              393.236000      2697.401629     312.824405      0.100183        8.622734       
87              393.268000      2736.779947     313.747828      0.100131        8.722865       
88              393.162000      2776.159053     314.649347      0.100160        8.823025       
89              393.194000      2815.529962     315.530734      0.100131        8.923156       
90              393.154000      2854.896865     316.392116      0.100131        9.023287       
91              392.914000      2894.239737     317.231956      0.100131        9.123418       
92              392.927000      2933.583910     318.053703      0.100131        9.223549       
93              393.017000      2972.937095     318.858766      0.100131        9.323680       
94              392.975000      3012.285682     319.646266      0.100130        9.423810       
95              393.061000      3051.643666     320.418128      0.100132        9.523942       
96              393.178000      3091.012972     321.175138      0.100131        9.624073       
97              393.218000      3130.386284     321.916970      0.100131        9.724204       
98              393.389000      3169.776718     322.645423      0.100131        9.824335       
99              393.422000      3209.170063     323.359502      0.100130        9.924465       
100             393.348000      3248.556391     324.058585      0.100131        10.024596      
101             393.414000      3287.949722     324.744499      0.100132        10.124728      
102             393.737000      3327.375789     325.420149      0.100133        10.224861      
103             393.753000      3366.823933     326.083190      0.100185        10.325046      
104             393.803000      3406.255822     326.733620      0.100131        10.425177      
105             393.813000      3445.689499     327.371783      0.100133        10.525310      
106             393.806000      3485.135471     327.998056      0.100166        10.625476      
107             393.873000      3524.574368     328.613044      0.100131        10.725607      
108             393.813000      3564.010014     329.216143      0.100138        10.825745      
109             393.813000      3603.443297     329.808152      0.100132        10.925877      
110             393.909000      3642.885800     330.390274      0.100131        11.026008      
111             393.939000      3682.332093     330.962199      0.100133        11.126141      
112             393.969000      3721.780997     331.524184      0.100132        11.226273      
113             393.909000      3761.210894     332.075522      0.100099        11.326372      
114             393.939000      3800.657188     332.617645      0.100133        11.426505      
115             393.909000      3840.102054     333.150110      0.100137        11.526642      
116             393.880000      3879.552681     333.673268      0.100159        11.626801      
117             393.883000      3918.998881     334.187453      0.100147        11.726948      
118             393.948000      3958.448834     334.693446      0.100140        11.827088      
119             393.850000      3997.887398     335.190099      0.100136        11.927224      
120             393.883000      4037.327690     335.678739      0.100132        12.027356      
121             393.850000      4076.791854     336.159365      0.100201        12.127557      
122             393.810000      4116.224837     336.631463      0.100132        12.227689      
123             393.782000      4155.644778     337.095545      0.100106        12.327795      
124             393.761000      4195.061435     337.551969      0.100103        12.427898      
125             393.649000      4234.472786     338.000270      0.100118        12.528016      
126             393.712000      4273.896350     338.442027      0.100133        12.628149      
127             393.712000      4313.320307     338.876839      0.100134        12.728283      
128             393.638000      4352.730163     339.304213      0.100117        12.828400      
129             393.656000      4392.168983     339.725395      0.100186        12.928586      
130             393.687000      4431.590043     340.140120      0.100133        13.028719      
131             393.552000      4470.997585     340.547489      0.100133        13.128852      
132             393.555000      4510.405822     340.948718      0.100134        13.228986      
133             393.626000      4549.820774     341.344449      0.100133        13.329119      
134             393.665000      4589.239632     341.734568      0.100133        13.429252      
135             393.651000      4628.657481     342.118813      0.100134        13.529386      
136             393.834000      4668.093655     342.498757      0.100134        13.629520      
137             393.651000      4707.511504     342.871824      0.100134        13.729654      
138             393.710000      4746.931324     343.239879      0.100124        13.829778      
139             393.775000      4786.361196     343.603143      0.100133        13.929911      
140             393.840000      4825.797970     343.961689      0.100134        14.030045      
141             393.838000      4865.234151     344.315135      0.100133        14.130178      
142             394.051000      4904.688113     344.665076      0.100124        14.230302      
143             394.066000      4944.143183     345.010227      0.100123        14.330425      
144             394.081000      4983.604484     345.350734      0.100135        14.430560      
145             394.170000      5023.073909     345.687154      0.100133        14.530693      
146             394.099000      5062.550806     346.018605      0.100170        14.630863      
147             394.103000      5102.013916     346.345459      0.100134        14.730997      
148             394.351000      5141.488845     346.669467      0.100101        14.831098      
149             394.290000      5180.970680     346.988827      0.100134        14.931232      
150             394.284000      5220.451914     347.303892      0.100134        15.031366      
151             394.298000      5259.934550     347.614880      0.100134        15.131500      
152             394.257000      5299.413080     347.921509      0.100134        15.231634      
153             394.254000      5338.890916     348.224110      0.100133        15.331767      
154             394.249000      5378.369040     348.522758      0.100135        15.431902      
155             394.217000      5417.843565     348.817345      0.100134        15.532036      
156             394.215000      5457.305669     349.108057      0.100103        15.632139      
157             394.280000      5496.788474     349.395585      0.100139        15.732278      
158             394.336000      5536.268605     349.679771      0.100118        15.832396      
159             394.326000      5575.754045     349.960367      0.100134        15.932530      
160             394.356000      5615.241700     350.237640      0.100132        16.032662      
161             394.348000      5654.734075     350.511459      0.100146        16.132808      
162             394.276000      5694.214114     350.781421      0.100133        16.232941      
163             394.346000      5733.700767     351.048499      0.100132        16.333073      
164             394.379000      5773.191120     351.312527      0.100133        16.433206      
165             394.357000      5812.690706     351.573297      0.100162        16.533368      
166             394.409000      5852.184062     351.831167      0.100133        16.633501      
167             394.468000      5891.683326     352.086303      0.100133        16.733634      
168             394.438000      5931.166964     352.338145      0.100101        16.833735      
169             394.427000      5970.664884     352.587041      0.100140        16.933875      
170             394.427000      6010.160043     352.832994      0.100133        17.034008      
171             394.430000      6049.674829     353.076208      0.100182        17.134190      
172             394.356000      6089.163667     353.316052      0.100135        17.234325      
173             394.336000      6128.649714     353.553005      0.100133        17.334458      
174             394.488000      6168.151770     353.788114      0.100135        17.434593      
175             394.458000      6207.650427     354.020364      0.100134        17.534727      
176             394.457000      6247.155296     354.250007      0.100150        17.634877      
177             394.480000      6286.655762     354.477148      0.100133        17.735010      
178             394.327000      6326.127500     354.700804      0.100099        17.835109      
179             394.349000      6365.615637     354.922165      0.100135        17.935244      
180             394.312000      6405.098886     355.140857      0.100132        18.035376      
181             394.223000      6444.574012     355.356646      0.100134        18.135510      
182             394.245000      6484.050553     355.570182      0.100132        18.235642      
183             394.422000      6523.550338     355.782382      0.100146        18.335788      
184             394.125000      6563.015651     355.990639      0.100134        18.435922      
185             394.149000      6602.477849     356.196746      0.100120        18.536042      
186             394.170000      6641.947273     356.400778      0.100133        18.636175      
187             394.116000      6681.411291     356.602341      0.100133        18.736308      
188             394.244000      6720.881817     356.802409      0.100117        18.836425      
189             394.244000      6760.358258     357.000391      0.100132        18.936557      
190             394.380000      6799.848710     357.197008      0.100133        19.036690      
191             394.413000      6839.342073     357.391738      0.100132        19.136822      
192             394.437000      6878.838627     357.584569      0.100134        19.236956      
193             394.343000      6918.324980     357.774913      0.100132        19.337088      
194             394.343000      6957.811728     357.963298      0.100133        19.437221      
195             394.643000      6997.328121     358.151287      0.100132        19.537353      
196             394.708000      7036.858917     358.337728      0.100152        19.637505      
197             394.619000      7076.372906     358.521788      0.100132        19.737637      
198             394.641000      7115.885942     358.704087      0.100124        19.837761      
199             394.706000      7155.409038     358.884897      0.100133        19.937894      
200             394.673000      7194.928435     359.063734      0.100132        20.038026      
201             394.676000      7234.463524     359.240876      0.100171        20.138197      
202             394.706000      7273.986620     359.416346      0.100133        20.238330      
203             394.795000      7313.518628     359.590527      0.100133        20.338463      
204             394.691000      7353.040222     359.762492      0.100133        20.438596      
205             394.749000      7392.567623     359.933062      0.100133        20.538729      
206             394.682000      7432.088316     360.101653      0.100133        20.638862      
207             394.559000      7471.596298     360.268020      0.100132        20.738994      
208             394.680000      7511.103766     360.433317      0.100100        20.839094      
209             394.747000      7550.630967     360.597407      0.100133        20.939227      
210             394.747000      7590.158168     360.759936      0.100133        21.039360      
211             394.713000      7629.682360     360.920766      0.100134        21.139494      
212             394.740000      7669.204518     361.080187      0.100122        21.239616      
213             394.574000      7708.712029     361.237341      0.100127        21.339743      
214             394.669000      7748.247996     361.393546      0.100175        21.439918      
215             394.679000      7787.768783     361.548281      0.100134        21.540052      
216             394.805000      7827.302582     361.702169      0.100135        21.640187      
217             394.824000      7866.837494     361.854724      0.100133        21.740320      
218             394.525000      7906.336153     362.004485      0.100117        21.840437      
219             394.557000      7945.843934     362.153048      0.100132        21.940569      
220             394.628000      7985.358825     362.300583      0.100132        22.040701      
221             394.628000      8024.874111     362.446785      0.100133        22.140834      
222             394.628000      8064.390580     362.591676      0.100136        22.240970      
223             394.846000      8103.927300     362.736238      0.100132        22.341102      
224             394.905000      8143.471902     362.879781      0.100137        22.441239      
225             394.905000      8183.013740     363.022039      0.100130        22.541369      
226             394.927000      8222.561729     363.163150      0.100140        22.641509      
227             394.823000      8262.096146     363.302549      0.100132        22.741641      
228             394.869000      8301.631615     363.440915      0.100123        22.841764      
229             395.139000      8341.198464     363.579267      0.100134        22.941898      
230             395.131000      8380.763721     363.716379      0.100132        23.042030      
231             395.173000      8420.333579     363.852488      0.100133        23.142163      
232             395.173000      8459.903437     363.987423      0.100133        23.242296      
233             395.064000      8499.462380     364.120734      0.100133        23.342429      
234             395.094000      8539.023933     364.253032      0.100132        23.442561      
235             395.029000      8578.579372     364.383930      0.100133        23.542694      
236             394.078000      8618.053771     364.509737      0.100169        23.642863      
237             394.121000      8657.508830     364.634589      0.100109        23.742972      
238             394.153000      8696.975370     364.758552      0.100130        23.843102      
239             394.290000      8736.455628     364.882052      0.100130        23.943232      
240             394.186000      8775.923501     365.004084      0.100125        24.043357      
241             394.261000      8815.398883     365.125415      0.100125        24.143482      
242             394.113000      8854.859053     365.245131      0.100124        24.243606      
243             394.184000      8894.327121     365.364157      0.100126        24.343732      
244             394.208000      8933.797197     365.482305      0.100125        24.443857      
245             394.241000      8973.269788     365.599621      0.100123        24.543980      
246             395.276000      9012.847588     365.720194      0.100127        24.644107      
247             395.244000      9052.426532     365.839674      0.100138        24.744245      
248             395.244000      9092.003895     365.958187      0.100134        24.844379      
249             395.195000      9131.575560     366.075549      0.100132        24.944511      
250             395.162000      9171.140761     366.191832      0.100124        25.044635      
251             395.200000      9210.710161     366.307340      0.100125        25.144760      
252             395.229000      9250.282464     366.422048      0.100125        25.244885      
253             395.349000      9289.882597     366.536369      0.100165        25.345050      
254             395.318000      9329.463811     366.649623      0.100125        25.445175      
255             395.288000      9369.041627     366.761870      0.100124        25.545299      
256             395.229000      9408.613931     366.873011      0.100125        25.645424      
257             395.229000      9448.207182     366.983347      0.100178        25.745602      
258             395.251000      9487.781293     367.092853      0.100124        25.845726      
259             395.251000      9527.355799     367.201515      0.100125        25.945851      
260             395.280000      9566.932814     367.309452      0.100124        26.045975      
261             395.243000      9606.506519     367.416422      0.100125        26.146100      
262             395.213000      9646.078802     367.522466      0.100129        26.246229      
263             395.205000      9685.651864     367.627677      0.100133        26.346362      
264             395.235000      9725.227930     367.732205      0.100133        26.446495      
265             395.258000      9764.805114     367.836029      0.100130        26.546625      
266             395.287000      9804.382829     367.939174      0.100124        26.646749      
267             395.283000      9843.968445     368.041554      0.100145        26.746894      
268             395.310000      9883.549254     368.143252      0.100126        26.847020      
269             395.340000      9923.132672     368.244305      0.100125        26.947145      
270             395.316000      9962.713291     368.344519      0.100124        27.047269      
271             395.348000      10002.303440    368.444128      0.100140        27.147409      
272             395.404000      10041.895242    368.543201      0.100130        27.247539      
273             395.378000      10081.488000    368.641462      0.100139        27.347678      
274             395.378000      10121.081153    368.739007      0.100140        27.447818      
275             395.449000      10160.682997    368.836105      0.100144        27.547962      
276             395.449000      10200.282074    368.932492      0.100137        27.648099      
277             395.514000      10239.886077    369.028415      0.100133        27.748232      
278             395.490000      10279.484909    369.123555      0.100126        27.848358      
279             395.174000      10319.051706    369.216880      0.100125        27.948483      
280             395.181000      10358.619599    369.309565      0.100126        28.048609      
281             395.133000      10398.181895    369.401418      0.100124        28.148733      
282             395.114000      10437.743079    369.492555      0.100126        28.248859      
283             395.104000      10477.302867    369.583011      0.100125        28.348984      
284             395.173000      10516.869959    369.673074      0.100126        28.449110      
285             395.143000      10556.434047    369.762401      0.100126        28.549236      
286             395.106000      10595.994036    369.850973      0.100125        28.649361      
287             395.092000      10635.556573    369.938888      0.100135        28.749496      
288             394.986000      10675.106521    370.025820      0.100130        28.849626      
289             395.260000      10714.683510    370.113098      0.100129        28.949755      
290             395.290000      10754.262316    370.199875      0.100126        29.049881      
291             395.316000      10793.843726    370.286145      0.100126        29.150007      
292             395.393000      10833.432450    370.372088      0.100125        29.250132      
293             395.410000      10873.023272    370.457502      0.100126        29.350258      
294             395.256000      10912.598674    370.541813      0.100126        29.450384      
295             395.225000      10952.170972    370.625447      0.100126        29.550510      
296             395.225000      10991.742876    370.708515      0.100125        29.650635      
297             395.219000      11031.316154    370.791008      0.100130        29.750765      
298             395.182000      11070.889284    370.872831      0.100139        29.850904      
299             395.335000      11110.520432    370.954707      0.100247        29.951151      
300             395.391000      11150.112910    371.036132      0.100135        30.051286      
301             395.373000      11189.729680    371.117009      0.100201        30.151487      
302             395.426000      11229.358483    371.197540      0.100218        30.251705      
303             395.410000      11268.941792    371.277398      0.100107        30.351812      
304             395.576000      11308.538158    371.357270      0.100098        30.451910      
305             395.573000      11348.154003    371.436648      0.100148        30.552058      
306             395.576000      11387.768566    371.515513      0.100144        30.652202      
307             395.614000      11427.414232    371.594043      0.100213        30.752415      
308             395.716000      11467.066953    371.672388      0.100205        30.852620      
309             395.613000      11506.711332    371.749896      0.100210        30.952830      
310             395.636000      11546.328739    371.826921      0.100136        31.052966      
311             395.607000      11585.943637    371.903359      0.100137        31.153103      
312             395.666000      11625.551386    371.979470      0.100104        31.253207      
313             395.599000      11665.173395    372.054922      0.100157        31.353364      
314             395.586000      11704.781443    372.129828      0.100125        31.453489      
315             395.399000      11744.370768    372.203665      0.100125        31.553614      
316             395.399000      11783.960093    372.277035      0.100125        31.653739      
317             395.399000      11823.545464    372.349935      0.100115        31.753854      
318             395.351000      11863.131960    372.422236      0.100130        31.853984      
319             395.455000      11902.729660    372.494412      0.100132        31.954116      
320             395.463000      11942.328556    372.566163      0.100133        32.054249      
321             395.455000      11981.922302    372.637434      0.100122        32.154371      
322             395.390000      12021.509539    372.708061      0.100122        32.254493      
323             395.463000      12061.104481    372.778477      0.100123        32.354616      
324             395.463000      12100.703378    372.848466      0.100133        32.454749      
325             395.702000      12140.332142    372.918770      0.100148        32.554897      
326             395.767000      12179.961479    372.988831      0.100133        32.655030      
327             395.799000      12219.594020    373.058562      0.100133        32.755163      
328             395.776000      12259.224258    373.127798      0.100133        32.855296      
329             395.664000      12298.843281    373.196273      0.100133        32.955429      
330             395.696000      12338.465905    373.264431      0.100134        33.055563      
331             395.696000      12378.088132    373.332176      0.100133        33.155696      
332             395.712000      12417.725416    373.399584      0.100167        33.255863      
333             395.696000      12457.357140    373.466533      0.100157        33.356020      
334             395.734000      12496.984756    373.533181      0.100137        33.456157      
335             395.734000      12536.611580    373.599430      0.100135        33.556292      
336             395.734000      12576.237613    373.665284      0.100133        33.656425      
337             395.766000      12615.862496    373.730835      0.100122        33.756547      
338             395.799000      12655.494642    373.796102      0.100132        33.856679      
339             395.902000      12695.137497    373.861289      0.100133        33.956812      
340             395.835000      12734.773247    373.925894      0.100132        34.056944      
341             395.895000      12774.411046    373.990291      0.100122        34.157066      
342             395.895000      12814.069432    374.054344      0.100174        34.257240      
343             395.924000      12853.714490    374.118082      0.100133        34.357373      
344             395.861000      12893.352843    374.181266      0.100132        34.457505      
345             395.892000      12932.995093    374.244175      0.100134        34.557639      
346             395.860000      12972.633742    374.306627      0.100133        34.657772      
347             395.890000      13012.275396    374.368806      0.100133        34.757905      
348             395.860000      13051.914045    374.430542      0.100133        34.858038      
349             395.790000      13091.547268    374.491725      0.100137        34.958175      
350             395.892000      13131.193081    374.552854      0.100143        35.058318      
351             395.949000      13170.846581    374.613801      0.100148        35.158466      
352             395.892000      13210.491998    374.674236      0.100142        35.258608      
353             395.868000      13250.131448    374.734254      0.100133        35.358741      
354             395.898000      13289.781425    374.794031      0.100152        35.458893      
355             395.962000      13329.430288    374.853639      0.100133        35.559026      
356             395.991000      13369.082055    374.912994      0.100133        35.659159      
357             395.991000      13408.729465    374.972010      0.100122        35.759281      
358             395.971000      13448.379230    375.030647      0.100133        35.859414      
359             396.003000      13488.032198    375.089047      0.100133        35.959547      
360             396.073000      13527.682274    375.147302      0.100108        36.059655      
361             396.008000      13567.326239    375.205055      0.100109        36.159764      
362             395.928000      13606.969322    375.262279      0.100127        36.259891      
363             395.958000      13646.605905    375.319256      0.100103        36.359994      
364             395.855000      13686.242866    375.375653      0.100130        36.460124      
365             395.886000      13725.884119    375.431828      0.100133        36.560257      
366             395.886000      13765.525768    375.487696      0.100134        36.660391      
367             395.855000      13805.165896    375.543178      0.100138        36.760529      
368             395.823000      13844.801236    375.598270      0.100134        36.860663      
369             395.827000      13884.436581    375.653073      0.100133        36.960796      
370             395.798000      13924.069814    375.707502      0.100135        37.060931      
371             395.827000      13963.704763    375.761715      0.100132        37.161063      
372             395.865000      14003.343913    375.815739      0.100133        37.261196      
373             395.799000      14042.976454    375.869297      0.100133        37.361329      
374             395.902000      14082.619309    375.922843      0.100133        37.461462      
375             395.870000      14122.258564    375.976019      0.100132        37.561594      
376             395.837000      14161.895306    376.028824      0.100134        37.661728      
377             395.840000      14201.527995    376.081352      0.100123        37.761851      
378             371.424000      14238.719794    376.069035      0.100133        37.861984      
379             346.839000      14273.449824    375.991935      0.100133        37.962117      
380             314.879000      14304.979603    375.831161      0.100133        38.062250      
381             297.622000      14334.781982    375.625946      0.100135        38.162385      
382             260.648000      14360.894220    375.324902      0.100182        38.262567      
383             248.282000      14385.755193    374.993303      0.100132        38.362699      
384             223.588000      14408.153568    374.598966      0.100177        38.462876      
385             179.219000      14426.108982    374.091368      0.100187        38.563063      
386             174.230000      14443.552715    373.573823      0.100119        38.663182      
387             124.911000      14456.060553    372.931473      0.100134        38.763316      
388             124.574000      14468.534522    372.291572      0.100133        38.863449      
389             124.484000      14481.000100    371.654696      0.100138        38.963587      
390             124.381000      14493.455116    371.020835      0.100136        39.063723      
391             124.277000      14505.899718    370.389948      0.100136        39.163859      
392             124.212000      14518.337811    369.762114      0.100136        39.263995      
393             124.081000      14530.760800    369.137241      0.100120        39.364115      
394             124.115000      14543.188311    368.515568      0.100129        39.464244      
395             124.049000      14555.609338    367.896869      0.100130        39.564374      
396             124.016000      14568.027432    367.281193      0.100133        39.664507      
397             123.956000      14580.439642    366.668459      0.100134        39.764641      
