#timestep       power           acc-energy      avg-power       dt              acc-time       
1               74.497000       7.456330        74.497000       0.100089        0.100089       
2               75.094000       15.319498       74.802237       0.104711        0.204800       
3               74.768000       23.046771       74.790754       0.103350        0.308150       
4               74.768000       30.699724       74.785081       0.102356        0.410506       
5               74.768000       38.351481       74.781672       0.102340        0.512846       
6               188.412000      57.673132       93.717106       0.102550        0.615396       
7               189.558000      77.377497       107.566601      0.103949        0.719345       
8               189.883000      96.877911       117.850318      0.102697        0.822042       
9               190.629000      116.438162      125.926606      0.102609        0.924651       
10              190.358000      136.112232      132.404380      0.103353        1.028004       
11              186.862000      155.576900      137.414787      0.104166        1.132170       
12              186.862000      174.763329      141.526302      0.102677        1.234847       
13              187.133000      193.958122      145.024093      0.102573        1.337420       
14              187.133000      213.154413      148.023795      0.102581        1.440001       
15              187.133000      232.562350      150.651287      0.103712        1.543713       
16              185.932000      252.027199      152.891923      0.104688        1.648401       
17              186.073000      271.223979      154.846300      0.103168        1.751569       
18              186.073000      290.330699      156.575558      0.102684        1.854253       
19              186.073000      309.578834      158.134192      0.103444        1.957697       
20              186.073000      328.830319      159.536610      0.103462        2.061159       
21              185.932000      348.020361      160.795299      0.103210        2.164369       
22              186.073000      367.113869      161.939473      0.102613        2.266982       
23              186.073000      386.209053      162.984639      0.102622        2.369604       
24              186.265000      405.319097      163.950771      0.102596        2.472200       
25              186.265000      424.429699      164.839935      0.102599        2.574799       
26              186.536000      443.583775      165.671992      0.102683        2.677482       
27              186.265000      462.726788      166.433219      0.102773        2.780255       
28              186.265000      482.217558      167.152551      0.104640        2.884895       
29              186.536000      501.350369      167.818045      0.102569        2.987464       
30              186.536000      520.478890      168.439225      0.102546        3.090010       
31              186.536000      539.610208      169.020582      0.102561        3.192571       
32              186.265000      558.716154      169.557380      0.102574        3.295145       
33              186.536000      578.054528      170.075264      0.103671        3.398816       
34              186.265000      597.255283      170.551830      0.103083        3.501899       
35              186.265000      616.348749      170.998703      0.102507        3.604406       
36              185.932000      635.721004      171.418241      0.104190        3.708596       
37              186.265000      654.855822      171.818415      0.102729        3.811325       
38              186.536000      674.003742      172.204407      0.102650        3.913975       
39              186.536000      693.131143      172.570286      0.102540        4.016515       
40              186.536000      712.255560      172.917897      0.102524        4.119039       
41              186.536000      731.541890      173.251355      0.103392        4.222431       
42              186.265000      750.660875      173.560198      0.102644        4.325075       
43              186.536000      769.787903      173.860702      0.102538        4.427613       
44              186.536000      788.975183      174.148485      0.102861        4.530474       
45              186.536000      808.387238      174.426640      0.104066        4.634540       
46              186.536000      827.553812      174.689287      0.102750        4.737290       
47              186.536000      846.705090      174.940586      0.102668        4.839958       
48              186.536000      865.965305      175.182787      0.103252        4.943210       
49              186.536000      885.091401      175.413492      0.102533        5.045743       
50              186.536000      904.223279      175.635074      0.102564        5.148307       
51              186.536000      923.364671      175.848103      0.102615        5.250922       
52              186.265000      942.470990      176.047696      0.102576        5.353498       
53              186.536000      961.630475      176.245136      0.102712        5.456210       
54              186.536000      981.117705      176.438472      0.104469        5.560679       
55              186.536000      1000.315617     176.621962      0.102918        5.663597       
56              186.536000      1019.757704     176.801113      0.104227        5.767824       
57              185.932000      1038.847901     176.960809      0.102673        5.870497       
58              186.536000      1057.981085     177.125237      0.102571        5.973068       
59              186.536000      1077.269467     177.285379      0.103403        6.076471       
60              186.536000      1096.516624     177.439838      0.103182        6.179653       
61              186.862000      1115.712397     177.593905      0.102727        6.282380       
62              186.862000      1135.086436     177.744377      0.103681        6.386061       
63              186.536000      1154.309717     177.883998      0.103054        6.489115       
64              186.536000      1173.621416     178.019865      0.103528        6.592643       
65              186.862000      1192.988541     178.156722      0.103644        6.696287       
66              186.862000      1212.278492     178.288886      0.103231        6.799518       
67              186.862000      1231.674581     178.417793      0.103799        6.903317       
68              186.536000      1251.186993     178.538969      0.104604        7.007921       
69              186.862000      1270.596349     178.660530      0.103870        7.111791       
70              186.862000      1290.123241     178.779295      0.104499        7.216290       
71              186.862000      1309.413379     178.893291      0.103232        7.319522       
72              186.536000      1328.687211     178.999676      0.103325        7.422847       
73              186.536000      1348.093670     179.103843      0.104036        7.526883       
74              186.862000      1367.245530     179.208065      0.102492        7.629375       
75              186.862000      1386.431212     179.309701      0.102673        7.732048       
76              186.862000      1405.918490     179.410208      0.104287        7.836335       
77              185.932000      1424.995671     179.494495      0.102603        7.938938       
78              186.862000      1444.253295     179.588910      0.103058        8.041996       
79              186.862000      1463.430568     179.680556      0.102628        8.144624       
80              186.862000      1482.597004     179.769871      0.102570        8.247194       
81              186.862000      1502.005799     179.858080      0.103867        8.351061       
82              186.862000      1521.171300     179.943056      0.102565        8.453626       
83              186.862000      1540.347639     180.026042      0.102623        8.556249       
84              186.862000      1559.512766     180.107013      0.102563        8.658812       
85              186.862000      1578.946227     180.187183      0.103999        8.762811       
86              187.133000      1598.222798     180.267885      0.103010        8.865821       
87              187.133000      1617.416468     180.346398      0.102567        8.968388       
88              186.536000      1636.666237     180.416809      0.103196        9.071584       
89              186.862000      1655.833420     180.488871      0.102574        9.174158       
90              186.862000      1675.011067     180.559378      0.102630        9.276788       
91              186.862000      1694.179371     180.628308      0.102580        9.379368       
92              186.862000      1713.356831     180.695779      0.102629        9.481997       
93              186.536000      1732.564816     180.758521      0.102972        9.584969       
94              186.862000      1751.992111     180.824013      0.103966        9.688935       
95              187.133000      1771.225828     180.890237      0.102781        9.791716       
96              187.133000      1790.445697     180.955039      0.102707        9.894423       
97              187.133000      1809.641426     181.018430      0.102578        9.997001       
98              186.536000      1828.981478     181.075066      0.103680        10.100681      
99              186.862000      1848.256854     181.133567      0.103153        10.203834      
100             186.862000      1867.435249     181.190612      0.102634        10.306468      
101             186.862000      1886.605795     181.246510      0.102592        10.409060      
102             186.862000      1905.771296     181.301302      0.102565        10.511625      
103             186.862000      1925.349014     181.356179      0.104771        10.616396      
104             186.862000      1944.573751     181.409023      0.102882        10.719278      
105             186.862000      1963.802037     181.460872      0.102901        10.822179      
106             187.133000      1982.999076     181.514134      0.102585        10.924764      
107             187.133000      2002.225308     181.566484      0.102741        11.027505      
108             187.133000      2021.525083     181.618062      0.103134        11.130639      
109             186.862000      2040.699927     181.665965      0.102615        11.233254      
110             187.133000      2060.231185     181.716293      0.104371        11.337625      
111             187.133000      2079.770864     181.765724      0.104416        11.442041      
112             187.133000      2098.966032     181.813413      0.102575        11.544616      
113             187.133000      2118.420004     181.860887      0.103958        11.648574      
114             187.133000      2137.875661     181.907526      0.103967        11.752541      
115             187.133000      2157.499550     181.953740      0.104866        11.857407      
116             187.133000      2176.682180     181.998131      0.102508        11.959915      
117             187.133000      2195.858447     182.041754      0.102474        12.062389      
118             187.133000      2215.062409     182.084703      0.102622        12.165011      
119             187.133000      2234.367798     182.127154      0.103164        12.268175      
120             187.133000      2253.670193     182.168891      0.103148        12.371323      
121             187.133000      2272.862553     182.209706      0.102560        12.473883      
122             187.133000      2292.053043     182.249851      0.102550        12.576433      
123             187.133000      2311.262245     182.289385      0.102650        12.679083      
124             187.133000      2330.621902     182.328586      0.103454        12.782537      
125             187.133000      2349.944695     182.367085      0.103257        12.885794      
126             187.405000      2369.166076     182.406869      0.102566        12.988360      
127             187.405000      2388.380523     182.446014      0.102529        13.090889      
128             187.133000      2407.844788     182.482961      0.104013        13.194902      
129             187.133000      2427.039394     182.518830      0.102572        13.297474      
130             187.405000      2446.572992     182.556832      0.104232        13.401706      
131             187.405000      2465.885264     182.593827      0.103051        13.504757      
132             187.405000      2485.211218     182.630287      0.103124        13.607881      
133             187.405000      2504.529675     182.666185      0.103084        13.710965      
134             186.536000      2523.766759     182.695075      0.103128        13.814093      
135             187.133000      2542.986815     182.727828      0.102708        13.916801      
136             187.133000      2562.519009     182.760621      0.104376        14.021177      
137             187.133000      2581.718294     182.792382      0.102597        14.123774      
138             187.405000      2601.063175     182.825849      0.103225        14.226999      
139             187.405000      2620.449285     182.858904      0.103445        14.330444      
140             187.405000      2639.681723     182.891229      0.102625        14.433069      
141             187.405000      2658.920158     182.923107      0.102657        14.535726      
142             187.405000      2678.149036     182.954522      0.102606        14.638332      
143             187.405000      2697.407898     182.985548      0.102766        14.741098      
144             187.405000      2718.821918     183.019542      0.114266        14.855364      
145             187.405000      2738.046298     183.049618      0.102582        14.957946      
146             187.405000      2757.499124     183.079634      0.103801        15.061747      
147             187.405000      2776.717132     183.108884      0.102548        15.164295      
148             187.405000      2795.949570     183.137763      0.102625        15.266920      
149             187.405000      2815.508468     183.166736      0.104367        15.371287      
150             187.133000      2834.728524     183.193062      0.102708        15.473995      
151             187.405000      2854.326776     183.221336      0.104577        15.578572      
152             187.405000      2873.561089     183.248719      0.102635        15.681207      
153             187.405000      2893.012603     183.276048      0.103794        15.785001      
154             186.536000      2912.375413     183.297346      0.103802        15.888803      
155             187.405000      2931.582926     183.323672      0.102492        15.991295      
156             187.405000      2951.199357     183.350214      0.104674        16.095969      
157             187.405000      2970.421488     183.375889      0.102570        16.198539      
158             187.405000      2989.661048     183.401264      0.102663        16.301202      
159             187.405000      3008.881867     183.426297      0.102563        16.403765      
160             187.405000      3028.109807     183.451028      0.102601        16.506366      
161             187.405000      3047.336810     183.475452      0.102596        16.608962      
162             187.405000      3066.806691     183.499879      0.103892        16.712854      
163             187.405000      3086.063866     183.523743      0.102757        16.815611      
164             187.405000      3105.296304     183.547286      0.102625        16.918236      
165             187.405000      3124.714274     183.570769      0.103615        17.021851      
166             187.405000      3143.939028     183.593738      0.102584        17.124435      
167             187.405000      3163.170529     183.616441      0.102620        17.227055      
168             187.405000      3182.394909     183.638867      0.102582        17.329637      
169             187.405000      3201.615540     183.661025      0.102562        17.432199      
170             187.133000      3220.813515     183.681339      0.102590        17.534789      
171             187.405000      3240.058322     183.703019      0.102691        17.637480      
172             187.405000      3259.297694     183.724442      0.102662        17.740142      
173             187.738000      3278.575570     183.747540      0.102685        17.842827      
174             187.405000      3297.803136     183.768451      0.102599        17.945426      
175             187.133000      3317.495329     183.788065      0.105231        18.050657      
176             187.405000      3336.714836     183.808499      0.102556        18.153213      
177             187.405000      3356.014178     183.828787      0.102982        18.256195      
178             187.405000      3375.264044     183.848796      0.102718        18.358913      
179             187.405000      3394.483926     183.868551      0.102558        18.461471      
180             187.738000      3413.750539     183.889942      0.102625        18.564096      
181             187.405000      3432.971920     183.909256      0.102566        18.666662      
182             187.405000      3452.436178     183.928599      0.103862        18.770524      
183             187.738000      3472.076389     183.949712      0.104615        18.875139      
184             187.405000      3491.297208     183.968386      0.102563        18.977702      
185             187.738000      3510.858193     183.988969      0.104193        19.081895      
186             187.405000      3530.080324     184.007233      0.102570        19.184465      
187             187.738000      3549.342055     184.027079      0.102599        19.287064      
188             187.738000      3568.624813     184.046737      0.102711        19.389775      
189             187.738000      3587.881663     184.066161      0.102573        19.492348      
190             187.738000      3607.343898     184.085586      0.103667        19.596015      
191             187.133000      3626.552726     184.101465      0.102648        19.698663      
192             187.738000      3645.882606     184.120374      0.102962        19.801625      
193             187.738000      3665.401726     184.139270      0.103970        19.905595      
194             187.738000      3684.652944     184.157713      0.102543        20.008138      
195             187.738000      3703.907729     184.175972      0.102562        20.110700      
196             187.405000      3723.292714     184.192496      0.103439        20.214139      
197             187.405000      3742.616981     184.208800      0.103115        20.317254      
198             187.405000      3761.825619     184.224844      0.102498        20.419752      
199             187.738000      3781.070266     184.242392      0.102508        20.522260      
200             187.738000      3800.309656     184.259761      0.102480        20.624740      
201             187.405000      3819.726126     184.275482      0.103607        20.728347      
202             187.738000      3838.999309     184.292546      0.102660        20.831007      
203             187.738000      3858.254657     184.309427      0.102565        20.933572      
204             187.738000      3877.613261     184.326233      0.103115        21.036687      
205             187.738000      3896.870674     184.342788      0.102576        21.139263      
206             187.405000      3916.102550     184.357582      0.102622        21.241885      
207             187.738000      3935.626175     184.374051      0.103994        21.345879      
208             187.738000      3954.880584     184.390136      0.102560        21.448439      
209             187.738000      3974.240315     184.406155      0.103121        21.551560      
210             187.738000      3993.606991     184.422027      0.103158        21.654718      
211             187.405000      4012.845052     184.436101      0.102655        21.757373      
212             187.738000      4032.120863     184.451610      0.102674        21.860047      
213             187.738000      4051.372644     184.466955      0.102546        21.962593      
214             187.738000      4070.636628     184.482166      0.102611        22.065204      
215             187.738000      4089.887470     184.497226      0.102541        22.167745      
216             187.738000      4109.275737     184.512254      0.103273        22.271018      
217             187.738000      4128.531460     184.527042      0.102567        22.373585      
218             187.738000      4147.869413     184.541757      0.103005        22.476590      
219             187.738000      4167.344790     184.556441      0.103737        22.580327      
220             187.738000      4186.614969     184.570838      0.102644        22.682971      
221             187.738000      4205.891907     184.585110      0.102680        22.785651      
222             187.738000      4225.424356     184.599441      0.104041        22.889692      
223             187.738000      4244.681769     184.613443      0.102576        22.992268      
224             187.738000      4263.926791     184.627312      0.102510        23.094778      
225             187.738000      4283.183454     184.641067      0.102572        23.197350      
226             188.009000      4302.525632     184.655938      0.102879        23.300229      
227             187.738000      4321.786236     184.669449      0.102593        23.402822      
228             187.738000      4341.212426     184.682956      0.103475        23.506297      
229             187.738000      4360.466272     184.696228      0.102557        23.608854      
230             187.738000      4379.739455     184.709397      0.102660        23.711514      
231             187.738000      4399.019960     184.722458      0.102699        23.814213      
232             187.133000      4418.302705     184.732843      0.103043        23.917256      
233             187.738000      4437.669570     184.745749      0.103159        24.020415      
234             187.738000      4457.108901     184.758593      0.103545        24.123960      
235             188.009000      4476.476648     184.772414      0.103015        24.226975      
236             188.009000      4496.087491     184.786289      0.104308        24.331283      
237             188.009000      4515.368190     184.799815      0.102552        24.433835      
238             187.738000      4534.634990     184.812104      0.102626        24.536461      
239             188.009000      4553.912493     184.825408      0.102535        24.638996      
240             187.738000      4573.282361     184.837554      0.103175        24.742171      
241             188.009000      4592.575092     184.850653      0.102616        24.844787      
242             187.738000      4611.821992     184.862518      0.102520        24.947307      
243             188.009000      4631.094231     184.875394      0.102507        25.049814      
244             188.009000      4650.612197     184.888327      0.103814        25.153628      
245             188.009000      4670.076581     184.901119      0.103529        25.257157      
246             188.009000      4689.363484     184.913691      0.102585        25.359742      
247             187.405000      4708.585615     184.923726      0.102570        25.462312      
248             188.009000      4728.081584     184.936240      0.103697        25.566009      
249             188.009000      4747.391236     184.948535      0.102706        25.668715      
250             188.009000      4766.694497     184.960728      0.102672        25.771387      
251             188.009000      4785.997757     184.972824      0.102672        25.874059      
252             186.862000      4805.160642     184.980282      0.102551        25.976610      
253             188.009000      4824.453561     184.992199      0.102617        26.079227      
254             188.009000      4843.951222     185.004148      0.103706        26.182933      
255             188.009000      4863.248278     185.015882      0.102639        26.285572      
256             188.009000      4882.532549     185.027516      0.102571        26.388143      
257             188.009000      4901.818325     185.039061      0.102579        26.490722      
258             188.009000      4921.101656     185.050516      0.102566        26.593288      
259             188.009000      4940.438757     185.061914      0.102852        26.696140      
260             188.009000      4959.822861     185.073252      0.103102        26.799242      
261             188.009000      4979.265812     185.084537      0.103415        26.902657      
262             188.009000      4999.145132     185.095986      0.105736        27.008393      
263             187.738000      5018.401043     185.105981      0.102568        27.110961      
264             187.738000      5037.666904     185.115907      0.102621        27.213582      
265             188.009000      5056.951551     185.126770      0.102573        27.316155      
266             187.738000      5076.205585     185.136537      0.102558        27.418713      
267             188.281000      5098.030930     185.149775      0.115919        27.534632      
268             190.079000      5117.553374     185.168094      0.102707        27.637339      
269             190.358000      5137.117798     185.187322      0.102777        27.740116      
270             190.358000      5156.666423     185.206393      0.102694        27.842810      
271             190.358000      5176.196582     185.225307      0.102597        27.945407      
272             190.358000      5195.735879     185.244090      0.102645        28.048052      
273             190.358000      5215.263755     185.262726      0.102585        28.150637      
274             190.358000      5234.800387     185.281235      0.102631        28.253268      
275             190.358000      5254.835757     185.300077      0.105251        28.358519      
276             190.358000      5274.358873     185.318303      0.102560        28.461079      
277             190.629000      5293.987751     185.337448      0.102969        28.564048      
278             190.358000      5313.633838     185.355522      0.103206        28.667254      
279             190.358000      5333.258987     185.373448      0.103096        28.770350      
280             190.358000      5352.790479     185.391162      0.102604        28.872954      
281             190.358000      5372.302935     185.408732      0.102504        28.975458      
282             190.358000      5391.827194     185.426190      0.102566        29.078024      
283             190.358000      5411.352595     185.443525      0.102572        29.180596      
284             190.629000      5431.118916     185.461886      0.103690        29.284286      
285             190.629000      5450.674782     185.479924      0.102586        29.386872      
286             190.358000      5470.227024     185.496914      0.102713        29.489585      
287             190.629000      5489.782318     185.514705      0.102583        29.592168      
288             190.079000      5509.299630     185.530488      0.102680        29.694848      
289             190.358000      5529.113804     185.547350      0.104089        29.798937      
290             190.629000      5548.684730     185.564798      0.102665        29.901602      
291             190.629000      5568.239834     185.582112      0.102582        30.004184      
292             190.629000      5587.807329     185.599319      0.102647        30.106831      
293             190.629000      5607.485770     185.616506      0.103229        30.210060      
294             190.358000      5627.084649     185.632610      0.102958        30.313018      
295             190.358000      5646.784608     185.648688      0.103489        30.416507      
296             190.358000      5666.312674     185.664517      0.102586        30.519093      
297             190.629000      5685.860344     185.681142      0.102543        30.621636      
298             190.629000      5705.674894     185.697880      0.103943        30.725579      
299             190.358000      5725.218379     185.713400      0.102667        30.828246      
300             190.629000      5744.793499     185.729719      0.102687        30.930933      
301             190.629000      5764.631687     185.746147      0.104067        31.035000      
302             190.629000      5784.321184     185.762344      0.103287        31.138287      
303             190.629000      5803.952159     185.778386      0.102980        31.241267      
304             190.358000      5823.896537     185.793693      0.104773        31.346040      
305             190.629000      5843.495677     185.809501      0.102813        31.448853      
306             190.629000      5863.055737     185.825174      0.102608        31.551461      
307             190.629000      5882.617132     185.840747      0.102615        31.654076      
308             190.629000      5902.209218     185.856244      0.102776        31.756852      
309             189.753000      5921.852069     185.868905      0.103518        31.860370      
310             190.629000      5941.403170     185.884178      0.102561        31.962931      
311             190.629000      5960.967424     185.899365      0.102630        32.065561      
312             190.629000      5980.513950     185.914441      0.102537        32.168098      
313             190.629000      6000.165894     185.929501      0.103090        32.271188      
314             190.629000      6019.719473     185.944391      0.102574        32.373762      
315             190.629000      6039.274005     185.959188      0.102579        32.476341      
316             190.629000      6058.838641     185.973899      0.102632        32.578973      
317             190.629000      6078.421005     185.988531      0.102725        32.681698      
318             190.629000      6098.002987     186.003071      0.102723        32.784421      
319             190.955000      6117.717754     186.018616      0.103243        32.887664      
320             190.629000      6137.267712     186.032948      0.102555        32.990219      
321             190.629000      6156.904405     186.047255      0.103010        33.093229      
322             190.629000      6176.440637     186.061400      0.102483        33.195712      
323             190.629000      6195.979918     186.075460      0.102499        33.298211      
324             190.358000      6215.714332     186.088751      0.103670        33.401881      
325             190.629000      6235.254377     186.102642      0.102503        33.504384      
326             190.955000      6254.845978     186.117456      0.102598        33.606982      
327             190.955000      6274.433378     186.132176      0.102576        33.709558      
328             190.629000      6294.303401     186.146038      0.104234        33.813792      
329             189.753000      6313.964279     186.157056      0.103613        33.917405      
330             190.955000      6333.642764     186.171590      0.103053        34.020458      
331             190.955000      6353.664778     186.186287      0.104852        34.125310      
332             190.955000      6373.441414     186.200716      0.103567        34.228877      
333             190.629000      6393.071054     186.213998      0.102973        34.331850      
334             190.955000      6412.656736     186.228120      0.102567        34.434417      
335             190.629000      6432.409141     186.241323      0.103617        34.538034      
336             190.629000      6451.960242     186.254314      0.102561        34.640595      
337             190.629000      6471.607420     186.267291      0.103065        34.743660      
338             190.955000      6491.212770     186.281102      0.102670        34.846330      
339             190.955000      6510.803607     186.294823      0.102594        34.948924      
340             190.629000      6530.561540     186.307639      0.103646        35.052570      
341             190.629000      6550.131895     186.320258      0.102662        35.155232      
342             190.955000      6569.840933     186.333825      0.103213        35.258445      
343             190.629000      6589.399468     186.346288      0.102600        35.361045      
344             190.955000      6609.024105     186.359643      0.102771        35.463816      
345             190.358000      6628.550457     186.371175      0.102577        35.566393      
346             190.629000      6648.129771     186.383435      0.102709        35.669102      
347             190.629000      6667.711945     186.395627      0.102724        35.771826      
348             190.629000      6687.285349     186.407744      0.102678        35.874504      
349             190.629000      6706.882963     186.419806      0.102805        35.977309      
350             190.955000      6726.492323     186.432714      0.102691        36.080000      
351             190.629000      6746.176293     186.444689      0.103258        36.183258      
352             190.629000      6765.885806     186.456612      0.103392        36.286650      
353             190.955000      6785.679056     186.469425      0.103654        36.390304      
354             190.955000      6805.434687     186.482141      0.103457        36.493761      
355             190.955000      6825.032972     186.494685      0.102633        36.596394      
356             190.955000      6844.725779     186.507219      0.103128        36.699522      
357             190.955000      6864.468807     186.519714      0.103391        36.802913      
358             190.955000      6884.434107     186.532279      0.104555        36.907468      
359             190.955000      6904.169307     186.544629      0.103350        37.010818      
360             190.629000      6923.956597     186.556052      0.103800        37.114618      
361             190.629000      6944.007718     186.567562      0.105184        37.219802      
362             190.629000      6963.684062     186.578794      0.103218        37.323020      
363             190.629000      6983.368031     186.589968      0.103258        37.426278      
364             190.955000      7002.949702     186.601896      0.102546        37.528824      
365             190.079000      7022.429569     186.611365      0.102483        37.631307      
366             190.629000      7042.021083     186.622308      0.102773        37.734080      
367             190.629000      7061.579809     186.633172      0.102601        37.836681      
368             190.629000      7081.261681     186.644046      0.103247        37.939928      
369             190.955000      7100.844307     186.655667      0.102551        38.042479      
370             190.955000      7120.578170     186.667315      0.103343        38.145822      
371             190.629000      7140.337056     186.678051      0.103651        38.249473      
372             190.955000      7159.924266     186.689490      0.102575        38.352048      
373             190.955000      7179.510711     186.700867      0.102571        38.454619      
374             190.955000      7199.106131     186.712189      0.102618        38.557237      
375             190.955000      7218.691431     186.723445      0.102565        38.659802      
376             190.629000      7238.273604     186.733796      0.102724        38.762526      
377             190.955000      7258.064753     186.745052      0.103643        38.866169      
378             190.955000      7277.689771     186.756155      0.102773        38.968942      
379             190.629000      7297.247163     186.766324      0.102594        39.071536      
380             190.955000      7316.829216     186.777289      0.102548        39.174084      
381             190.629000      7336.391374     186.787353      0.102619        39.276703      
382             190.955000      7356.087045     186.798268      0.103143        39.379846      
383             190.955000      7375.674254     186.809068      0.102575        39.482421      
384             190.629000      7395.226499     186.818965      0.102567        39.584988      
385             190.955000      7414.826120     186.829662      0.102640        39.687628      
386             190.079000      7434.678541     186.838190      0.104443        39.792071      
387             190.955000      7454.283509     186.848785      0.102668        39.894739      
388             190.955000      7473.869191     186.859315      0.102567        39.997306      
389             190.955000      7493.464611     186.869796      0.102618        40.099924      
390             190.955000      7513.048956     186.880218      0.102560        40.202484      
391             190.955000      7532.788356     186.890668      0.103372        40.305856      
392             190.955000      7552.554299     186.901079      0.103511        40.409367      
393             190.955000      7572.143990     186.911345      0.102588        40.511955      
394             190.955000      7591.747240     186.921566      0.102659        40.614614      
395             190.955000      7611.774027     186.931954      0.104877        40.719491      
396             190.955000      7631.374794     186.942070      0.102646        40.822137      
397             190.955000      7651.114194     186.952206      0.103372        40.925509      
398             190.955000      7670.704650     186.962215      0.102592        41.028101      
399             191.226000      7690.316597     186.972847      0.102559        41.130660      
400             190.955000      7709.898841     186.982751      0.102549        41.233209      
401             190.955000      7729.759498     186.992745      0.104007        41.337216      
402             190.955000      7749.442949     187.002601      0.103079        41.440295      
403             190.955000      7769.144922     187.012417      0.103176        41.543471      
404             190.955000      7788.892533     187.022207      0.103415        41.646886      
405             191.226000      7808.766842     187.032672      0.103931        41.750817      
406             190.629000      7828.327856     187.041489      0.102613        41.853430      
407             190.955000      7848.194623     187.051193      0.104039        41.957469      
408             190.955000      7867.764455     187.060705      0.102484        42.059953      
409             190.955000      7887.344408     187.070176      0.102537        42.162490      
410             190.955000      7907.011819     187.079642      0.102995        42.265485      
411             190.955000      7926.696415     187.089071      0.103085        42.368570      
412             190.955000      7946.288589     187.098411      0.102601        42.471171      
413             190.955000      7965.881145     187.107705      0.102603        42.573774      
414             190.955000      7985.482484     187.116959      0.102649        42.676423      
415             190.955000      8005.099482     187.126176      0.102731        42.779154      
416             190.955000      8024.700631     187.135341      0.102648        42.881802      
417             190.955000      8044.285358     187.144455      0.102562        42.984364      
418             190.955000      8063.871421     187.153526      0.102569        43.086933      
419             190.955000      8083.455575     187.162553      0.102559        43.189492      
420             190.955000      8103.093578     187.171562      0.102841        43.292333      
421             191.226000      8122.854491     187.181217      0.103338        43.395671      
422             190.629000      8142.409595     187.189347      0.102582        43.498253      
423             190.955000      8162.350835     187.198366      0.104429        43.602682      
424             190.955000      8182.020154     187.207220      0.103005        43.705687      
425             190.955000      8201.643645     187.216011      0.102765        43.808452      
426             191.226000      8221.270508     187.225384      0.102637        43.911089      
427             190.955000      8240.860772     187.234078      0.102591        44.013680      
428             190.955000      8260.572675     187.242784      0.103228        44.116908      
429             190.955000      8280.484508     187.251538      0.104275        44.221183      
430             190.955000      8300.191446     187.260160      0.103202        44.324385      
431             190.955000      8319.776745     187.268690      0.102565        44.426950      
432             190.955000      8339.358607     187.277180      0.102547        44.529497      
433             190.955000      8359.058671     187.285681      0.103166        44.632663      
434             190.955000      8378.735247     187.294133      0.103043        44.735706      
435             190.955000      8398.403230     187.302542      0.102998        44.838704      
436             190.955000      8418.022329     187.310892      0.102742        44.941446      
437             190.955000      8437.702342     187.319229      0.103061        45.044507      
438             190.955000      8457.545813     187.327598      0.103917        45.148424      
439             190.955000      8477.194700     187.335846      0.102898        45.251322      
440             190.955000      8496.788593     187.344034      0.102610        45.353932      
441             190.955000      8516.407692     187.352196      0.102742        45.456674      
442             190.955000      8535.995855     187.360308      0.102580        45.559254      
443             190.629000      8555.549816     187.367651      0.102576        45.661830      
444             191.226000      8575.351650     187.376381      0.103552        45.765382      
445             191.226000      8594.990178     187.385000      0.102698        45.868080      
446             191.226000      8615.015174     187.393749      0.104719        45.972799      
447             191.226000      8634.810316     187.402359      0.103517        46.076316      
448             190.955000      8654.381293     187.410244      0.102490        46.178806      
449             190.955000      8673.989890     187.418109      0.102687        46.281493      
450             190.955000      8693.565641     187.425926      0.102515        46.384008      
451             191.226000      8713.183326     187.434312      0.102589        46.486597      
452             191.226000      8732.807894     187.442664      0.102625        46.589222      
453             190.955000      8752.416490     187.450389      0.102687        46.691909      
454             190.955000      8772.180714     187.458140      0.103502        46.795411      
455             190.955000      8791.862446     187.465825      0.103070        46.898481      
456             190.955000      8811.469515     187.473448      0.102679        47.001160      
457             191.226000      8831.148965     187.481646      0.102912        47.104072      
458             190.955000      8850.730827     187.489191      0.102547        47.206619      
459             191.226000      8870.375474     187.497306      0.102730        47.309349      
460             191.226000      8890.157613     187.505441      0.103449        47.412798      
461             190.955000      8909.752651     187.512891      0.102616        47.515414      
462             191.226000      8929.384677     187.520897      0.102664        47.618078      
463             190.629000      8948.972760     187.527589      0.102755        47.720833      
464             191.226000      8968.960466     187.535672      0.104524        47.825357      
465             191.226000      8988.587903     187.543575      0.102640        47.927997      
466             191.226000      9008.230255     187.551450      0.102718        48.030715      
467             191.226000      9027.852720     187.559284      0.102614        48.133329      
468             191.226000      9047.469830     187.567082      0.102586        48.235915      
469             190.955000      9067.180205     187.574316      0.103220        48.339135      
470             191.226000      9086.791961     187.582048      0.102558        48.441693      
471             191.226000      9106.413088     187.589750      0.102607        48.544300      
472             191.226000      9126.032302     187.597419      0.102597        48.646897      
473             191.226000      9145.842933     187.605130      0.103598        48.750495      
474             190.955000      9165.448283     187.612170      0.102670        48.853165      
475             191.226000      9185.060612     187.619741      0.102561        48.955726      
476             191.226000      9204.728780     187.627301      0.102853        49.058579      
477             191.226000      9224.437488     187.634846      0.103065        49.161644      
478             191.226000      9244.185779     187.642374      0.103272        49.264916      
479             190.955000      9263.785401     187.649261      0.102640        49.367556      
480             191.226000      9283.405571     187.656679      0.102602        49.470158      
481             191.226000      9303.025358     187.664067      0.102600        49.572758      
482             191.226000      9322.827384     187.671492      0.103553        49.676311      
483             191.226000      9342.472222     187.678827      0.102731        49.779042      
484             190.629000      9362.039908     187.684898      0.102648        49.881690      
485             191.226000      9381.670213     187.692171      0.102655        49.984345      
486             191.226000      9401.293634     187.699411      0.102619        50.086964      
487             191.226000      9420.899844     187.706615      0.102529        50.189493      
488             191.226000      9440.530532     187.713799      0.102657        50.292150      
489             191.226000      9460.350724     187.721022      0.103648        50.395798      
490             191.226000      9479.963437     187.728141      0.102563        50.498361      
491             191.226000      9499.814990     187.735317      0.103812        50.602173      
492             191.226000      9519.419480     187.742375      0.102520        50.704693      
493             191.226000      9539.050167     187.749414      0.102657        50.807350      
494             190.955000      9558.640050     187.755873      0.102589        50.909939      
495             191.226000      9578.366350     187.762890      0.103157        51.013096      
496             191.226000      9598.103168     187.769883      0.103212        51.116308      
497             191.226000      9617.697523     187.776797      0.102467        51.218775      
498             191.226000      9637.339301     187.783700      0.102715        51.321490      
499             190.955000      9656.915626     187.790023      0.102518        51.424008      
500             191.226000      9676.807337     187.796959      0.104022        51.528030      
501             191.226000      9696.752209     187.803886      0.104300        51.632330      
502             191.226000      9716.398385     187.810682      0.102738        51.735068      
503             191.226000      9736.028499     187.817445      0.102654        51.837722      
504             191.560000      9755.691367     187.824841      0.102646        51.940368      
505             191.226000      9775.322819     187.831550      0.102661        52.043029      
506             191.226000      9795.040515     187.838262      0.103112        52.146141      
507             191.226000      9814.930696     187.845006      0.104014        52.250155      
508             191.226000      9834.689122     187.851679      0.103325        52.353480      
509             191.226000      9854.303173     187.858277      0.102570        52.456050      
510             190.955000      9873.899548     187.864324      0.102623        52.558673      
511             191.226000      9893.515702     187.870872      0.102581        52.661254      
512             191.226000      9913.161497     187.877405      0.102736        52.763990      
513             191.226000      9932.805570     187.883911      0.102727        52.866717      
514             191.226000      9952.416752     187.890382      0.102555        52.969272      
515             190.955000      9972.012173     187.896308      0.102618        53.071890      
516             191.226000      9991.622208     187.902729      0.102549        53.174439      
517             191.226000      10011.642614    187.909259      0.104695        53.279134      
518             191.226000      10031.406395    187.915681      0.103353        53.382487      
519             191.226000      10051.095980    187.922054      0.102965        53.485452      
520             190.629000      10070.904620    187.927303      0.103912        53.589364      
521             191.226000      10090.518097    187.933604      0.102567        53.691931      
522             191.226000      10110.275759    187.939927      0.103321        53.795252      
523             191.226000      10130.119855    187.946254      0.103773        53.899025      
524             191.226000      10150.082510    187.952594      0.104393        54.003418      
525             191.226000      10169.706696    187.958803      0.102623        54.106041      
526             191.226000      10189.423244    187.965017      0.103106        54.209147      
527             191.226000      10209.178420    187.971220      0.103308        54.312455      
528             191.226000      10228.868961    187.977379      0.102970        54.415425      
529             191.226000      10248.479570    187.983490      0.102552        54.517977      
530             191.226000      10268.103182    187.989582      0.102620        54.620597      
531             191.226000      10287.759111    187.995661      0.102789        54.723386      
532             191.226000      10307.391902    188.001710      0.102668        54.826054      
533             191.226000      10327.362398    188.007840      0.104434        54.930488      
534             191.226000      10346.981039    188.013839      0.102594        55.033082      
535             190.955000      10366.567293    188.019311      0.102570        55.135652      
536             191.226000      10386.179049    188.025265      0.102558        55.238210      
537             191.226000      10405.795777    188.031198      0.102584        55.340794      
538             191.226000      10425.410593    188.037108      0.102574        55.443368      
539             191.226000      10445.023305    188.042996      0.102563        55.545931      
540             190.955000      10464.607077    188.048363      0.102557        55.648488      
541             191.226000      10484.406999    188.054265      0.103542        55.752030      
542             191.226000      10504.082816    188.060107      0.102893        55.854923      
543             191.226000      10523.710635    188.065915      0.102642        55.957565      
544             191.226000      10543.345147    188.071702      0.102677        56.060242      
545             191.226000      10562.969716    188.077466      0.102625        56.162867      
546             191.226000      10582.596961    188.083210      0.102639        56.265506      
547             191.226000      10602.211777    188.088929      0.102574        56.368080      
548             191.226000      10621.824106    188.094626      0.102561        56.470641      
549             191.226000      10641.445615    188.100306      0.102609        56.573250      
550             191.560000      10661.185490    188.106596      0.103048        56.676298      
551             191.226000      10680.832432    188.112241      0.102742        56.779040      
552             191.226000      10700.561027    188.117888      0.103169        56.882209      
553             191.226000      10720.189611    188.123487      0.102646        56.984855      
554             191.226000      10739.807295    188.129062      0.102589        57.087444      
555             191.226000      10759.416565    188.134615      0.102545        57.189989      
556             190.955000      10779.156538    188.139704      0.103375        57.293364      
557             191.226000      10798.769250    188.145219      0.102563        57.395927      
558             191.560000      10818.428287    188.151314      0.102626        57.498553      
559             191.226000      10838.362450    188.156878      0.104244        57.602797      
560             191.560000      10858.559004    188.163095      0.105432        57.708229      
561             191.560000      10878.239495    188.169132      0.102738        57.810967      
562             191.226000      10897.937686    188.174569      0.103010        57.913977      
563             191.560000      10917.606300    188.180561      0.102676        58.016653      
564             191.560000      10937.271658    188.186530      0.102659        58.119312      
565             191.560000      10957.079728    188.192521      0.103404        58.222716      
566             191.560000      10976.893354    188.198493      0.103433        58.326149      
567             191.226000      10996.542017    188.203817      0.102751        58.428900      
568             191.226000      11016.558598    188.209222      0.104675        58.533575      
569             191.560000      11036.218593    188.215087      0.102631        58.636206      
570             191.560000      11055.894678    188.220936      0.102715        58.738921      
571             191.560000      11075.561952    188.226762      0.102669        58.841590      
572             191.226000      11095.288635    188.232011      0.103159        58.944749      
573             191.560000      11114.938093    188.237792      0.102576        59.047325      
574             191.560000      11134.585828    188.243553      0.102567        59.149892      
575             191.560000      11154.228390    188.249292      0.102540        59.252432      
576             190.955000      11173.816363    188.253968      0.102579        59.355011      
577             191.226000      11193.782652    188.259187      0.104412        59.459423      
578             191.226000      11213.396512    188.264296      0.102569        59.561992      
579             191.560000      11233.038116    188.269960      0.102535        59.664527      
580             191.560000      11252.715160    188.275615      0.102720        59.767247      
581             191.560000      11272.377836    188.281246      0.102645        59.869892      
582             191.226000      11292.003169    188.286285      0.102629        59.972521      
583             191.226000      11311.825082    188.291357      0.103657        60.076178      
584             191.226000      11331.446591    188.296361      0.102609        60.178787      
585             191.226000      11351.087031    188.301352      0.102708        60.281495      
586             191.226000      11370.967460    188.306388      0.103963        60.385458      
587             191.226000      11390.579407    188.311338      0.102559        60.488017      
588             191.226000      11410.202254    188.316274      0.102616        60.590633      
589             191.226000      11429.817070    188.321192      0.102574        60.693207      
590             191.226000      11449.464968    188.326101      0.102747        60.795954      
591             191.560000      11469.231853    188.331581      0.103189        60.899143      
592             191.226000      11489.076904    188.336504      0.103778        61.002921      
593             191.226000      11508.691146    188.341355      0.102571        61.105492      
594             191.226000      11528.945804    188.346346      0.105920        61.211412      
595             191.226000      11548.570946    188.351166      0.102628        61.314040      
596             191.226000      11568.183850    188.355967      0.102564        61.416604      
597             190.955000      11587.777933    188.360302      0.102611        61.519215      
598             191.226000      11607.620499    188.365128      0.103765        61.622980      
599             191.226000      11627.275855    188.369892      0.102786        61.725766      
600             191.226000      11646.910558    188.374635      0.102678        61.828444      
601             191.560000      11666.582621    188.379917      0.102694        61.931138      
602             191.226000      11686.215220    188.384627      0.102667        62.033805      
603             191.226000      11705.947258    188.389346      0.103187        62.136992      
604             191.560000      11725.632538    188.394581      0.102763        62.239755      
605             191.560000      11745.510911    188.399849      0.103771        62.343526      
606             191.226000      11765.128595    188.404492      0.102589        62.446115      
607             191.560000      11784.793953    188.409671      0.102659        62.548774      
608             191.226000      11804.412019    188.414283      0.102591        62.651365      
609             191.560000      11824.101131    188.419435      0.102783        62.754148      
610             191.560000      11843.770895    188.424566      0.102682        62.856830      
611             191.560000      11863.426483    188.429676      0.102608        62.959438      
612             191.226000      11883.287789    188.434281      0.103863        63.063301      
613             191.226000      11902.898016    188.438813      0.102550        63.165851      
614             191.560000      11922.540578    188.443872      0.102540        63.268391      
615             191.560000      11942.194442    188.448917      0.102599        63.370990      
616             191.560000      11961.869187    188.453951      0.102708        63.473698      
617             191.560000      11981.559639    188.458973      0.102790        63.576488      
618             191.226000      12001.239089    188.463445      0.102912        63.679400      
619             191.226000      12021.420890    188.468016      0.105539        63.784939      
620             191.560000      12041.350793    188.473051      0.104040        63.888979      
621             191.560000      12061.022089    188.478005      0.102690        63.991669      
622             191.560000      12080.685340    188.482941      0.102648        64.094317      
623             191.226000      12100.320426    188.487328      0.102680        64.196997      
624             191.226000      12120.065084    188.491726      0.103253        64.300250      
625             191.560000      12139.719714    188.496614      0.102603        64.402853      
626             191.560000      12159.370131    188.501485      0.102581        64.505434      
627             191.560000      12179.036447    188.506346      0.102664        64.608098      
628             191.226000      12199.230868    188.510784      0.105605        64.713703      
629             191.560000      12218.909253    188.515616      0.102727        64.816430      
630             191.560000      12238.556412    188.520426      0.102564        64.918994      
631             191.560000      12258.217939    188.525224      0.102639        65.021633      
632             191.560000      12277.902836    188.530013      0.102761        65.124394      
633             191.226000      12297.530273    188.534255      0.102640        65.227034      
634             191.560000      12317.192949    188.539009      0.102645        65.329679      
635             191.560000      12336.847388    188.543746      0.102602        65.432281      
636             191.560000      12356.497613    188.548468      0.102580        65.534861      
637             191.560000      12376.526361    188.553265      0.104556        65.639417      
638             191.560000      12396.784405    188.558101      0.105753        65.745170      
639             191.226000      12416.417387    188.562261      0.102669        65.847839      
640             191.560000      12436.077382    188.566926      0.102631        65.950470      
641             191.226000      12455.918418    188.571103      0.103757        66.054227      
642             191.226000      12475.655045    188.575244      0.103211        66.157438      
643             191.560000      12495.306802    188.579866      0.102588        66.260026      
644             191.226000      12515.282652    188.584031      0.104462        66.364488      
645             191.560000      12535.088807    188.588660      0.103394        66.467882      
646             191.560000      12554.808951    188.593255      0.102945        66.570827      
647             191.560000      12574.588862    188.597850      0.103257        66.674084      
648             191.560000      12594.449420    188.602449      0.103678        66.777762      
649             191.226000      12614.373448    188.606536      0.104191        66.881953      
650             191.560000      12634.774971    188.611231      0.106502        66.988455      
651             191.560000      12654.423280    188.615739      0.102570        67.091025      
652             191.560000      12674.383066    188.620305      0.104196        67.195221      
653             191.831000      12694.062816    188.625199      0.102589        67.297810      
654             190.955000      12713.773000    188.628767      0.103219        67.401029      
655             191.362000      12733.398896    188.632920      0.102559        67.503588      
656             191.560000      12753.060997    188.637364      0.102642        67.606230      
657             191.362000      12772.689380    188.641491      0.102572        67.708802      
658             191.362000      12792.337857    188.645611      0.102677        67.811479      
659             191.560000      12812.022945    188.650020      0.102762        67.914241      
660             191.560000      12831.690794    188.654413      0.102672        68.016913      
661             191.560000      12851.346765    188.658790      0.102610        68.119523      
662             191.560000      12871.152728    188.663187      0.103393        68.222916      
663             191.560000      12890.943941    188.667567      0.103316        68.326232      
664             191.226000      12910.592221    188.671408      0.102749        68.428981      
665             191.560000      12930.243596    188.675732      0.102586        68.531567      
666             191.560000      12949.901674    188.680045      0.102621        68.634188      
667             191.560000      12969.578143    188.684349      0.102717        68.736905      
668             191.560000      12989.398473    188.688671      0.103468        68.840373      
669             191.226000      13009.118845    188.692466      0.103126        68.943499      
670             191.560000      13028.986682    188.696773      0.103716        69.047215      
671             191.560000      13048.631544    188.701020      0.102552        69.149767      
672             191.560000      13068.273531    188.705253      0.102537        69.252304      
673             191.560000      13087.927013    188.709476      0.102597        69.354901      
674             190.955000      13107.618292    188.712810      0.103120        69.458021      
675             191.560000      13127.374450    188.717031      0.103133        69.561154      
676             191.560000      13147.365843    188.721290      0.104361        69.665515      
677             191.560000      13167.044610    188.725470      0.102729        69.768244      
678             191.560000      13186.715715    188.729635      0.102689        69.870933      
679             191.560000      13206.378966    188.733787      0.102648        69.973581      
680             191.560000      13226.284923    188.737978      0.103915        70.077496      
681             191.560000      13246.020967    188.742121      0.103028        70.180524      
682             191.560000      13265.696669    188.746239      0.102713        70.283237      
683             191.560000      13285.349384    188.750341      0.102593        70.385830      
684             191.560000      13305.451882    188.754523      0.104941        70.490771      
685             191.362000      13325.096340    188.758315      0.102656        70.593427      
686             191.362000      13344.801650    188.762108      0.102974        70.696401      
687             191.362000      13364.650100    188.765916      0.103722        70.800123      
688             191.560000      13384.317182    188.769962      0.102668        70.902791      
689             191.560000      13404.040391    188.774008      0.102961        71.005752      
690             191.029000      13423.881618    188.777302      0.103865        71.109617      
691             191.560000      13443.715549    188.781347      0.103539        71.213156      
692             191.560000      13463.835862    188.785440      0.105034        71.318190      
693             191.560000      13483.484171    188.789424      0.102570        71.420760      
694             191.560000      13503.165620    188.793404      0.102743        71.523503      
695             191.226000      13522.996521    188.796926      0.103704        71.627207      
696             191.560000      13542.824131    188.800913      0.103506        71.730713      
697             191.560000      13562.508645    188.804860      0.102759        71.833472      
698             191.560000      13582.158486    188.808789      0.102578        71.936050      
699             191.560000      13602.214435    188.812787      0.104698        72.040748      
700             191.560000      13621.902014    188.816701      0.102775        72.143523      
701             191.560000      13641.764296    188.820638      0.103687        72.247210      
702             191.560000      13661.412988    188.824522      0.102572        72.349782      
703             191.560000      13681.061489    188.828394      0.102571        72.452353      
704             191.560000      13700.720909    188.832258      0.102628        72.554981      
705             191.226000      13720.330370    188.835637      0.102546        72.657527      
706             191.560000      13740.217746    188.839524      0.103818        72.761345      
707             191.560000      13759.886935    188.843358      0.102679        72.864024      
708             191.560000      13779.566852    188.847182      0.102735        72.966759      
709             191.560000      13799.552307    188.851056      0.104330        73.071089      
710             191.226000      13819.205941    188.854392      0.102777        73.173866      
711             191.560000      13838.870342    188.858182      0.102654        73.276520      
712             191.560000      13858.669409    188.861987      0.103357        73.379877      
713             191.560000      13878.328062    188.865755      0.102624        73.482501      
714             191.831000      13898.100850    188.869909      0.103074        73.585575      
715             191.362000      13917.742437    188.873380      0.102641        73.688216      
716             191.560000      13937.774058    188.877187      0.104571        73.792787      
717             191.560000      13957.434436    188.880914      0.102633        73.895420      
718             191.362000      13977.079659    188.884356      0.102660        73.998080      
719             191.560000      13996.736396    188.888061      0.102614        74.100694      
720             191.362000      14016.407645    188.891488      0.102796        74.203490      
721             191.560000      14036.140240    188.895187      0.103010        74.306500      
722             191.633000      14055.795462    188.898961      0.102567        74.409067      
723             191.560000      14075.436301    188.902623      0.102531        74.511598      
724             191.362000      14095.072529    188.906005      0.102613        74.614211      
725             191.831000      14114.786042    188.910028      0.102765        74.716976      
726             191.560000      14134.610587    188.913694      0.103490        74.820466      
727             191.560000      14154.254873    188.917316      0.102549        74.923015      
728             191.560000      14173.906439    188.920929      0.102587        75.025602      
729             191.560000      14193.554173    188.924532      0.102567        75.128169      
730             191.831000      14213.239870    188.928497      0.102620        75.230789      
731             191.226000      14232.855069    188.931625      0.102576        75.333365      
732             191.560000      14252.503186    188.935199      0.102569        75.435934      
733             191.560000      14272.149771    188.938763      0.102561        75.538495      
734             191.560000      14291.807659    188.942319      0.102620        75.641115      
735             191.831000      14312.012451    188.946335      0.105326        75.746441      
736             191.560000      14331.680682    188.949873      0.102674        75.849115      
737             191.560000      14351.343741    188.953401      0.102647        75.951762      
738             191.560000      14371.005460    188.956919      0.102640        76.054402      
739             191.633000      14390.669880    188.960525      0.102615        76.157017      
740             191.633000      14410.329701    188.964120      0.102591        76.259608      
741             191.560000      14430.220334    188.967650      0.103835        76.363443      
742             191.560000      14449.856383    188.971125      0.102506        76.465949      
743             191.560000      14469.502968    188.974592      0.102561        76.568510      
744             191.560000      14489.464861    188.978106      0.104207        76.672717      
745             191.560000      14509.242090    188.981578      0.103243        76.775960      
746             191.226000      14528.873925    188.984575      0.102663        76.878623      
747             191.560000      14548.528173    188.988008      0.102601        76.981224      
748             191.560000      14568.180505    188.991431      0.102591        77.083815      
749             191.362000      14587.807739    188.994581      0.102566        77.186381      
750             191.560000      14607.480185    188.997990      0.102696        77.289077      
751             190.758000      14627.195215    189.000340      0.103351        77.392428      
752             191.560000      14646.842950    189.003728      0.102567        77.494995      
753             191.362000      14666.732925    189.006887      0.103939        77.598934      
754             191.362000      14686.358055    189.009995      0.102555        77.701489      
755             191.560000      14706.035864    189.013362      0.102724        77.804213      
756             191.560000      14725.986838    189.016766      0.104150        77.908363      
757             191.560000      14745.653920    189.020113      0.102668        78.011031      
758             191.560000      14765.399542    189.023465      0.103078        78.114109      
759             191.560000      14785.221213    189.026821      0.103475        78.217584      
760             191.560000      14804.884464    189.030141      0.102648        78.320232      
761             191.560000      14824.535455    189.033450      0.102584        78.422816      
762             191.560000      14844.428386    189.036791      0.103847        78.526663      
763             191.560000      14864.115007    189.040089      0.102770        78.629433      
764             191.560000      14883.843197    189.043385      0.102987        78.732420      
765             191.560000      14903.572153    189.046673      0.102991        78.835411      
766             191.560000      14923.255134    189.049944      0.102751        78.938162      
767             191.226000      14942.931716    189.052777      0.102897        79.041059      
768             191.560000      14962.672357    189.056042      0.103052        79.144111      
769             191.560000      14982.349401    189.059287      0.102720        79.246831      
770             191.560000      15002.099811    189.062537      0.103103        79.349934      
771             191.633000      15022.203838    189.065931      0.104909        79.454843      
772             190.955000      15041.796393    189.068367      0.102603        79.557446      
773             191.560000      15061.447576    189.071576      0.102585        79.660031      
774             191.560000      15081.339358    189.074815      0.103841        79.763872      
775             191.560000      15101.012378    189.078011      0.102699        79.866571      
776             191.560000      15120.678120    189.081197      0.102661        79.969232      
777             191.831000      15140.373792    189.084723      0.102672        80.071904      
778             191.560000      15160.034553    189.087892      0.102635        80.174539      
779             191.831000      15180.329505    189.091507      0.105796        80.280335      
780             191.831000      15200.398673    189.095072      0.104619        80.384954      
781             191.633000      15220.052553    189.098306      0.102560        80.487514      
782             191.560000      15239.708716    189.101440      0.102611        80.590125      
783             191.633000      15259.452856    189.104673      0.103031        80.693156      
784             191.633000      15279.127241    189.107885      0.102667        80.795823      
785             191.362000      15298.752754    189.110743      0.102557        80.898380      
786             191.362000      15318.392044    189.113595      0.102629        81.001009      
787             191.029000      15338.330887    189.116060      0.104376        81.105385      
788             191.560000      15357.977664    189.119147      0.102562        81.207947      
789             191.831000      15377.972209    189.122623      0.104230        81.312177      
790             191.831000      15397.652535    189.126036      0.102592        81.414769      
791             191.831000      15417.331710    189.129440      0.102586        81.517355      
792             191.560000      15437.403558    189.132560      0.104781        81.622136      
793             191.362000      15457.247606    189.135389      0.103699        81.725835      
794             191.560000      15476.971007    189.138440      0.102962        81.828797      
795             191.831000      15496.669365    189.141815      0.102686        81.931483      
796             191.560000      15516.341428    189.144842      0.102694        82.034177      
797             191.831000      15536.075466    189.148206      0.102872        82.137049      
798             191.362000      15555.707103    189.150968      0.102589        82.239638      
799             191.633000      15575.751340    189.154120      0.104597        82.344235      
800             191.362000      15595.385464    189.156868      0.102602        82.446837      
801             191.362000      15615.024946    189.159610      0.102630        82.549467      
802             191.831000      15635.073971    189.162987      0.104514        82.653981      
803             191.362000      15654.741966    189.165718      0.102779        82.756760      
804             191.362000      15674.389485    189.168440      0.102672        82.859432      
805             191.560000      15694.055035    189.171399      0.102660        82.962092      
806             191.633000      15713.713131    189.174439      0.102582        83.064674      
807             191.831000      15733.387510    189.177715      0.102561        83.167235      
808             191.226000      15753.013608    189.180240      0.102633        83.269868      
809             191.831000      15772.694126    189.183502      0.102593        83.372461      
810             191.831000      15792.501060    189.186777      0.103252        83.475713      
811             191.633000      15812.524984    189.189835      0.104491        83.580204      
812             191.633000      15832.181356    189.192829      0.102573        83.682777      
813             191.831000      15852.071353    189.196094      0.103685        83.786462      
814             191.362000      15872.065812    189.198792      0.104485        83.890947      
815             191.362000      15891.723665    189.201437      0.102726        83.993673      
816             191.633000      15911.390384    189.204405      0.102627        84.096300      
817             191.633000      15931.174384    189.207383      0.103239        84.199539      
818             191.560000      15950.826716    189.210246      0.102591        84.302130      
819             191.560000      15970.698384    189.213133      0.103736        84.405866      
820             191.633000      15990.355330    189.216071      0.102576        84.508442      
821             191.831000      16010.045056    189.219243      0.102641        84.611083      
822             191.633000      16029.766391    189.222175      0.102912        84.713995      
823             191.560000      16049.447649    189.225007      0.102742        84.816737      
824             191.560000      16069.131397    189.227832      0.102755        84.919492      
825             191.362000      16088.767626    189.230408      0.102613        85.022105      
826             191.362000      16108.387206    189.232975      0.102526        85.124631      
827             191.831000      16128.050843    189.236100      0.102505        85.227136      
828             190.955000      16148.035620    189.238208      0.104657        85.331793      
829             191.362000      16167.663812    189.240758      0.102571        85.434364      
830             191.362000      16187.291621    189.243302      0.102569        85.536933      
831             191.560000      16206.950083    189.246078      0.102623        85.639556      
832             191.560000      16227.022506    189.248906      0.104784        85.744340      
833             191.831000      16246.720096    189.251994      0.102682        85.847022      
834             191.560000      16266.388136    189.254751      0.102673        85.949695      
835             191.362000      16286.031828    189.257265      0.102652        86.052347      
836             191.831000      16306.114424    189.260392      0.104689        86.157036      
837             191.362000      16325.814759    189.262900      0.102948        86.259984      
838             191.831000      16345.490097    189.265950      0.102566        86.362550      
839             191.362000      16365.117715    189.268437      0.102568        86.465118      
840             191.362000      16384.756432    189.270919      0.102626        86.567744      
841             191.633000      16404.413187    189.273714      0.102575        86.670319      
842             191.560000      16424.094444    189.276421      0.102742        86.773061      
843             191.362000      16443.757655    189.278888      0.102754        86.875815      
844             191.226000      16463.398478    189.281187      0.102710        86.978525      
845             191.362000      16483.435227    189.283689      0.104706        87.083231      
846             191.362000      16503.067246    189.286135      0.102591        87.185822      
847             191.560000      16523.128750    189.288863      0.104727        87.290549      
848             191.831000      16542.863940    189.291855      0.102878        87.393427      
849             190.629000      16562.419997    189.293423      0.102587        87.496014      
850             191.560000      16582.460430    189.296130      0.104617        87.600631      
851             191.633000      16602.863212    189.298967      0.106468        87.707099      
852             191.560000      16622.553473    189.301613      0.102789        87.809888      
853             191.633000      16642.219234    189.304335      0.102622        87.912510      
854             191.633000      16661.902051    189.307052      0.102711        88.015221      
855             191.362000      16681.886176    189.309488      0.104431        88.119652      
856             191.362000      16701.709940    189.311898      0.103593        88.223245      
857             191.831000      16721.517834    189.314843      0.103257        88.326502      
858             191.633000      16741.639682    189.317595      0.105002        88.431504      
859             191.633000      16761.310235    189.320280      0.102647        88.534151      
860             191.362000      16780.949908    189.322644      0.102631        88.636782      
861             191.831000      16800.763365    189.325563      0.103286        88.740068      
862             191.560000      16820.560324    189.328163      0.103346        88.843414      
863             191.831000      16840.225112    189.331047      0.102511        88.945925      
864             191.029000      16859.809023    189.333002      0.102518        89.048443      
865             191.831000      16879.605790    189.335893      0.103199        89.151642      
866             191.831000      16899.284390    189.338761      0.102583        89.254225      
867             191.831000      16919.258025    189.341665      0.104121        89.358346      
868             191.831000      16938.937009    189.344520      0.102585        89.460931      
869             191.633000      16958.591081    189.347140      0.102561        89.563492      
870             191.362000      16978.215445    189.349445      0.102551        89.666043      
871             191.362000      16997.873298    189.351748      0.102726        89.768769      
872             191.362000      17017.522539    189.354044      0.102681        89.871450      
873             191.633000      17037.343524    189.356664      0.103432        89.974882      
874             191.831000      17057.034401    189.359484      0.102647        90.077529      
875             191.560000      17076.695544    189.361988      0.102637        90.180166      
876             191.831000      17096.527609    189.364816      0.103383        90.283549      
877             191.831000      17116.204865    189.367614      0.102576        90.386125      
878             191.560000      17135.879801    189.370103      0.102709        90.488834      
879             191.633000      17155.544605    189.372666      0.102617        90.591451      
880             191.560000      17175.185635    189.375139      0.102532        90.693983      
881             191.633000      17194.875926    189.377694      0.102750        90.796733      
882             191.633000      17214.705533    189.380261      0.103477        90.900210      
883             191.560000      17234.713018    189.382763      0.104445        91.004655      
884             191.633000      17254.693058    189.385338      0.104262        91.108917      
885             191.226000      17274.305961    189.387408      0.102564        91.211481      
886             191.362000      17293.934727    189.389626      0.102574        91.314055      
887             191.633000      17313.593973    189.392144      0.102588        91.416643      
888             191.831000      17333.270270    189.394877      0.102571        91.519214      
889             191.560000      17353.070295    189.397319      0.103362        91.622576      
890             191.831000      17372.885095    189.400060      0.103293        91.725869      
891             191.362000      17392.537589    189.402254      0.102698        91.828567      
892             191.633000      17412.210250    189.404745      0.102658        91.931225      
893             191.362000      17432.124336    189.406958      0.104065        92.035290      
894             191.633000      17452.178921    189.409487      0.104651        92.139941      
895             191.633000      17471.831844    189.411959      0.102555        92.242496      
896             191.560000      17491.477088    189.414344      0.102554        92.345050      
897             191.831000      17511.151467    189.417025      0.102561        92.447611      
898             191.831000      17530.837548    189.419702      0.102622        92.550233      
899             191.633000      17550.502160    189.422153      0.102616        92.652849      
900             191.633000      17570.189576    189.424602      0.102735        92.755584      
901             191.362000      17590.164325    189.426780      0.104382        92.859966      
902             191.831000      17609.841389    189.429433      0.102575        92.962541      
903             191.831000      17629.521332    189.432080      0.102590        93.065131      
904             191.633000      17649.178087    189.434503      0.102575        93.167706      
905             191.226000      17668.833060    189.436477      0.102784        93.270490      
906             191.362000      17688.452640    189.438592      0.102526        93.373016      
907             191.362000      17708.194501    189.440714      0.103165        93.476181      
908             191.633000      17727.875593    189.443120      0.102702        93.578883      
909             191.633000      17747.513760    189.445516      0.102478        93.681361      
910             191.831000      17767.734282    189.448197      0.105408        93.786769      
911             191.560000      17787.805939    189.450554      0.104780        93.891549      
912             191.831000      17807.506791    189.453155      0.102699        93.994248      
913             191.831000      17827.197284    189.455748      0.102645        94.096893      
914             191.633000      17846.866686    189.458121      0.102641        94.199534      
915             191.831000      17866.568306    189.460705      0.102703        94.302237      
916             191.560000      17886.401279    189.463007      0.103534        94.405771      
917             191.560000      17906.524465    189.465338      0.105049        94.510820      
918             191.560000      17926.165495    189.467608      0.102532        94.613352      
919             191.560000      17945.932571    189.469888      0.103190        94.716542      
920             191.560000      17965.616319    189.472153      0.102755        94.819297      
921             191.226000      17985.237828    189.474049      0.102609        94.921906      
922             191.831000      18004.942324    189.476596      0.102718        95.024624      
923             191.831000      18024.780719    189.479156      0.103416        95.128040      
924             191.560000      18044.442054    189.481399      0.102638        95.230678      
925             191.633000      18064.471727    189.483757      0.104521        95.335199      
926             190.955000      18084.213992    189.485351      0.103387        95.438586      
927             191.560000      18104.254233    189.487623      0.104616        95.543202      
928             191.362000      18123.890270    189.489634      0.102612        95.645814      
929             191.362000      18143.552907    189.491643      0.102751        95.748565      
930             191.560000      18163.290866    189.493867      0.103038        95.851603      
931             191.831000      18182.982319    189.496367      0.102650        95.954253      
932             191.362000      18202.738723    189.498372      0.103241        96.057494      
933             191.362000      18222.518856    189.500375      0.103365        96.160859      
934             191.362000      18242.220531    189.502366      0.102955        96.263814      
935             191.362000      18262.131747    189.504374      0.104050        96.367864      
936             191.633000      18281.857490    189.506645      0.102935        96.470799      
937             191.362000      18301.556677    189.508623      0.102942        96.573741      
938             191.831000      18321.575009    189.511130      0.104354        96.678095      
939             191.633000      18341.249969    189.513381      0.102670        96.780765      
940             191.831000      18361.296117    189.515881      0.104499        96.885264      
941             191.226000      18381.094127    189.517706      0.103532        96.988796      
942             191.831000      18401.160225    189.520198      0.104603        97.093399      
943             191.831000      18420.824821    189.522635      0.102510        97.195909      
944             191.633000      18440.769217    189.524893      0.104076        97.299985      
945             191.633000      18460.415432    189.527112      0.102520        97.402505      
946             191.362000      18480.032333    189.529041      0.102512        97.505017      
947             191.560000      18499.682175    189.531175      0.102578        97.607595      
948             191.633000      18520.250528    189.533484      0.107332        97.714927      
949             191.362000      18539.910295    189.535404      0.102736        97.817663      
950             191.831000      18559.600020    189.537810      0.102641        97.920304      
951             191.831000      18579.290897    189.540212      0.102647        98.022951      
952             191.560000      18598.948209    189.542324      0.102617        98.125568      
953             191.831000      18618.621438    189.544714      0.102555        98.228123      
954             191.633000      18638.548778    189.546922      0.103987        98.332110      
955             191.831000      18658.368374    189.549319      0.103318        98.435428      
956             191.633000      18678.032411    189.551489      0.102613        98.538041      
957             191.560000      18697.688957    189.553579      0.102613        98.640654      
958             191.633000      18717.379823    189.555742      0.102753        98.743407      
959             191.362000      18737.025428    189.557618      0.102662        98.846069      
960             191.633000      18756.690615    189.559771      0.102619        98.948688      
961             191.633000      18776.395662    189.561923      0.102827        99.051515      
962             190.758000      18796.224193    189.563177      0.103946        99.155461      
963             191.633000      18816.442432    189.565377      0.105505        99.260966      
964             191.633000      18836.101487    189.567512      0.102587        99.363553      
965             191.633000      18855.876479    189.569654      0.103192        99.466745      
966             191.633000      18875.532851    189.571780      0.102573        99.569318      
967             191.831000      18895.524711    189.574142      0.104216        99.673534      
968             191.362000      18915.257577    189.575990      0.103118        99.776652      
969             191.560000      18935.324445    189.578071      0.104755        99.881407      
970             191.831000      18955.013404    189.580383      0.102637        99.984044      
971             191.831000      18974.799428    189.582703      0.103143        100.087187     
972             191.633000      18994.465765    189.584803      0.102625        100.189812     
973             191.560000      19014.141467    189.586826      0.102713        100.292525     
974             191.831000      19033.815079    189.589118      0.102557        100.395082     
975             191.831000      19053.486965    189.591406      0.102548        100.497630     
976             191.831000      19073.171703    189.593690      0.102615        100.600245     
977             191.831000      19092.964633    189.595983      0.103179        100.703424     
978             191.560000      19112.644742    189.597984      0.102736        100.806160     
979             191.633000      19132.354962    189.600059      0.102854        100.909014     
980             191.633000      19152.430627    189.602167      0.104761        101.013775     
981             191.831000      19172.108267    189.604428      0.102578        101.116353     
982             191.029000      19191.869453    189.605884      0.103446        101.219799     
983             191.633000      19211.544222    189.607938      0.102669        101.322468     
984             191.633000      19231.212858    189.609987      0.102637        101.425105     
985             191.633000      19250.858498    189.612030      0.102517        101.527622     
986             191.633000      19270.839496    189.614103      0.104267        101.631889     
987             191.633000      19290.518097    189.616141      0.102689        101.734578     
988             191.560000      19310.412369    189.618123      0.103854        101.838432     
989             191.633000      19330.077939    189.620152      0.102621        101.941053     
990             191.633000      19349.749642    189.622177      0.102653        102.043706     
991             191.633000      19369.593814    189.624215      0.103553        102.147259     
992             191.831000      19389.271454    189.626429      0.102578        102.249837     
993             191.362000      19409.172145    189.628192      0.103995        102.353832     
994             191.560000      19428.820263    189.630126      0.102569        102.456401     
995             191.362000      19448.467591    189.631860      0.102671        102.559072     
996             191.633000      19468.120322    189.633859      0.102554        102.661626     
997             191.831000      19487.899824    189.636064      0.103109        102.764735     
998             191.226000      19507.532998    189.637651      0.102670        102.867405     
999             191.831000      19527.210062    189.639835      0.102575        102.969980     
1000            191.633000      19546.866243    189.641819      0.102572        103.072552     
1001            191.633000      19566.529321    189.643799      0.102608        103.175160     
1002            191.831000      19586.213676    189.645972      0.102613        103.277773     
1003            191.029000      19605.820128    189.647345      0.102636        103.380409     
1004            191.362000      19625.449277    189.649045      0.102576        103.482985     
1005            191.560000      19645.103524    189.650938      0.102601        103.585586     
1006            191.362000      19664.727889    189.652630      0.102551        103.688137     
1007            191.633000      19684.498665    189.654599      0.103170        103.791307     
1008            191.831000      19704.187816    189.656749      0.102638        103.893945     
1009            191.633000      19723.850894    189.658699      0.102608        103.996553     
1010            191.560000      19743.519701    189.660574      0.102677        104.099230     
1011            191.633000      19763.183738    189.662516      0.102613        104.201843     
1012            191.633000      19782.968312    189.664467      0.103242        104.305085     
1013            191.633000      19802.627750    189.666401      0.102589        104.407674     
1014            191.560000      19822.277208    189.668259      0.102576        104.510250     
1015            191.560000      19841.942758    189.670116      0.102660        104.612910     
1016            191.560000      19862.010583    189.672006      0.104760        104.717670     
1017            191.831000      19881.720643    189.674123      0.102747        104.820417     
1018            191.633000      19901.375865    189.676038      0.102567        104.922984     
1019            191.226000      19921.005788    189.677553      0.102653        105.025637     
1020            191.633000      19940.720991    189.679466      0.102880        105.128517     
1021            191.633000      19960.377171    189.681370      0.102572        105.231089     
1022            191.831000      19980.053660    189.683464      0.102572        105.333661     
1023            191.831000      19999.729190    189.685553      0.102567        105.436228     
1024            191.633000      20019.384795    189.687445      0.102569        105.538797     
1025            191.633000      20039.057456    189.689336      0.102658        105.641455     
1026            191.831000      20058.890288    189.691430      0.103387        105.744842     
1027            191.831000      20078.865650    189.693535      0.104130        105.848972     
1028            191.831000      20098.545592    189.695604      0.102590        105.951562     
1029            191.560000      20118.246580    189.697412      0.102845        106.054407     
1030            191.831000      20137.921343    189.699474      0.102563        106.156970     
1031            191.831000      20157.587665    189.701530      0.102519        106.259489     
1032            191.633000      20177.228323    189.703391      0.102491        106.361980     
1033            191.831000      20196.890617    189.705440      0.102498        106.464478     
1034            84.481000       20205.555411    189.604167      0.102565        106.567043     
1035            79.458000       20213.733228    189.497893      0.102920        106.669963     
1036            78.590000       20221.788153    189.391430      0.102493        106.772456     
1037            78.590000       20229.838284    189.285235      0.102432        106.874888     
1038            78.590000       20237.881420    189.179335      0.102343        106.977231     
1039            78.392000       20245.912994    189.073334      0.102454        107.079685     
