#timestep       power           acc-energy      avg-power       dt              acc-time       
1               144.024000      14.415362       144.024000      0.100090        0.100090       
2               80.493000       22.789290       111.644893      0.104033        0.204123       
3               80.410000       31.125717       101.124172      0.103674        0.307797       
4               81.638000       39.578352       96.219267       0.103538        0.411335       
5               80.410000       47.809200       93.069053       0.102361        0.513696       
6               80.493000       56.045727       90.980073       0.102326        0.616022       
7               81.042000       64.444271       89.548966       0.103632        0.719654       
8               81.126000       72.747436       88.500208       0.102349        0.822003       
9               79.980000       81.097988       87.539967       0.104408        0.926411       
10              64.167000       87.661695       85.215830       0.102291        1.028702       
11              63.570000       94.184167       83.252675       0.102603        1.131305       
12              110.339000      105.552505      85.513592       0.103031        1.234336       
13              116.496000      117.528177      87.895521       0.102799        1.337135       
14              183.347000      136.486440      94.746983       0.103401        1.440536       
15              187.698000      155.851806      100.959317      0.103173        1.543709       
16              188.970000      175.307590      106.462143      0.102957        1.646666       
17              188.820000      194.661829      111.288304      0.102501        1.749167       
18              188.970000      214.108354      115.604581      0.102908        1.852075       
19              189.166000      233.513002      119.465073      0.102580        1.954655       
20              189.091000      252.910713      122.936962      0.102584        2.057239       
21              189.491000      272.359312      126.099571      0.102636        2.159875       
22              189.687000      291.888916      128.992747      0.102957        2.262832       
23              189.687000      311.359718      131.626498      0.102647        2.365479       
24              189.965000      330.857155      134.052514      0.102637        2.468116       
25              189.687000      350.322077      136.273278      0.102616        2.570732       
26              190.236000      369.908775      138.351304      0.102960        2.673692       
27              192.301000      389.788083      140.359575      0.103376        2.777068       
28              192.301000      409.643354      142.221523      0.103251        2.880319       
29              192.580000      429.430564      143.956057      0.102748        2.983067       
30              192.580000      449.186576      145.572615      0.102586        3.085653       
31              192.301000      468.955503      147.079229      0.102802        3.188455       
32              192.506000      488.839063      148.504626      0.103288        3.291743       
33              192.301000      508.575684      149.828874      0.102634        3.394377       
34              192.506000      528.338542      151.081727      0.102661        3.497038       
35              192.580000      548.093398      152.264323      0.102580        3.599618       
36              192.506000      567.855487      153.380148      0.102657        3.702275       
37              192.705000      587.698706      154.444299      0.102972        3.805247       
38              192.705000      607.465229      155.448581      0.102574        3.907821       
39              192.506000      627.445234      156.407336      0.103789        4.011610       
40              192.580000      647.205483      157.309477      0.102608        4.114218       
41              192.705000      666.981448      158.170879      0.102623        4.216841       
42              192.705000      686.768783      158.991811      0.102682        4.319523       
43              192.776000      706.559552      159.776118      0.102662        4.422185       
44              192.905000      726.362408      160.527720      0.102656        4.524841       
45              192.776000      746.162238      161.243474      0.102709        4.627550       
46              192.506000      766.056771      161.926395      0.103345        4.730895       
47              193.176000      785.870833      162.589536      0.102570        4.833465       
48              192.976000      805.666118      163.221016      0.102579        4.936044       
49              192.976000      825.891354      163.839668      0.104807        5.040851       
50              193.176000      845.704643      164.424670      0.102566        5.143417       
51              193.176000      865.770994      164.993835      0.103876        5.247293       
52              192.905000      885.572113      165.529354      0.102647        5.349940       
53              193.176000      905.386948      166.049450      0.102574        5.452514       
54              193.176000      925.593351      166.560050      0.104601        5.557115       
55              193.176000      945.452423      167.043484      0.102803        5.659918       
56              193.176000      965.377175      167.511185      0.103143        5.763061       
57              193.176000      985.240498      167.961071      0.102825        5.865886       
58              193.176000      1005.278258     168.399206      0.103728        5.969614       
59              193.176000      1025.207839     168.820129      0.103168        6.072782       
60              193.176000      1045.103808     169.226314      0.102994        6.175776       
61              193.176000      1065.920068     169.637034      0.107758        6.283534       
62              193.100000      1085.774803     170.014790      0.102821        6.386355       
63              193.300000      1105.718724     170.384998      0.103176        6.489531       
64              193.100000      1125.650506     170.740637      0.103220        6.592751       
65              193.371000      1145.492691     171.087466      0.102612        6.695363       
66              193.501000      1165.341830     171.425680      0.102579        6.797942       
67              193.371000      1185.204512     171.752341      0.102718        6.900660       
68              193.300000      1205.087930     172.068819      0.102863        7.003523       
69              193.571000      1224.975608     172.379693      0.102741        7.106264       
70              193.371000      1244.837130     172.678773      0.102712        7.208976       
71              193.176000      1264.712429     172.967194      0.102887        7.311863       
72              193.371000      1284.548233     173.249482      0.102579        7.414442       
73              193.571000      1304.624449     173.529822      0.103715        7.518157       
74              193.571000      1324.478446     173.799556      0.102567        7.620724       
75              193.371000      1344.313863     174.059494      0.102577        7.723301       
76              192.976000      1364.120341     174.307583      0.102637        7.825938       
77              193.300000      1384.055563     174.554612      0.103131        7.929069       
78              193.300000      1403.881764     174.793998      0.102567        8.031636       
79              193.501000      1423.810239     175.030839      0.102989        8.134625       
80              193.771000      1443.831046     175.265882      0.103322        8.237947       
81              193.771000      1463.729196     175.493715      0.102689        8.340636       
82              193.501000      1483.595557     175.712678      0.102668        8.443304       
83              193.501000      1503.457661     175.926335      0.102646        8.545950       
84              193.501000      1523.660713     176.138457      0.104408        8.650358       
85              193.771000      1543.821617     176.348018      0.104045        8.754403       
86              193.771000      1563.726937     176.550092      0.102726        8.857129       
87              193.771000      1583.659578     176.747800      0.102867        8.959996       
88              193.771000      1603.771845     176.942741      0.103794        9.063790       
89              193.501000      1623.685227     177.128634      0.102911        9.166701       
90              193.571000      1643.877392     177.313637      0.104314        9.271015       
91              193.849000      1664.101464     177.497643      0.104329        9.375344       
92              193.648000      1684.010996     177.672832      0.102813        9.478157       
93              193.771000      1703.944800     177.845680      0.102873        9.581030       
94              193.648000      1723.824510     178.013204      0.102659        9.683689       
95              193.849000      1743.714193     178.179234      0.102604        9.786293       
96              193.648000      1763.578217     178.339693      0.102578        9.888871       
97              193.849000      1783.466156     178.498947      0.102595        9.991466       
98              193.771000      1803.346285     178.654172      0.102596        10.094062      
99              193.648000      1823.397567     178.806417      0.103545        10.197607      
100             193.849000      1843.724380     178.959521      0.104859        10.302466      
101             193.371000      1863.573719     179.101694      0.102649        10.405115      
102             193.771000      1883.457531     179.244949      0.102615        10.507730      
103             193.849000      1903.353223     179.386216      0.102635        10.610365      
104             193.771000      1923.235290     179.523989      0.102606        10.712971      
105             194.174000      1943.212688     179.663345      0.102884        10.815855      
106             193.849000      1963.102370     179.796652      0.102604        10.918459      
107             193.849000      1982.992247     179.927478      0.102605        11.021064      
108             194.050000      2002.903718     180.057750      0.102610        11.123674      
109             193.771000      2022.961729     180.184186      0.103514        11.227188      
110             194.050000      2042.880767     180.309811      0.102649        11.329837      
111             194.050000      2063.184607     180.435542      0.104632        11.434469      
112             194.050000      2083.210179     180.557315      0.103198        11.537667      
113             194.050000      2103.148428     180.676413      0.102748        11.640415      
114             193.771000      2123.024489     180.790794      0.102575        11.742990      
115             194.050000      2142.947020     180.905713      0.102667        11.845657      
116             193.973000      2162.852723     181.017944      0.102621        11.948278      
117             194.174000      2182.978276     181.131087      0.103647        12.051925      
118             194.174000      2203.015673     181.241817      0.103193        12.155118      
119             194.243000      2222.971616     181.350784      0.102737        12.257855      
120             194.050000      2242.896476     181.456277      0.102679        12.360534      
121             193.973000      2262.808387     181.559371      0.102653        12.463187      
122             193.849000      2282.710670     181.659783      0.102669        12.565856      
123             194.444000      2302.802568     181.764051      0.103330        12.669186      
124             194.050000      2322.926135     181.863800      0.103703        12.772889      
125             194.243000      2343.098854     181.963641      0.103853        12.876742      
126             194.174000      2363.038582     182.060246      0.102690        12.979432      
127             194.174000      2382.959669     182.155246      0.102594        13.082026      
128             194.444000      2402.914873     182.250900      0.102627        13.184653      
129             194.444000      2422.889328     182.345166      0.102726        13.287379      
130             194.375000      2443.025800     182.438232      0.103596        13.390975      
131             194.375000      2462.961483     182.528962      0.102563        13.493538      
132             194.375000      2483.184842     182.619603      0.104043        13.597581      
133             194.375000      2503.342112     182.708578      0.103703        13.701284      
134             194.375000      2523.290041     182.795312      0.102626        13.803910      
135             194.645000      2543.250496     182.882694      0.102548        13.906458      
136             194.243000      2563.170699     182.965857      0.102553        14.009011      
137             194.375000      2583.108326     183.048786      0.102573        14.111584      
138             194.243000      2603.067765     183.129709      0.102755        14.214339      
139             194.050000      2623.236740     183.208980      0.103937        14.318276      
140             194.375000      2643.183308     183.288437      0.102619        14.420895      
141             194.375000      2663.132597     183.366782      0.102633        14.523528      
142             194.375000      2683.250993     183.444678      0.103503        14.627031      
143             194.375000      2703.189203     183.520796      0.102576        14.729607      
144             194.645000      2723.155109     183.597729      0.102576        14.832183      
145             194.444000      2743.128980     183.672330      0.102723        14.934906      
146             194.243000      2763.263626     183.745191      0.103657        15.038563      
147             194.243000      2783.187714     183.816308      0.102573        15.141136      
148             194.444000      2803.143501     183.887860      0.102630        15.243766      
149             194.243000      2823.306702     183.957897      0.103804        15.347570      
150             194.444000      2843.634850     184.028843      0.104545        15.452115      
151             194.513000      2863.588382     184.097985      0.102582        15.554697      
152             194.243000      2883.684374     184.165017      0.103458        15.658155      
153             194.645000      2903.648917     184.233219      0.102569        15.760724      
154             194.513000      2923.594086     184.299667      0.102539        15.863263      
155             194.444000      2943.540540     184.364845      0.102582        15.965845      
156             194.513000      2963.489405     184.429617      0.102558        16.068403      
157             194.513000      2983.456748     184.493625      0.102653        16.171056      
158             194.444000      3003.473980     184.556569      0.102946        16.274002      
159             194.645000      3023.643873     184.620401      0.103624        16.377626      
160             194.645000      3043.627102     184.682849      0.102665        16.480291      
161             194.645000      3063.606438     184.744513      0.102645        16.582936      
162             194.916000      3083.605404     184.807060      0.102603        16.685539      
163             194.715000      3103.796766     184.868255      0.103697        16.789236      
164             194.916000      3123.914046     184.929645      0.103210        16.892446      
165             194.243000      3143.846097     184.985878      0.102614        16.995060      
166             194.444000      3163.800718     185.042648      0.102624        17.097684      
167             194.715000      3184.254750     185.101711      0.105046        17.202730      
168             194.916000      3204.265022     185.159932      0.102661        17.305391      
169             194.916000      3224.681693     185.218628      0.104746        17.410137      
170             194.645000      3244.658693     185.273871      0.102633        17.512770      
171             194.916000      3264.656685     185.330030      0.102598        17.615368      
172             194.916000      3284.649609     185.385525      0.102572        17.717940      
173             194.916000      3305.914165     185.443849      0.109096        17.827036      
174             194.916000      3325.910987     185.498048      0.102592        17.929628      
175             194.916000      3345.905666     185.551624      0.102581        18.032209      
176             194.916000      3365.909310     185.604618      0.102627        18.134836      
177             194.916000      3385.910615     185.657010      0.102615        18.237451      
178             194.916000      3405.917378     185.708829      0.102643        18.340094      
179             195.047000      3425.935442     185.760795      0.102632        18.442726      
180             194.715000      3445.916706     185.810342      0.102618        18.545344      
181             194.845000      3466.167921     185.860693      0.103935        18.649279      
182             194.513000      3486.312854     185.908477      0.103566        18.752845      
183             194.715000      3506.286524     185.956387      0.102579        18.855424      
184             194.845000      3526.272166     186.004479      0.102572        18.957996      
185             194.845000      3546.259366     186.052057      0.102580        19.060576      
186             195.047000      3566.266117     186.100204      0.102574        19.163150      
187             194.845000      3586.254486     186.146768      0.102586        19.265736      
188             195.115000      3606.279528     186.194290      0.102632        19.368368      
189             194.916000      3626.271283     186.240233      0.102566        19.470934      
190             195.047000      3646.281545     186.286392      0.102592        19.573526      
191             195.249000      3666.717867     186.334064      0.104668        19.678194      
192             195.047000      3686.846522     186.379520      0.103199        19.781393      
193             194.845000      3706.829046     186.423182      0.102556        19.883949      
194             195.317000      3726.870914     186.468843      0.102612        19.986561      
195             194.715000      3746.843026     186.510947      0.102571        20.089132      
196             194.916000      3766.881756     186.553741      0.102807        20.191939      
197             195.249000      3787.027548     186.597947      0.103180        20.295119      
198             195.249000      3807.075910     186.641496      0.102681        20.397800      
199             195.249000      3827.118610     186.684597      0.102652        20.500452      
200             195.249000      3847.338987     186.727644      0.103562        20.604014      
201             195.249000      3867.369973     186.769863      0.102592        20.706606      
202             195.047000      3887.531591     186.810978      0.103368        20.809974      
203             195.047000      3907.655565     186.851610      0.103175        20.913149      
204             195.115000      3927.678657     186.891961      0.102622        21.015771      
205             195.115000      3947.698822     186.931914      0.102607        21.118378      
206             195.047000      3967.746923     186.971220      0.102786        21.221164      
207             195.317000      3987.807541     187.011418      0.102708        21.323872      
208             194.916000      4007.805338     187.049268      0.102597        21.426469      
209             195.115000      4027.910963     187.087872      0.103045        21.529514      
210             195.249000      4048.095219     187.126872      0.103377        21.632891      
211             195.115000      4068.104067     187.164560      0.102549        21.735440      
212             195.047000      4088.120765     187.201603      0.102625        21.838065      
213             195.115000      4108.126492     187.238584      0.102533        21.940598      
214             195.317000      4128.160156     187.276174      0.102570        22.043168      
215             194.845000      4148.458524     187.311776      0.104177        22.147345      
216             195.317000      4168.493947     187.348682      0.102579        22.249924      
217             195.249000      4188.925778     187.385665      0.104645        22.354569      
218             195.249000      4208.963012     187.421599      0.102624        22.457193      
219             195.115000      4228.984932     187.456593      0.102616        22.559809      
220             195.047000      4249.003386     187.490968      0.102634        22.662443      
221             195.115000      4269.284615     187.525778      0.103945        22.766388      
222             195.317000      4289.322967     187.560730      0.102594        22.868982      
223             195.249000      4309.613243     187.595509      0.103920        22.972902      
224             195.520000      4329.726190     187.630835      0.102869        23.075771      
225             195.520000      4350.028987     187.666177      0.103840        23.179611      
226             195.249000      4370.060168     187.699591      0.102593        23.282204      
227             195.249000      4390.102868     187.732730      0.102652        23.384856      
228             195.520000      4410.191766     187.766796      0.102746        23.487602      
229             195.520000      4430.381552     187.800733      0.103262        23.590864      
230             195.520000      4450.476902     187.834218      0.102779        23.693643      
231             195.520000      4470.610770     187.867477      0.102976        23.796619      
232             195.440000      4490.650601     187.899966      0.102537        23.899156      
233             195.047000      4510.655987     187.930508      0.102567        24.001723      
234             195.440000      4531.008522     187.962949      0.104137        24.105860      
235             195.520000      4551.102503     187.995030      0.102772        24.208632      
236             195.440000      4571.397579     188.026829      0.103843        24.312475      
237             195.317000      4591.638085     188.057771      0.103629        24.416104      
238             195.317000      4611.682882     188.088155      0.102627        24.518731      
239             195.440000      4631.746166     188.118808      0.102657        24.621388      
240             195.520000      4651.801435     188.149514      0.102574        24.723962      
241             195.642000      4671.872739     188.180476      0.102592        24.826554      
242             195.845000      4692.594119     188.213001      0.105805        24.932359      
243             195.642000      4712.661902     188.243440      0.102574        25.034933      
244             195.317000      4732.701231     188.272311      0.102599        25.137532      
245             195.710000      4752.785774     188.302551      0.102624        25.240156      
246             195.317000      4772.836822     188.330966      0.102659        25.342815      
247             195.710000      4792.911188     188.360711      0.102572        25.445387      
248             195.440000      4812.983657     188.389170      0.102704        25.548091      
249             195.913000      4833.098045     188.419285      0.102670        25.650761      
250             195.845000      4853.212306     188.448899      0.102705        25.753466      
251             195.520000      4873.783161     188.477669      0.105211        25.858677      
252             195.845000      4893.916614     188.506842      0.102803        25.961480      
253             195.520000      4913.979703     188.534453      0.102614        26.064094      
254             195.520000      4934.053937     188.561862      0.102671        26.166765      
255             195.845000      4954.150180     188.590312      0.102613        26.269378      
256             195.520000      4974.225392     188.617291      0.102676        26.372054      
257             195.845000      4994.407219     188.645424      0.103050        26.475104      
258             195.845000      5014.513450     188.673234      0.102664        26.577768      
259             195.845000      5034.604993     188.700811      0.102589        26.680357      
260             195.845000      5054.825989     188.728351      0.103250        26.783607      
261             195.913000      5074.926859     188.755769      0.102601        26.886208      
262             195.845000      5095.022318     188.782721      0.102609        26.988817      
263             195.115000      5115.040142     188.806702      0.102595        27.091412      
264             195.845000      5135.168699     188.833302      0.102778        27.194190      
265             195.710000      5155.419009     188.859368      0.103471        27.297661      
266             195.710000      5175.498072     188.885019      0.102596        27.400257      
267             195.913000      5195.609717     188.911252      0.102656        27.502913      
268             195.710000      5215.845544     188.936716      0.103397        27.606310      
269             195.845000      5236.116872     188.962521      0.103507        27.709817      
270             195.710000      5256.199654     188.987416      0.102615        27.812432      
271             195.440000      5276.242612     189.011121      0.102553        27.914985      
272             195.913000      5296.699064     189.036841      0.104416        28.019401      
273             195.710000      5316.788891     189.061200      0.102651        28.122052      
274             195.913000      5336.903475     189.086124      0.102671        28.224723      
275             195.710000      5357.522110     189.110757      0.105353        28.330076      
276             195.520000      5378.207735     189.134603      0.105798        28.435874      
277             195.845000      5398.305153     189.158732      0.102619        28.538493      
278             195.845000      5418.747454     189.183098      0.104380        28.642873      
279             195.845000      5438.979222     189.207039      0.103305        28.746178      
280             196.115000      5459.327918     189.231884      0.103759        28.849937      
281             195.845000      5479.417894     189.255314      0.102581        28.952518      
282             195.913000      5499.687837     189.279021      0.103464        29.055982      
283             196.115000      5519.949458     189.303242      0.103315        29.159297      
284             195.845000      5540.183968     189.326339      0.103319        29.262616      
285             195.913000      5560.897066     189.350051      0.105726        29.368342      
286             195.845000      5581.050495     189.372730      0.102905        29.471247      
287             195.980000      5601.411641     189.395940      0.103894        29.575141      
288             195.980000      5621.531536     189.418716      0.102663        29.677804      
289             195.642000      5641.624557     189.440178      0.102703        29.780507      
290             195.980000      5661.899667     189.462818      0.103455        29.883962      
291             196.115000      5682.015183     189.485572      0.102570        29.986532      
292             195.913000      5702.108608     189.507481      0.102563        30.089095      
293             196.115000      5722.263150     189.529972      0.102769        30.191864      
294             195.913000      5742.358143     189.551584      0.102571        30.294435      
295             195.913000      5762.746809     189.573363      0.104070        30.398505      
296             196.115000      5782.861736     189.595360      0.102567        30.501072      
297             196.386000      5803.001709     189.618116      0.102553        30.603625      
298             196.115000      5823.103105     189.639803      0.102498        30.706123      
299             196.115000      5843.238232     189.661381      0.102670        30.808793      
300             196.115000      5863.359631     189.682802      0.102600        30.911393      
301             196.115000      5883.475735     189.704075      0.102573        31.013966      
302             196.115000      5903.730884     189.725354      0.103282        31.117248      
303             196.115000      5923.884446     189.746386      0.102764        31.220012      
304             196.115000      5944.030555     189.767272      0.102726        31.322738      
305             196.386000      5964.176617     189.788878      0.102584        31.425322      
306             196.115000      5984.305272     189.809473      0.102637        31.527959      
307             196.115000      6004.581798     189.830083      0.103391        31.631350      
308             196.183000      6024.797868     189.850712      0.103047        31.734397      
309             195.980000      6044.915411     189.870475      0.102651        31.837048      
310             196.183000      6065.236242     189.890946      0.103581        31.940629      
311             195.980000      6085.339086     189.910438      0.102576        32.043205      
312             196.115000      6105.469899     189.930250      0.102648        32.145853      
313             195.980000      6125.795181     189.949705      0.103711        32.249564      
314             196.115000      6145.939133     189.969280      0.102715        32.352279      
315             196.312000      6166.100179     189.989350      0.102699        32.454978      
316             195.913000      6186.360914     190.008166      0.103417        32.558395      
317             195.980000      6206.695407     190.027137      0.103758        32.662153      
318             196.183000      6226.957971     190.046541      0.103284        32.765437      
319             195.980000      6247.063364     190.065061      0.102589        32.868026      
320             195.980000      6267.195409     190.083490      0.102725        32.970751      
321             196.386000      6287.341863     190.103039      0.102586        33.073337      
322             195.980000      6307.444708     190.121210      0.102576        33.175913      
323             196.183000      6327.677257     190.139995      0.103131        33.279044      
324             195.980000      6348.102488     190.158227      0.104221        33.383265      
325             196.183000      6368.225175     190.176682      0.102571        33.485836      
326             196.183000      6388.347077     190.195023      0.102567        33.588403      
327             196.115000      6408.473967     190.213056      0.102628        33.691031      
328             196.386000      6428.614137     190.231789      0.102554        33.793585      
329             196.386000      6448.754110     190.250409      0.102553        33.896138      
330             196.386000      6468.894476     190.268916      0.102555        33.998693      
331             196.386000      6489.039163     190.287317      0.102577        34.101270      
332             195.845000      6509.161062     190.304011      0.102744        34.204014      
333             196.115000      6529.620367     190.321681      0.104323        34.308337      
334             196.115000      6549.734118     190.338948      0.102561        34.410898      
335             196.115000      6569.860223     190.356123      0.102624        34.513522      
336             196.386000      6590.014926     190.374000      0.102628        34.616150      
337             196.183000      6610.138789     190.391162      0.102577        34.718727      
338             196.115000      6630.303726     190.408064      0.102822        34.821549      
339             195.980000      6650.397359     190.424422      0.102529        34.924078      
340             196.312000      6670.523658     190.441655      0.102522        35.026600      
341             196.183000      6690.639478     190.458413      0.102536        35.129136      
342             196.312000      6711.101667     190.475730      0.104233        35.233369      
343             196.183000      6731.244953     190.492313      0.102676        35.336045      
344             195.710000      6751.315404     190.507412      0.102552        35.438597      
345             196.312000      6771.570091     190.524263      0.103176        35.541773      
346             196.183000      6791.741235     190.540585      0.102818        35.644591      
347             196.312000      6811.975113     190.557226      0.103070        35.747661      
348             196.312000      6832.468908     190.573983      0.104394        35.852055      
349             196.183000      6853.153070     190.590429      0.105433        35.957488      
350             195.980000      6873.247095     190.605754      0.102531        36.060019      
351             196.312000      6893.596797     190.622110      0.103660        36.163679      
352             196.183000      6913.806982     190.637906      0.103017        36.266696      
353             196.183000      6933.946932     190.653558      0.102659        36.369355      
354             196.115000      6954.058525     190.668914      0.102550        36.471905      
355             196.386000      6974.489346     190.685175      0.104034        36.575939      
356             196.386000      6994.842988     190.701284      0.103641        36.679580      
357             196.115000      7015.324258     190.716654      0.104435        36.784015      
358             196.386000      7035.762738     190.732649      0.104073        36.888088      
359             196.115000      7055.879626     190.747574      0.102577        36.990665      
360             196.115000      7076.105163     190.762497      0.103131        37.093796      
361             196.115000      7096.271864     190.777295      0.102831        37.196627      
362             196.386000      7116.412819     190.792716      0.102558        37.299185      
363             196.115000      7136.562067     190.807336      0.102742        37.401927      
364             196.115000      7156.685035     190.821858      0.102608        37.504535      
365             196.115000      7176.852129     190.836331      0.102833        37.607368      
366             196.386000      7196.992691     190.851424      0.102556        37.709924      
367             196.115000      7217.124092     190.865713      0.102651        37.812575      
368             196.386000      7237.263084     190.880644      0.102548        37.915123      
369             196.183000      7257.745570     190.895204      0.104405        38.019528      
370             196.115000      7277.874421     190.909258      0.102638        38.122166      
371             195.980000      7298.010190     190.922887      0.102744        38.224910      
372             196.183000      7318.146609     190.936974      0.102641        38.327551      
373             196.312000      7338.653557     190.951584      0.104461        38.432012      
374             196.515000      7358.820516     190.966400      0.102623        38.534635      
375             196.386000      7379.000749     190.980814      0.102758        38.637393      
376             196.183000      7399.123435     190.994587      0.102571        38.739964      
377             196.183000      7419.453487     191.008429      0.103628        38.843592      
378             196.515000      7439.662697     191.022969      0.102838        38.946430      
379             196.183000      7459.776555     191.036517      0.102526        39.048956      
380             195.980000      7479.869013     191.049462      0.102523        39.151479      
381             195.980000      7499.968133     191.062344      0.102557        39.254036      
382             196.115000      7520.259368     191.075627      0.103466        39.357502      
383             195.980000      7540.359077     191.088374      0.102560        39.460062      
384             196.183000      7560.481763     191.101582      0.102571        39.562633      
385             196.183000      7580.616417     191.114730      0.102632        39.665265      
386             196.386000      7600.758747     191.128325      0.102565        39.767830      
387             196.115000      7620.869556     191.141151      0.102546        39.870376      
388             196.115000      7640.997819     191.153922      0.102635        39.973011      
389             196.115000      7661.114315     191.166620      0.102575        40.075586      
390             196.115000      7681.244539     191.179262      0.102645        40.178231      
391             196.386000      7701.656114     191.192696      0.103936        40.282167      
392             196.115000      7721.790849     191.205210      0.102668        40.384835      
393             196.386000      7741.930430     191.218332      0.102551        40.487386      
394             196.386000      7762.084347     191.231398      0.102624        40.590010      
395             196.115000      7782.208099     191.243712      0.102612        40.692622      
396             196.386000      7802.462958     191.256713      0.103138        40.795760      
397             196.183000      7822.714145     191.269146      0.103226        40.898986      
398             196.183000      7842.838793     191.281440      0.102581        41.001567      
399             195.980000      7863.496653     191.293489      0.105408        41.106975      
400             195.980000      7883.635754     191.305175      0.102761        41.209736      
401             196.386000      7903.779655     191.317790      0.102573        41.312309      
402             195.980000      7923.883675     191.329338      0.102582        41.414891      
403             195.980000      7944.105088     191.340896      0.103181        41.518072      
404             196.183000      7964.229147     191.352830      0.102578        41.620650      
405             196.312000      7984.375470     191.365027      0.102624        41.723274      
406             196.386000      8004.538421     191.377352      0.102670        41.825944      
407             196.312000      8024.677087     191.389426      0.102585        41.928529      
408             195.913000      8045.113556     191.400652      0.104314        42.032843      
409             196.183000      8065.247621     191.412300      0.102629        42.135472      
410             195.980000      8085.436697     191.423441      0.103016        42.238488      
411             196.183000      8105.588614     191.434987      0.102720        42.341208      
412             195.980000      8125.672253     191.445961      0.102478        42.443686      
413             195.642000      8145.759600     191.456087      0.102674        42.546360      
414             196.183000      8166.293093     191.467687      0.104665        42.651025      
415             196.386000      8186.487858     191.479516      0.102832        42.753857      
416             196.386000      8206.952851     191.491446      0.104208        42.858065      
417             196.386000      8227.104804     191.503137      0.102614        42.960679      
418             196.386000      8247.525609     191.514927      0.103983        43.064662      
419             196.386000      8267.659298     191.526496      0.102521        43.167183      
420             196.115000      8287.771676     191.537371      0.102554        43.269737      
421             196.183000      8307.918493     191.548371      0.102694        43.372431      
422             195.980000      8328.020162     191.558826      0.102570        43.475001      
423             195.913000      8348.186662     191.569111      0.102936        43.577937      
424             195.980000      8368.556039     191.579606      0.103936        43.681873      
425             195.710000      8388.629231     191.589282      0.102566        43.784439      
426             195.980000      8408.733056     191.599545      0.102581        43.887020      
427             195.980000      8428.844523     191.609764      0.102620        43.989640      
428             196.183000      8449.113366     191.620479      0.103316        44.092956      
429             196.312000      8469.288350     191.631389      0.102770        44.195726      
430             196.115000      8489.504669     191.641822      0.103084        44.298810      
431             195.980000      8509.633971     191.651857      0.102711        44.401521      
432             196.183000      8529.756657     191.662301      0.102571        44.504092      
433             195.980000      8550.079783     191.672338      0.103700        44.607792      
434             196.515000      8570.298622     191.683482      0.102887        44.710679      
435             196.183000      8590.488011     191.693815      0.102911        44.813590      
436             195.980000      8610.593599     191.703604      0.102590        44.916180      
437             196.386000      8630.947437     191.714384      0.103642        45.019822      
438             195.913000      8651.211502     191.724008      0.103434        45.123256      
439             196.115000      8671.366633     191.733986      0.102772        45.226028      
440             196.115000      8691.486855     191.743902      0.102594        45.328622      
441             196.115000      8711.783581     191.753859      0.103494        45.432116      
442             196.386000      8731.921001     191.764291      0.102540        45.534656      
443             196.115000      8752.035536     191.774068      0.102565        45.637221      
444             196.115000      8772.151052     191.783803      0.102570        45.739791      
445             196.115000      8792.277942     191.793499      0.102628        45.842419      
446             196.115000      8812.389339     191.803145      0.102549        45.944968      
447             196.386000      8832.611795     191.813393      0.102973        46.047941      
448             196.115000      8852.846744     191.823010      0.103179        46.151120      
449             196.386000      8873.005375     191.833136      0.102648        46.253768      
450             196.386000      8894.077985     191.843674      0.107302        46.361070      
451             196.115000      8914.187029     191.853100      0.102537        46.463607      
452             196.386000      8934.340553     191.863089      0.102622        46.566229      
453             196.183000      8954.529353     191.872615      0.102908        46.669137      
454             195.980000      8974.638077     191.881626      0.102606        46.771743      
455             196.515000      8994.800320     191.891767      0.102599        46.874342      
456             195.980000      9015.236722     191.900842      0.104278        46.978620      
457             196.115000      9035.382243     191.910036      0.102723        47.081343      
458             196.312000      9055.519339     191.919606      0.102577        47.183920      
459             196.386000      9075.677576     191.929301      0.102646        47.286566      
460             195.980000      9095.973853     191.938153      0.103563        47.390129      
461             196.183000      9116.080257     191.947314      0.102488        47.492617      
462             196.183000      9136.427769     191.956544      0.103717        47.596334      
463             195.710000      9156.597837     191.964654      0.103061        47.699395      
464             196.386000      9176.739971     191.974140      0.102564        47.801959      
465             195.980000      9197.248298     191.982890      0.104645        47.906604      
466             195.980000      9217.348399     191.991429      0.102562        48.009166      
467             196.183000      9237.472458     192.000366      0.102578        48.111744      
468             196.183000      9257.628692     192.009279      0.102742        48.214486      
469             196.115000      9277.752837     192.017999      0.102614        48.317100      
470             196.115000      9297.885807     192.026685      0.102659        48.419759      
471             196.115000      9317.994066     192.035324      0.102533        48.522292      
472             196.386000      9338.147197     192.044506      0.102620        48.624912      
473             196.115000      9358.263105     192.053074      0.102572        48.727484      
474             196.386000      9378.757162     192.062334      0.104356        48.831840      
475             196.386000      9399.077418     192.071476      0.103471        48.935311      
476             195.845000      9419.167002     192.079370      0.102579        49.037890      
477             196.386000      9439.309529     192.088358      0.102566        49.140456      
478             196.115000      9459.434458     192.096750      0.102618        49.243074      
479             196.115000      9479.764131     192.105191      0.103662        49.346736      
480             196.386000      9500.245031     192.114219      0.104289        49.451025      
481             196.115000      9520.773368     192.122669      0.104675        49.555700      
482             196.115000      9541.019104     192.130969      0.103234        49.658934      
483             196.115000      9561.135796     192.139181      0.102576        49.761510      
484             195.913000      9581.229026     192.146944      0.102562        49.864072      
485             196.183000      9601.363875     192.155234      0.102633        49.966705      
486             195.980000      9621.549619     192.163102      0.102999        50.069704      
487             196.312000      9641.704187     192.171591      0.102666        50.172370      
488             196.115000      9661.839118     192.179644      0.102669        50.275039      
489             195.980000      9681.971164     192.187394      0.102725        50.377764      
490             195.980000      9702.268812     192.195175      0.103570        50.481334      
491             195.913000      9722.375168     192.202718      0.102629        50.583963      
492             195.980000      9742.483891     192.210364      0.102606        50.686569      
493             195.980000      9762.590655     192.217979      0.102596        50.789165      
494             195.980000      9782.839309     192.225617      0.103320        50.892485      
495             196.183000      9802.963173     192.233577      0.102577        50.995062      
496             196.183000      9823.147657     192.241529      0.102886        51.097948      
497             195.980000      9843.290677     192.249034      0.102781        51.200729      
498             196.312000      9863.435429     192.257160      0.102616        51.303345      
499             196.386000      9883.857806     192.265513      0.103991        51.407336      
500             196.115000      9903.970968     192.273177      0.102558        51.509894      
501             196.115000      9924.372812     192.280920      0.104030        51.613924      
502             196.115000      9944.472246     192.288519      0.102488        51.716412      
503             196.115000      9964.586977     192.296092      0.102566        51.818978      
504             196.115000      9984.685626     192.303630      0.102484        51.921462      
505             196.386000      10004.814799    192.311673      0.102498        52.023960      
506             195.913000      10024.909595    192.318760      0.102570        52.126530      
507             196.115000      10045.023738    192.326214      0.102563        52.229093      
508             195.980000      10065.224768    192.333411      0.103077        52.332170      
509             196.183000      10085.578558    192.341028      0.103749        52.435919      
510             196.312000      10105.709176    192.348778      0.102544        52.538463      
511             195.980000      10126.135779    192.355968      0.104228        52.642691      
512             195.913000      10146.231360    192.362885      0.102574        52.745265      
513             196.312000      10166.481924    192.370594      0.103155        52.848420      
514             195.980000      10186.587120    192.377586      0.102588        52.951008      
515             196.183000      10207.269909    192.385148      0.105426        53.056434      
516             195.980000      10227.373929    192.392085      0.102582        53.159016      
517             195.980000      10247.486965    192.398999      0.102628        53.261644      
518             196.183000      10268.041646    192.406428      0.104773        53.366417      
519             195.710000      10288.302328    192.412824      0.103524        53.469941      
520             196.183000      10308.436786    192.420046      0.102631        53.572572      
521             195.980000      10328.856922    192.426957      0.104195        53.676767      
522             196.115000      10348.978713    192.433993      0.102602        53.779369      
523             196.183000      10369.108855    192.441132      0.102609        53.881978      
524             196.115000      10389.221428    192.448112      0.102555        53.984533      
525             196.115000      10409.338317    192.455066      0.102577        54.087110      
526             196.115000      10429.510510    192.462013      0.102859        54.189969      
527             195.845000      10449.595198    192.468403      0.102554        54.292523      
528             196.115000      10469.818773    192.475316      0.103121        54.395644      
529             196.115000      10489.934877    192.482166      0.102573        54.498217      
530             196.115000      10510.391240    192.489106      0.104308        54.602525      
531             196.115000      10530.852702    192.496021      0.104334        54.706859      
532             195.845000      10551.291870    192.502398      0.104364        54.811223      
533             196.115000      10571.408562    192.509146      0.102576        54.913799      
534             196.115000      10591.525058    192.515869      0.102575        55.016374      
535             196.115000      10611.640574    192.522567      0.102570        55.118944      
536             196.115000      10631.788252    192.529250      0.102734        55.221678      
537             195.913000      10651.882853    192.535523      0.102569        55.324247      
538             195.913000      10671.982939    192.541775      0.102597        55.426844      
539             196.115000      10692.469504    192.548497      0.104462        55.531306      
540             196.312000      10713.049676    192.555588      0.104834        55.636140      
541             195.980000      10733.138410    192.561886      0.102504        55.738644      
542             196.183000      10753.261881    192.568538      0.102575        55.841219      
543             195.980000      10773.352771    192.574789      0.102515        55.943734      
544             195.913000      10793.438360    192.580895      0.102523        56.046257      
545             195.980000      10813.538852    192.587104      0.102564        56.148821      
546             195.913000      10833.657550    192.593176      0.102692        56.251513      
547             195.980000      10854.082194    192.599439      0.104218        56.355731      
548             196.183000      10874.223714    192.605956      0.102667        56.458398      
549             195.913000      10894.312437    192.611951      0.102539        56.560937      
550             196.115000      10914.649758    192.618362      0.103701        56.664638      
551             196.115000      10935.137500    192.624797      0.104468        56.769106      
552             195.913000      10955.230925    192.630727      0.102563        56.871669      
553             195.913000      10975.468346    192.636678      0.103298        56.974967      
554             195.710000      10995.960749    192.642315      0.104708        57.079675      
555             195.980000      11016.229785    192.648352      0.103424        57.183099      
556             195.913000      11036.334377    192.654200      0.102620        57.285719      
557             195.913000      11056.567879    192.660065      0.103278        57.388997      
558             196.115000      11076.665549    192.666223      0.102479        57.491476      
559             196.115000      11096.785575    192.672367      0.102593        57.594069      
560             196.115000      11117.038371    192.678528      0.103270        57.697339      
561             196.115000      11137.167811    192.684631      0.102641        57.799980      
562             195.845000      11157.611483    192.690328      0.104387        57.904367      
563             196.115000      11177.725037    192.696383      0.102560        58.006927      
564             196.115000      11197.841729    192.702418      0.102576        58.109503      
565             196.115000      11217.990584    192.708441      0.102740        58.212243      
566             196.183000      11238.648066    192.714714      0.105297        58.317540      
567             195.980000      11258.852232    192.720477      0.103093        58.420633      
568             196.115000      11279.022463    192.726442      0.102849        58.523482      
569             195.980000      11299.818293    192.732331      0.106112        58.629594      
570             195.710000      11319.970356    192.737551      0.102969        58.732563      
571             196.183000      11340.162099    192.743578      0.102923        58.835486      
572             196.312000      11360.308225    192.749792      0.102623        58.938109      
573             195.913000      11380.642036    192.755352      0.103790        59.041899      
574             195.980000      11400.751152    192.760947      0.102608        59.144507      
575             195.913000      11420.964279    192.766436      0.103174        59.247681      
576             195.980000      11441.099069    192.771998      0.102739        59.350420      
577             195.913000      11461.503995    192.777501      0.104153        59.454573      
578             196.312000      11481.680746    192.783600      0.102779        59.557352      
579             196.115000      11502.003555    192.789387      0.103627        59.660979      
580             195.980000      11522.089350    192.794858      0.102489        59.763468      
581             195.913000      11542.393185    192.800256      0.103637        59.867105      
582             195.913000      11562.485435    192.805580      0.102557        59.969662      
583             196.115000      11582.606049    192.811232      0.102596        60.072258      
584             196.115000      11602.734312    192.816867      0.102635        60.174893      
585             196.115000      11623.017310    192.822525      0.103424        60.278317      
586             196.115000      11643.455043    192.828208      0.104213        60.382530      
587             195.845000      11663.561470    192.833328      0.102665        60.485195      
588             196.115000      11683.673651    192.838883      0.102553        60.587748      
589             196.115000      11704.031565    192.844486      0.103806        60.691554      
590             196.115000      11724.531270    192.850110      0.104529        60.796083      
591             196.386000      11745.278272    192.856243      0.105644        60.901727      
592             196.115000      11765.836812    192.861843      0.104829        61.006556      
593             196.115000      11785.962133    192.867306      0.102620        61.109176      
594             195.913000      11806.105320    192.872422      0.102817        61.211993      
595             195.913000      11826.197178    192.877507      0.102555        61.314548      
596             195.980000      11846.312369    192.882692      0.102639        61.417187      
597             195.913000      11866.401875    192.887743      0.102543        61.519730      
598             195.710000      11886.553743    192.892459      0.102968        61.622698      
599             195.913000      11906.896369    192.897540      0.103835        61.726533      
600             195.913000      11927.004292    192.902546      0.102637        61.829170      
601             195.980000      11947.398754    192.907717      0.104064        61.933234      
602             195.913000      11967.567410    192.912704      0.102947        62.036181      
603             195.710000      11987.664479    192.917326      0.102688        62.138869      
604             196.115000      12007.824512    192.922608      0.102797        62.241666      
605             195.980000      12028.194281    192.927705      0.103938        62.345604      
606             195.980000      12048.322015    192.932725      0.102703        62.448307      
607             195.913000      12068.607631    192.937658      0.103544        62.551851      
608             195.980000      12088.720862    192.942641      0.102629        62.654480      
609             196.115000      12108.838143    192.947827      0.102579        62.757059      
610             195.980000      12129.080917    192.952809      0.103290        62.860349      
611             196.183000      12149.206743    192.958072      0.102587        62.962936      
612             196.183000      12169.329822    192.963317      0.102573        63.065509      
613             195.845000      12189.418035    192.967997      0.102572        63.168081      
614             196.115000      12209.565517    192.973106      0.102733        63.270814      
615             196.115000      12229.706920    192.978198      0.102702        63.373516      
616             196.115000      12250.117392    192.983341      0.104074        63.477590      
617             196.115000      12270.221729    192.988390      0.102513        63.580103      
618             196.115000      12290.493352    192.993465      0.103366        63.683469      
619             196.115000      12310.595728    192.998481      0.102503        63.785972      
620             195.642000      12330.647077    193.002722      0.102490        63.888462      
621             196.115000      12350.752983    193.007708      0.102521        63.990983      
622             196.115000      12370.920665    193.012694      0.102836        64.093819      
623             195.913000      12391.051313    193.017336      0.102753        64.196572      
624             196.115000      12411.152709    193.022274      0.102498        64.299070      
625             195.440000      12431.441531    193.026171      0.103811        64.402881      
626             195.710000      12451.528226    193.030441      0.102635        64.505516      
627             195.913000      12472.011714    193.035106      0.104554        64.610070      
628             195.913000      12492.109057    193.039668      0.102583        64.712653      
629             195.913000      12512.206793    193.044216      0.102585        64.815238      
630             195.710000      12532.285660    193.048429      0.102595        64.917833      
631             195.980000      12552.461605    193.053070      0.102949        65.020782      
632             195.913000      12572.558165    193.057575      0.102579        65.123361      
633             195.710000      12593.058200    193.061835      0.104747        65.228108      
634             195.980000      12613.377210    193.066466      0.103679        65.331787      
635             195.913000      12633.497280    193.070933      0.102699        65.434486      
636             195.980000      12653.818250    193.075536      0.103689        65.538175      
637             196.115000      12674.057514    193.080314      0.103201        65.641376      
638             195.440000      12694.356499    193.084042      0.103863        65.745239      
639             195.913000      12715.148158    193.088601      0.106127        65.851366      
640             196.115000      12735.398993    193.093340      0.103260        65.954626      
641             196.115000      12755.661987    193.098066      0.103322        66.057948      
642             196.115000      12775.898505    193.102771      0.103187        66.161135      
643             196.115000      12796.241318    193.107486      0.103729        66.264864      
644             196.115000      12816.657870    193.112204      0.104105        66.368969      
645             195.913000      12836.763833    193.116528      0.102627        66.471596      
646             95.091000       12846.632663    192.963718      0.103783        66.575379      
647             86.561000       12855.565152    192.799047      0.103193        66.678572      
648             85.363000       12864.459550    192.631425      0.104195        66.782767      
649             85.181000       12873.180892    192.466942      0.102386        66.885153      
650             84.761000       12882.009682    192.299472      0.104161        66.989314      
651             85.181000       12890.727617    192.136066      0.102346        67.091660      
652             84.665000       12899.408065    191.972083      0.102527        67.194187      
653             84.220000       12908.027224    191.808220      0.102341        67.296528      
654             83.711000       12916.816544    191.639829      0.104996        67.401524      
655             83.292000       12925.342314    191.475535      0.102360        67.503884      
656             83.465000       12933.922432    191.311300      0.102799        67.606683      
657             83.292000       12942.467775    191.147626      0.102595        67.709278      
