#timestep       power           acc-energy      avg-power       dt              acc-time       
1               118.929000      11.910739       118.929000      0.100150        0.100150       
2               118.929000      24.999946       118.929000      0.110059        0.210209       
3               118.994000      36.909461       118.949966      0.100085        0.310294       
4               119.002000      48.820133       118.962656      0.100088        0.410382       
5               119.028000      60.735788       118.975470      0.100108        0.510490       
6               118.936000      72.641757       118.968999      0.100104        0.610594       
7               118.881000      84.542102       118.956604      0.100103        0.710697       
8               118.865000      96.442866       118.945293      0.100120        0.810817       
9               118.851000      108.340445      118.934931      0.100105        0.910922       
10              118.697000      120.228187      118.911363      0.100152        1.011074       
11              118.678000      132.108092      118.890340      0.100102        1.111176       
12              118.408000      143.961088      118.850478      0.100103        1.211279       
13              118.476000      155.822668      118.821889      0.100118        1.311397       
14              118.411000      167.679280      118.792741      0.100131        1.411528       
15              118.465000      179.541299      118.771032      0.100131        1.511659       
16              118.461000      191.403036      118.751771      0.100132        1.611791       
17              118.532000      203.271882      118.738917      0.100132        1.711923       
18              118.483000      215.135822      118.724775      0.100132        1.812055       
19              118.498000      227.001145      118.712900      0.100131        1.912186       
20              118.498000      238.865046      118.702208      0.100119        2.012305       
21              118.547000      250.735869      118.694851      0.100136        2.112441       
22              141.468000      264.901909      119.725509      0.100136        2.212577       
23              163.878000      281.312160      121.637245      0.100137        2.312714       
24              186.932000      300.030969      124.347077      0.100137        2.412851       
25              201.641000      320.222493      127.427039      0.100136        2.512987       
26              222.976000      342.550417      131.088516      0.100136        2.613123       
27              256.981000      368.283467      135.734726      0.100136        2.713259       
28              280.584000      396.380026      140.890286      0.100136        2.813395       
29              287.295000      425.148886      145.922161      0.100137        2.913532       
30              308.727000      456.063573      151.331724      0.100136        3.013668       
31              351.328000      491.243450      157.763227      0.100134        3.113802       
32              351.803000      526.470188      163.808650      0.100132        3.213934       
33              352.780000      561.795814      169.518442      0.100135        3.314069       
34              352.898000      597.131843      174.896562      0.100131        3.414200       
35              353.898000      632.568004      179.996706      0.100131        3.514331       
36              354.004000      668.016195      184.817396      0.100135        3.614466       
37              354.100000      703.472582      189.380593      0.100131        3.714597       
38              354.133000      738.932273      193.705101      0.100131        3.814728       
39              354.247000      774.403379      197.811308      0.100131        3.914859       
40              354.336000      809.883397      201.714923      0.100131        4.014990       
41              354.123000      845.351649      205.424361      0.100158        4.115148       
42              354.002000      880.796099      208.953512      0.100125        4.215273       
43              354.126000      916.273504      212.323681      0.100183        4.315456       
44              354.300000      951.749918      215.543238      0.100131        4.415587       
45              354.339000      987.230236      218.620878      0.100131        4.515718       
46              354.429000      1022.719566     221.566946      0.100131        4.615849       
47              354.459000      1058.212609     224.388602      0.100133        4.715982       
48              354.563000      1093.715711     227.095063      0.100132        4.816114       
49              354.529000      1129.215055     229.690557      0.100131        4.916245       
50              354.567000      1164.718203     232.183194      0.100131        5.016376       
51              354.399000      1200.204884     234.575004      0.100132        5.116508       
52              354.583000      1235.709989     236.878525      0.100132        5.216640       
53              354.799000      1271.236722     239.099349      0.100132        5.316772       
54              354.789000      1306.762454     241.237883      0.100132        5.416904       
55              354.860000      1342.294941     243.300059      0.100131        5.517035       
56              354.910000      1377.832789     245.289625      0.100132        5.617167       
57              354.944000      1413.373687     247.210078      0.100131        5.717298       
58              354.979000      1448.918444     249.065041      0.100132        5.817430       
59              355.039000      1484.469209     250.858244      0.100132        5.917562       
60              355.163000      1520.032035     252.593816      0.100131        6.017693       
61              355.131000      1555.592013     254.272068      0.100132        6.117825       
62              355.196000      1591.158143     255.897299      0.100131        6.217956       
63              355.214000      1626.728208     257.471393      0.100137        6.318093       
64              355.366000      1662.311361     258.998651      0.100131        6.418224       
65              355.432000      1697.901122     260.480002      0.100131        6.518355       
66              355.469000      1733.495300     261.917118      0.100133        6.618488       
67              355.534000      1769.095630     263.312351      0.100132        6.718620       
68              355.562000      1804.698764     264.667019      0.100132        6.818752       
69              355.546000      1840.299941     265.982232      0.100131        6.918883       
70              355.193000      1875.866126     267.254896      0.100132        7.019015       
71              355.469000      1911.469901     268.495985      0.100160        7.119175       
72              355.606000      1947.089888     269.704620      0.100167        7.219342       
73              355.644000      1982.700521     270.880266      0.100130        7.319472       
74              355.676000      2018.315071     272.024635      0.100132        7.419604       
75              355.713000      2053.933325     273.139020      0.100132        7.519736       
76              355.746000      2089.554527     274.224541      0.100131        7.619867       
77              355.713000      2125.179896     275.281692      0.100152        7.720019       
78              355.783000      2160.805159     276.312460      0.100132        7.820151       
79              355.920000      2196.443785     277.318886      0.100131        7.920282       
80              355.812000      2232.071952     278.298845      0.100132        8.020414       
81              355.964000      2267.715339     279.256510      0.100132        8.120546       
82              355.929000      2303.355222     280.190420      0.100132        8.220678       
83              355.958000      2339.007263     281.102435      0.100158        8.320836       
84              355.988000      2374.653053     281.992884      0.100132        8.420968       
85              355.949000      2410.294939     282.861947      0.100132        8.521100       
86              355.992000      2445.956437     283.711683      0.100175        8.621275       
87              356.014000      2481.605187     284.541806      0.100133        8.721408       
88              356.111000      2517.263294     285.354178      0.100132        8.821540       
89              356.081000      2552.918397     286.147977      0.100132        8.921672       
90              356.045000      2588.569895     286.923757      0.100132        9.021804       
91              356.045000      2624.221036     287.682497      0.100131        9.121935       
92              356.050000      2659.873391     288.424830      0.100133        9.222068       
93              356.144000      2695.534802     289.152218      0.100132        9.322200       
94              356.174000      2731.226999     289.865013      0.100210        9.422410       
95              356.234000      2766.897421     290.562900      0.100132        9.522542       
96              356.248000      2802.573521     291.246490      0.100144        9.622686       
97              356.261000      2838.247360     291.916066      0.100134        9.722820       
98              356.291000      2873.923491     292.572283      0.100132        9.822952       
99              356.137000      2909.584201     293.213703      0.100132        9.923084       
100             356.108000      2945.242363     293.842023      0.100133        10.023217      
101             356.317000      2980.921453     294.459981      0.100133        10.123350      
102             356.383000      3016.607509     295.066487      0.100134        10.223484      
103             356.446000      3052.297377     295.661797      0.100127        10.323611      
104             356.481000      3087.992889     296.246041      0.100133        10.423744      
105             356.506000      3123.690548     296.819399      0.100132        10.523876      
106             356.514000      3159.389008     297.382025      0.100132        10.624008      
107             356.622000      3195.098638     297.935158      0.100133        10.724141      
108             356.655000      3230.811217     298.478357      0.100132        10.824273      
109             356.510000      3266.509633     299.010274      0.100133        10.924406      
110             356.622000      3302.219620     299.533552      0.100134        11.024540      
111             356.634000      3337.930096     300.047507      0.100132        11.124672      
112             356.694000      3373.646579     300.552827      0.100132        11.224804      
113             356.688000      3409.371736     301.049287      0.100158        11.324962      
114             356.758000      3445.094628     301.537530      0.100132        11.425094      
115             356.792000      3480.821282     302.017590      0.100133        11.525227      
116             356.818000      3516.555534     302.489669      0.100147        11.625374      
117             356.883000      3552.294511     302.954216      0.100142        11.725516      
118             356.912000      3588.032824     303.411096      0.100132        11.825648      
119             356.891000      3623.769390     303.860132      0.100133        11.925781      
120             356.848000      3659.501294     304.301328      0.100132        12.025913      
121             356.919000      3695.240307     304.735823      0.100132        12.126045      
122             356.951000      3730.982525     305.163464      0.100132        12.226177      
123             357.022000      3766.731852     305.584734      0.100132        12.326309      
124             356.952000      3802.472742     305.998634      0.100128        12.426437      
125             357.027000      3838.211858     306.406411      0.100102        12.526539      
126             357.031000      3873.964229     306.807898      0.100138        12.626677      
127             357.055000      3909.717574     307.203240      0.100134        12.726811      
128             356.713000      3945.436317     307.589736      0.100133        12.826944      
129             356.624000      3981.170042     307.969807      0.100200        12.927144      
130             356.817000      4016.899198     308.345266      0.100133        13.027277      
131             356.925000      4052.639169     308.715822      0.100133        13.127410      
132             356.995000      4088.386150     309.081297      0.100133        13.227543      
133             356.963000      4124.129926     309.441040      0.100133        13.327676      
134             356.996000      4159.877006     309.795664      0.100133        13.427809      
135             357.038000      4195.627935     310.145345      0.100132        13.527941      
136             357.065000      4231.381568     310.490087      0.100132        13.628073      
137             356.820000      4267.119589     310.828096      0.100157        13.728230      
138             357.168000      4302.883892     311.163649      0.100133        13.828363      
139             357.201000      4338.651500     311.494615      0.100133        13.928496      
140             357.164000      4374.420760     311.820641      0.100148        14.028644      
141             357.220000      4410.192413     312.142413      0.100139        14.128783      
142             357.220000      4445.961924     312.459637      0.100133        14.228916      
143             357.280000      4481.737085     312.772843      0.100132        14.329048      
144             357.266000      4517.510844     313.081606      0.100132        14.429180      
145             357.332000      4553.291569     313.386570      0.100133        14.529313      
146             357.369000      4589.075999     313.687613      0.100133        14.629446      
147             357.402000      4624.863733     313.984788      0.100133        14.729579      
148             357.403000      4660.651211     314.277953      0.100132        14.829711      
149             357.437000      4696.442092     314.567413      0.100132        14.929843      
150             357.561000      4732.245748     314.853846      0.100133        15.029976      
151             357.625000      4768.047587     315.136846      0.100110        15.130086      
152             357.675000      4803.863015     315.416522      0.100134        15.230220      
153             357.642000      4839.674424     315.692322      0.100132        15.330352      
154             357.715000      4875.493500     315.965020      0.100133        15.430485      
155             357.775000      4911.318584     316.234588      0.100133        15.530618      
156             357.538000      4947.119579     316.499181      0.100132        15.630750      
157             357.745000      4982.941301     316.761724      0.100132        15.730882      
158             357.816000      5018.770491     317.021397      0.100133        15.831015      
159             357.816000      5054.605406     317.277846      0.100149        15.931164      
160             357.783000      5090.431648     317.530848      0.100134        16.031298      
161             357.816000      5126.261196     317.780913      0.100134        16.131432      
162             357.843000      5162.091300     318.028045      0.100128        16.231560      
163             357.816000      5197.920131     318.271991      0.100132        16.331692      
164             357.853000      5233.753026     318.513192      0.100133        16.431825      
165             357.918000      5269.592429     318.751864      0.100133        16.531958      
166             358.121000      5305.451801     318.988882      0.100132        16.632090      
167             358.090000      5341.308427     319.222881      0.100133        16.732223      
168             358.150000      5377.175359     319.454480      0.100145        16.832368      
169             358.285000      5413.051511     319.684110      0.100133        16.932501      
170             358.300000      5448.928806     319.911126      0.100132        17.032633      
171             358.329000      5484.825130     320.135759      0.100177        17.132810      
172             358.300000      5520.702426     320.357512      0.100132        17.232942      
173             358.329000      5556.582984     320.576873      0.100133        17.333075      
174             358.359000      5592.466187     320.793884      0.100132        17.433207      
175             358.355000      5628.348990     321.008394      0.100132        17.533339      
176             358.236000      5664.219877     321.219791      0.100132        17.633471      
177             358.281000      5700.095629     321.429058      0.100133        17.733604      
178             358.276000      5735.970521     321.635944      0.100132        17.833736      
179             358.292000      5771.847374     321.840612      0.100133        17.933869      
180             358.309000      5807.725929     322.043101      0.100133        18.034002      
181             358.342000      5843.607430     322.243534      0.100132        18.134134      
182             358.375000      5879.492594     322.441949      0.100133        18.234267      
183             358.375000      5915.377758     322.638197      0.100133        18.334400      
184             358.445000      5951.269214     322.832689      0.100131        18.434531      
185             358.240000      5987.140860     323.023976      0.100133        18.534664      
186             358.134000      6023.001534     323.212636      0.100132        18.634796      
187             358.131000      6058.861907     323.399263      0.100132        18.734928      
188             358.160000      6094.731989     323.584095      0.100151        18.835079      
189             358.202000      6130.599830     323.767161      0.100133        18.935212      
190             358.203000      6166.467771     323.948306      0.100133        19.035345      
191             358.191000      6202.334510     324.127493      0.100133        19.135478      
192             358.191000      6238.198026     324.304798      0.100124        19.235602      
193             358.191000      6274.065840     324.480288      0.100136        19.335738      
194             358.255000      6309.934331     324.654272      0.100120        19.435858      
195             358.161000      6345.798066     324.826013      0.100133        19.535991      
196             358.100000      6381.654977     324.995688      0.100131        19.636122      
197             358.167000      6417.520746     325.163991      0.100137        19.736259      
198             358.192000      6453.402630     325.330784      0.100175        19.836434      
199             358.252000      6489.275835     325.496135      0.100134        19.936568      
200             358.313000      6525.154791     325.660137      0.100133        20.036701      
201             358.343000      6561.036751     325.822657      0.100133        20.136834      
202             358.332000      6596.916892     325.983510      0.100131        20.236965      
203             358.298000      6632.793988     326.142615      0.100132        20.337097      
204             358.261000      6668.682783     326.300045      0.100175        20.437272      
205             358.342000      6704.564284     326.456269      0.100132        20.537404      
206             358.257000      6740.437633     326.610566      0.100133        20.637537      
207             358.410000      6776.325584     326.764108      0.100131        20.737668      
208             358.503000      6812.241132     326.916699      0.100182        20.837850      
209             358.650000      6848.153474     327.068457      0.100132        20.937982      
210             358.695000      6884.070321     327.218986      0.100132        21.038114      
211             358.657000      6919.972963     327.367865      0.100103        21.138217      
212             358.667000      6955.887366     327.515432      0.100133        21.238350      
213             358.766000      6991.811323     327.662077      0.100132        21.338482      
214             358.830000      7027.760706     327.807727      0.100185        21.438667      
215             358.739000      7063.682319     327.951526      0.100133        21.538800      
216             358.675000      7099.597522     328.093697      0.100133        21.638933      
217             358.794000      7135.525001     328.235108      0.100134        21.739067      
218             358.949000      7171.467641     328.375931      0.100133        21.839200      
219             359.013000      7207.416331     328.515760      0.100132        21.939332      
220             358.676000      7243.331635     328.652789      0.100133        22.039465      
221             358.458000      7279.224751     328.787590      0.100132        22.139597      
222             358.394000      7315.116477     328.920909      0.100146        22.239743      
223             358.285000      7350.992987     329.052527      0.100134        22.339877      
224             358.319000      7386.872185     329.183120      0.100132        22.440009      
225             358.488000      7422.768664     329.313305      0.100133        22.540142      
226             358.548000      7458.670792     329.442603      0.100132        22.640274      
227             358.559000      7494.574022     329.570810      0.100132        22.740406      
228             358.488000      7530.471218     329.697585      0.100135        22.840541      
229             358.488000      7566.367338     329.823251      0.100132        22.940673      
230             358.514000      7602.266421     329.947938      0.100133        23.040806      
231             358.990000      7638.213166     330.073605      0.100133        23.140939      
232             358.970000      7674.157550     330.198103      0.100132        23.241071      
233             359.060000      7710.111305     330.321919      0.100133        23.341204      
234             359.125000      7746.071210     330.444955      0.100132        23.441336      
235             359.060000      7782.025324     330.566669      0.100134        23.541470      
236             359.018000      7817.974873     330.687174      0.100133        23.641603      
237             359.060000      7853.925397     330.806828      0.100124        23.741727      
238             359.160000      7889.889165     330.925908      0.100133        23.841860      
239             359.225000      7925.859083     331.044262      0.100132        23.941992      
240             359.248000      7961.831303     331.161727      0.100132        24.042124      
241             359.283000      7997.807747     331.278365      0.100134        24.142258      
242             359.334000      8033.788579     331.394247      0.100132        24.242390      
243             359.347000      8069.771073     331.509231      0.100133        24.342523      
244             359.352000      8105.754066     331.623293      0.100133        24.442656      
245             359.170000      8141.721350     331.735689      0.100140        24.542796      
246             359.099000      8177.678651     331.846875      0.100132        24.642928      
247             359.028000      8213.636383     331.956897      0.100153        24.743081      
248             359.060000      8249.590856     332.066141      0.100135        24.843216      
249             359.158000      8285.554783     332.174900      0.100134        24.943350      
250             359.068000      8321.509339     332.282428      0.100133        25.043483      
251             359.038000      8357.450838     332.388951      0.100105        25.143588      
252             359.098000      8393.404807     332.494886      0.100123        25.243711      
253             359.131000      8429.366390     332.600127      0.100135        25.343846      
254             359.131000      8465.327613     332.704538      0.100134        25.443980      
255             359.129000      8501.288996     332.808124      0.100135        25.544115      
256             359.317000      8537.268485     332.911633      0.100133        25.644248      
257             359.476000      8573.280071     333.015002      0.100178        25.744426      
258             359.477000      8609.275582     333.117527      0.100133        25.844559      
259             359.447000      8645.268448     333.219146      0.100134        25.944693      
260             359.388000      8681.255046     333.319756      0.100133        26.044826      
261             359.478000      8717.250657     333.419940      0.100133        26.144959      
262             359.477000      8753.246167     333.519355      0.100133        26.245092      
263             359.478000      8789.242137     333.618020      0.100134        26.345226      
264             359.537000      8825.259475     333.716203      0.100177        26.445403      
265             359.580000      8861.264940     333.813763      0.100132        26.545535      
266             359.646000      8897.277373     333.910840      0.100133        26.645668      
267             359.660000      8933.299840     334.007264      0.100157        26.745825      
268             359.711000      8969.318421     334.103136      0.100132        26.845957      
269             359.743000      9005.340567     334.198415      0.100133        26.946090      
270             359.710000      9041.364445     334.292879      0.100147        27.046237      
271             359.710000      9077.386523     334.386642      0.100142        27.146379      
272             359.644000      9113.398396     334.479464      0.100132        27.246511      
273             359.709000      9149.417138     334.571845      0.100133        27.346644      
274             359.677000      9185.432315     334.663434      0.100132        27.446776      
275             359.677000      9221.447492     334.754358      0.100132        27.546908      
276             359.709000      9257.465874     334.844738      0.100132        27.647040      
277             359.709000      9293.493608     334.934490      0.100158        27.747198      
278             359.718000      9329.512891     335.023605      0.100132        27.847330      
279             359.771000      9365.537481     335.112272      0.100132        27.947462      
280             359.774000      9401.562731     335.200317      0.100133        28.047595      
281             359.804000      9437.590985     335.287842      0.100133        28.147728      
282             359.893000      9473.628150     335.375063      0.100133        28.247861      
283             359.889000      9509.664916     335.461653      0.100133        28.347994      
284             359.859000      9545.698317     335.547527      0.100132        28.448126      
285             359.826000      9581.728774     335.632683      0.100133        28.548259      
286             359.790000      9617.755266     335.717118      0.100132        28.648391      
287             359.792000      9653.781959     335.800972      0.100132        28.748523      
288             359.857000      9689.815520     335.884470      0.100133        28.848656      
289             359.852000      9725.848220     335.967372      0.100132        28.948788      
290             359.886000      9761.884685     336.049820      0.100133        29.048921      
291             359.894000      9797.922311     336.131731      0.100134        29.149055      
292             359.889000      9833.958716     336.213062      0.100132        29.249187      
293             359.788000      9869.985368     336.293494      0.100133        29.349320      
294             359.649000      9905.998101     336.372907      0.100133        29.449453      
295             359.630000      9942.008932     336.451717      0.100133        29.549586      
296             359.634000      9978.020163     336.530008      0.100133        29.649719      
297             359.664000      10014.034399    336.607873      0.100133        29.749852      
298             359.664000      10050.048274    336.685215      0.100132        29.849984      
299             359.578000      10086.070798    336.761789      0.100180        29.950164      
300             359.545000      10122.073477    336.837707      0.100134        30.050298      
301             359.565000      10158.077440    336.913186      0.100132        30.150430      
302             359.595000      10194.084766    336.988266      0.100133        30.250563      
303             359.447000      10230.076913    337.062361      0.100132        30.350695      
304             359.385000      10266.062852    337.135765      0.100132        30.450827      
305             359.390000      10302.051088    337.208708      0.100137        30.550964      
306             359.418000      10338.056505    337.281294      0.100177        30.651141      
307             359.459000      10374.050932    337.353511      0.100135        30.751276      
308             359.458000      10410.044900    337.425255      0.100134        30.851410      
309             359.361000      10446.028795    337.496221      0.100133        30.951543      
310             359.398000      10482.016395    337.566848      0.100133        31.051676      
311             359.426000      10518.006798    337.637111      0.100133        31.151809      
312             359.486000      10554.003569    337.707117      0.100134        31.251943      
313             359.457000      10589.997437    337.776583      0.100134        31.352077      
314             359.671000      10626.012373    337.846287      0.100133        31.452210      
315             359.914000      10662.052001    337.916321      0.100134        31.552344      
316             360.002000      10698.123842    337.986235      0.100199        31.652543      
317             360.054000      10734.177129    338.055827      0.100133        31.752676      
318             359.922000      10770.217198    338.124565      0.100133        31.852809      
319             359.919000      10806.262007    338.192874      0.100147        31.952956      
320             359.857000      10842.300606    338.260561      0.100147        32.053103      
321             359.820000      10878.330102    338.327702      0.100132        32.153235      
322             359.896000      10914.396000    338.394715      0.100212        32.253447      
323             359.929000      10950.436770    338.461363      0.100133        32.353580      
324             359.929000      10986.477181    338.527598      0.100132        32.453712      
325             359.977000      11022.522758    338.593575      0.100133        32.553845      
326             359.892000      11058.559823    338.658886      0.100133        32.653978      
327             359.926000      11094.599934    338.723902      0.100132        32.754110      
328             359.728000      11130.620578    338.787918      0.100133        32.854243      
329             359.848000      11166.653237    338.851910      0.100133        32.954376      
330             360.015000      11202.702259    338.916019      0.100132        33.054508      
331             360.056000      11238.756827    338.979867      0.100136        33.154644      
332             360.014000      11274.806469    339.043204      0.100134        33.254778      
333             353.765000      11310.230020    339.087399      0.100133        33.354911      
334             353.798000      11345.662535    339.131436      0.100149        33.455060      
335             353.761000      11381.085686    339.175092      0.100133        33.555193      
336             353.798000      11416.512187    339.218599      0.100132        33.655325      
337             354.405000      11451.999823    339.263648      0.100133        33.755458      
338             354.375000      11487.484455    339.308342      0.100133        33.855591      
339             354.141000      11522.945655    339.352083      0.100133        33.955724      
340             354.716000      11558.464433    339.397256      0.100133        34.055857      
341             354.180000      11593.929539    339.440594      0.100133        34.155990      
342             354.752000      11629.468594    339.485371      0.100180        34.256170      
343             354.753000      11664.983272    339.529860      0.100111        34.356281      
344             360.433000      11701.069824    339.590598      0.100120        34.456401      
345             360.406000      11737.157637    339.650913      0.100131        34.556532      
346             360.471000      11773.252319    339.711067      0.100132        34.656664      
347             360.472000      11809.347822    339.770879      0.100134        34.756798      
348             360.437000      11845.439821    339.830247      0.100134        34.856932      
349             360.433000      11881.531058    339.889263      0.100133        34.957065      
350             360.434000      11917.622396    339.947944      0.100133        35.057198      
351             360.434000      11953.713734    340.006292      0.100133        35.157331      
352             360.396000      11989.801266    340.064199      0.100133        35.257464      
353             360.357000      12025.884534    340.121668      0.100132        35.357596      
354             360.356000      12061.968061    340.178810      0.100133        35.457729      
355             360.455000      12098.061501    340.235909      0.100133        35.557862      
356             360.422000      12134.151998    340.292595      0.100134        35.657996      
357             360.383000      12170.238589    340.348855      0.100134        35.758130      
358             360.422000      12206.328725    340.404908      0.100133        35.858263      
359             360.427000      12242.419362    340.460664      0.100133        35.958396      
360             360.456000      12278.512903    340.516190      0.100133        36.058529      
361             360.456000      12314.606443    340.571408      0.100133        36.158662      
362             360.456000      12350.699624    340.626322      0.100132        36.258794      
363             360.521000      12386.804360    340.681119      0.100146        36.358940      
364             360.396000      12422.892613    340.735266      0.100135        36.459075      
365             360.260000      12458.966888    340.788743      0.100134        36.559209      
366             360.260000      12495.040803    340.841928      0.100133        36.659342      
367             360.260000      12531.114357    340.894822      0.100132        36.759474      
368             360.280000      12567.190274    340.947484      0.100133        36.859607      
369             360.299000      12603.267734    340.999912      0.100132        36.959739      
370             360.331000      12639.348758    341.052143      0.100133        37.059872      
371             360.331000      12675.430502    341.104094      0.100135        37.160007      
372             360.364000      12711.527804    341.155871      0.100169        37.260176      
373             360.066000      12747.582653    341.206555      0.100134        37.360310      
374             359.889000      12783.619418    341.256493      0.100133        37.460443      
375             359.912000      12819.665325    341.306237      0.100152        37.560595      
376             360.062000      12855.719413    341.356105      0.100133        37.660728      
377             360.124000      12891.779709    341.405873      0.100133        37.760861      
378             360.186000      12927.846214    341.455542      0.100133        37.860994      
379             360.189000      12963.918062    341.504963      0.100147        37.961141      
380             360.211000      12999.990672    341.554181      0.100143        38.061284      
381             360.119000      13036.050468    341.602894      0.100133        38.161417      
382             360.152000      13072.113568    341.651438      0.100133        38.261550      
383             359.844000      13108.146187    341.698925      0.100134        38.361684      
384             360.016000      13144.195669    341.746612      0.100133        38.461817      
385             359.963000      13180.260002    341.793941      0.100189        38.562006      
386             359.994000      13216.307281    341.841078      0.100133        38.662139      
387             359.951000      13252.350255    341.887861      0.100133        38.762272      
388             359.951000      13288.392869    341.934402      0.100132        38.862404      
389             359.963000      13324.436684    341.980735      0.100132        38.962536      
390             359.986000      13360.483162    342.026889      0.100133        39.062669      
391             360.094000      13396.540454    342.073084      0.100133        39.162802      
392             360.089000      13432.596886    342.119030      0.100132        39.262934      
393             360.124000      13468.657543    342.164832      0.100134        39.363068      
394             360.602000      13504.765703    342.211614      0.100133        39.463201      
395             360.738000      13540.887120    342.258503      0.100132        39.563333      
396             360.771000      13577.012203    342.305239      0.100133        39.663466      
397             360.803000      13613.140850    342.351821      0.100134        39.763600      
398             360.833000      13649.272141    342.398243      0.100133        39.863733      
399             360.940000      13685.413785    342.444701      0.100132        39.963865      
400             360.870000      13721.548781    342.490751      0.100133        40.063998      
401             360.833000      13757.680432    342.536481      0.100134        40.164132      
402             360.186000      13793.746937    342.580373      0.100133        40.264265      
403             360.189000      13829.802937    342.624042      0.100103        40.364368      
404             360.215000      13865.868743    342.667569      0.100123        40.464491      
405             360.215000      13901.931308    342.710876      0.100114        40.564605      
406             360.274000      13937.999779    342.754115      0.100114        40.664719      
407             360.274000      13974.067890    342.797142      0.100113        40.764832      
408             360.123000      14010.121964    342.839589      0.100116        40.864948      
409             360.095000      14046.176476    342.881764      0.100125        40.965073      
410             360.163000      14082.236716    342.923897      0.100122        41.065195      
411             360.168000      14118.294935    342.965835      0.100115        41.165310      
412             360.813000      14154.417368    343.009134      0.100114        41.265424      
413             360.846000      14190.542743    343.052303      0.100113        41.365537      
414             360.310000      14226.626349    343.093983      0.100146        41.465683      
415             360.347000      14262.702128    343.135538      0.100114        41.565797      
416             360.248000      14298.767997    343.176656      0.100114        41.665911      
417             360.253000      14334.834005    343.217588      0.100113        41.766024      
418             360.332000      14370.939272    343.258548      0.100200        41.866224      
419             360.368000      14407.011388    343.299358      0.100098        41.966322      
420             360.281000      14443.073714    343.339765      0.100095        42.066417      
421             360.244000      14479.128375    343.379888      0.100084        42.166501      
422             360.294000      14515.188039    343.419939      0.100084        42.266585      
423             360.260000      14551.245742    343.459722      0.100088        42.366673      
424             360.751000      14587.361968    343.500486      0.100114        42.466787      
425             360.572000      14623.518325    343.540701      0.100275        42.567062      
426             360.623000      14659.623179    343.580785      0.100118        42.667180      
427             360.568000      14695.730098    343.620560      0.100139        42.767319      
428             360.628000      14731.822109    343.660267      0.100081        42.867400      
429             360.703000      14767.917658    343.699959      0.100070        42.967470      
430             360.704000      14804.010782    343.739466      0.100063        43.067533      
431             360.734000      14840.105105    343.778857      0.100058        43.167591      
432             360.760000      14876.203111    343.818128      0.100061        43.267652      
433             360.793000      14912.304419    343.857294      0.100061        43.367713      
434             360.823000      14948.408008    343.896347      0.100059        43.467772      
435             360.852000      14984.515220    343.935289      0.100061        43.567833      
436             361.060000      15020.643245    343.974528      0.100061        43.667894      
437             361.121000      15056.779179    344.013730      0.100066        43.767960      
438             361.056000      15092.906442    344.052602      0.100060        43.868020      
439             361.092000      15129.037308    344.091380      0.100060        43.968080      
440             361.003000      15165.159990    344.129780      0.100062        44.068142      
441             361.122000      15201.293857    344.168274      0.100060        44.168202      
442             361.150000      15237.430526    344.206658      0.100060        44.268262      
443             361.182000      15273.570397    344.244941      0.100060        44.368322      
444             361.177000      15309.710129    344.283041      0.100061        44.468383      
445             361.233000      15345.855464    344.321096      0.100061        44.568444      
446             361.206000      15381.998098    344.358919      0.100061        44.668505      
447             360.872000      15418.107672    344.395827      0.100062        44.768567      
448             360.921000      15454.223592    344.432682      0.100066        44.868633      
449             360.863000      15490.331905    344.469241      0.100061        44.968694      
450             360.891000      15526.442658    344.505700      0.100060        45.068754      
451             360.821000      15562.547490    344.541844      0.100063        45.168817      
452             360.821000      15598.651239    344.577826      0.100060        45.268877      
453             360.817000      15634.754228    344.613641      0.100059        45.368936      
454             360.811000      15670.857337    344.649286      0.100061        45.468997      
455             360.747000      15706.953321    344.684633      0.100059        45.569056      
456             360.747000      15743.050388    344.719825      0.100062        45.669118      
457             360.836000      15779.155638    344.755058      0.100060        45.769178      
458             360.606000      15815.238595    344.789637      0.100062        45.869240      
459             360.496000      15851.310186    344.823825      0.100061        45.969301      
460             360.466000      15887.382379    344.857802      0.100071        46.069372      
461             360.496000      15923.453608    344.891694      0.100060        46.169432      
462             360.496000      15959.525559    344.925440      0.100062        46.269494      
463             360.526000      15995.599791    344.959104      0.100060        46.369554      
464             360.503000      16031.672442    344.992574      0.100062        46.469616      
465             360.555000      16067.749575    345.026012      0.100060        46.569676      
466             360.491000      16103.820305    345.059169      0.100060        46.669736      
467             360.517000      16139.893275    345.092239      0.100059        46.769795      
468             360.766000      16175.992243    345.125701      0.100062        46.869857      
469             360.935000      16212.107399    345.159379      0.100060        46.969917      
470             360.963000      16248.236546    345.192985      0.100091        47.070008      
471             360.996000      16284.360694    345.226510      0.100068        47.170076      
472             361.024000      16320.485117    345.259950      0.100061        47.270137      
473             361.059000      16356.613041    345.293322      0.100061        47.370198      
474             346.466000      16391.286665    345.295794      0.100078        47.470276      
475             321.336000      16423.451756    345.245378      0.100098        47.570374      
476             303.382000      16453.818474    345.157477      0.100094        47.670468      
477             273.850000      16481.247564    345.007966      0.100161        47.770629      
478             260.138000      16507.301946    344.830400      0.100156        47.870785      
479             226.338000      16529.971733    344.582999      0.100159        47.970944      
480             216.961000      16551.696472    344.317162      0.100132        48.071076      
481             178.713000      16569.594222    343.972871      0.100148        48.171224      
482             173.592000      16586.980849    343.619349      0.100158        48.271382      
483             151.895000      16602.188729    343.222511      0.100121        48.371503      
484             130.231000      16615.227066    342.782582      0.100117        48.471620      
485             122.927000      16627.534025    342.329416      0.100116        48.571736      
486             122.778000      16639.835521    341.877461      0.100193        48.671929      
487             122.746000      16652.126201    341.427576      0.100131        48.772060      
488             122.681000      16664.412703    340.979315      0.100150        48.872210      
489             122.653000      16676.694193    340.532911      0.100132        48.972342      
490             122.525000      16688.964215    340.088019      0.100143        49.072485      
491             122.482000      16701.228460    339.644904      0.100131        49.172616      
492             122.415000      16713.487343    339.203406      0.100142        49.272758      
493             122.350000      16725.743264    338.763440      0.100171        49.372929      
494             122.285000      16737.988884    338.325259      0.100140        49.473069      
