#timestep       power           acc-energy      avg-power       dt              acc-time       
1               79.709000       7.976798        79.709000       0.100074        0.100074       
2               76.354000       15.827288       78.008821       0.102817        0.202891       
3               76.162000       23.653695       77.387919       0.102760        0.305651       
4               76.162000       31.457558       77.080132       0.102464        0.408115       
5               76.162000       39.255861       76.895984       0.102391        0.510506       
6               76.433000       47.119212       76.818331       0.102879        0.613385       
7               76.162000       54.990555       76.723691       0.103350        0.716735       
8               76.162000       62.785355       76.653507       0.102345        0.819080       
9               76.162000       70.607801       76.598742       0.102708        0.921788       
10              76.162000       78.402601       76.555097       0.102345        1.024133       
11              77.037000       86.291729       76.598904       0.102407        1.126540       
12              64.438000       93.077824       75.559259       0.105312        1.231852       
13              177.108000      111.359089      83.410487       0.103221        1.335073       
14              280.444000      146.415991      100.279568      0.125005        1.460078       
15              282.744000      175.832677      112.416504      0.104040        1.564118       
16              283.918000      205.378603      123.115152      0.104065        1.668183       
17              283.942000      234.541718      132.442775      0.102708        1.770891       
18              284.243000      264.149322      140.875581      0.104163        1.875054       
19              284.791000      293.682718      148.417854      0.103702        1.978756       
20              285.086000      323.119273      155.195757      0.103255        2.082011       
21              285.709000      352.473016      161.333267      0.102740        2.184751       
22              285.410000      382.045487      166.951289      0.103614        2.288365       
23              285.115000      411.393230      172.037625      0.102933        2.391298       
24              285.709000      440.766115      176.723159      0.102807        2.494105       
25              286.006000      470.820197      181.141333      0.105082        2.599187       
26              286.582000      500.738498      185.212850      0.104397        2.703584       
27              286.006000      530.185676      188.910516      0.102960        2.806544       
28              285.987000      559.567981      192.338727      0.102740        2.909284       
29              286.284000      588.974787      195.542563      0.102719        3.012003       
30              286.554000      618.444287      198.547435      0.102841        3.114844       
31              287.149000      648.010871      201.382577      0.102966        3.217810       
32              286.284000      677.421971      204.009334      0.102734        3.320544       
33              286.554000      707.228459      206.516531      0.104017        3.424561       
34              286.879000      736.715030      208.858229      0.102784        3.527345       
35              287.149000      766.238828      211.075657      0.102817        3.630162       
36              287.752000      795.800742      213.185886      0.102734        3.732896       
37              286.879000      825.259199      215.158795      0.102686        3.835582       
38              287.149000      854.755145      217.036465      0.102720        3.938302       
39              287.428000      884.323150      218.828333      0.102871        4.041173       
40              287.752000      913.911825      220.538568      0.102827        4.144000       
41              287.752000      943.841486      222.184280      0.104012        4.248012       
42              287.428000      973.544008      223.733734      0.103339        4.351351       
43              287.428000      1003.257165     225.211818      0.103376        4.454727       
44              287.752000      1032.834330     226.622306      0.102787        4.557514       
45              288.023000      1062.456632     227.977324      0.102847        4.660361       
46              288.347000      1092.096397     229.280142      0.102792        4.763153       
47              288.049000      1121.695736     230.521219      0.102758        4.865911       
48              288.023000      1151.300756     231.710753      0.102787        4.968698       
49              288.597000      1185.206286     233.024749      0.117484        5.086182       
50              288.618000      1214.879391     234.126234      0.102811        5.188993       
51              288.319000      1244.493500     235.178126      0.102713        5.291706       
52              288.319000      1274.156047     236.191584      0.102881        5.394587       
53              288.597000      1303.802463     237.170862      0.102726        5.497313       
54              288.921000      1333.487073     238.120310      0.102743        5.600056       
55              292.125000      1364.009754     239.109466      0.104485        5.704541       
56              292.125000      1394.431067     240.059929      0.104138        5.808679       
57              292.395000      1424.465297     240.969317      0.102718        5.911397       
58              292.698000      1454.533869     241.852909      0.102729        6.014126       
59              292.727000      1484.597225     242.707081      0.102701        6.116827       
60              292.428000      1514.637476     243.528310      0.102727        6.219554       
61              292.428000      1544.680067     244.322913      0.102735        6.322289       
62              292.698000      1574.806887     245.097852      0.102928        6.425217       
63              293.030000      1604.927147     245.852585      0.102789        6.528006       
64              292.698000      1635.007428     246.578632      0.102769        6.630775       
65              292.698000      1665.694764     247.296501      0.104843        6.735618       
66              293.301000      1695.832909     247.987776      0.102755        6.838373       
67              292.698000      1726.363066     248.659497      0.104306        6.942679       
68              293.896000      1756.556178     249.319121      0.102734        7.045413       
69              293.267000      1787.102869     249.959385      0.104160        7.149573       
70              293.301000      1817.248932     250.573632      0.102782        7.252355       
71              293.030000      1847.358351     251.166754      0.102752        7.355107       
72              293.301000      1877.556622     251.748425      0.102960        7.458067       
73              293.571000      1907.839057     252.318979      0.103152        7.561219       
74              293.896000      1938.063322     252.876879      0.102840        7.664059       
75              293.301000      1968.654323     253.419619      0.104299        7.768358       
76              293.301000      1998.780735     253.940058      0.102715        7.871073       
77              293.571000      2029.069630     254.452819      0.103174        7.974247       
78              294.166000      2059.373434     254.959314      0.103016        8.077263       
79              293.896000      2089.581828     255.448571      0.102786        8.180049       
80              294.166000      2120.848144     255.945196      0.106288        8.286337       
81              293.571000      2151.268852     256.409906      0.103623        8.389960       
82              293.862000      2181.478747     256.863255      0.102803        8.492763       
83              294.464000      2211.751413     257.312973      0.102806        8.595569       
84              294.445000      2242.341010     257.756404      0.103889        8.699458       
85              294.140000      2272.575955     258.181285      0.102791        8.802249       
86              294.140000      2302.804428     258.596269      0.102769        8.905018       
87              294.166000      2333.016159     259.001823      0.102703        9.007721       
88              294.734000      2363.718010     259.410317      0.104168        9.111889       
89              84.307000       2372.357792     257.462860      0.102480        9.214369       
90              82.512000       2380.883509     255.522772      0.103327        9.317696       
91              82.048000       2389.286783     253.636689      0.102419        9.420115       
92              81.638000       2397.760399     251.762186      0.103795        9.523910       
93              81.126000       2406.067053     249.947181      0.102392        9.626302       
94              80.576000       2414.471291     248.131698      0.104302        9.730604       
95              81.126000       2422.866615     246.374282      0.103485        9.834089       
96              80.251000       2431.314397     244.614882      0.105267        9.939356       
97              80.251000       2439.554409     242.934291      0.102678        10.042034      
98              80.251000       2447.776365     241.291291      0.102453        10.144487      
99              80.493000       2456.016111     239.684917      0.102366        10.246853      
100             79.980000       2464.212541     238.103490      0.102481        10.349334      
