#timestep       power           acc-energy      avg-power       dt              acc-time       
1               120.290000      12.050532       120.290000      0.100179        0.100179       
2               120.290000      24.884392       120.290000      0.106691        0.206870       
3               120.263000      36.921997       120.281196      0.100094        0.306964       
4               120.181000      48.951514       120.256558      0.100095        0.407059       
5               120.081000      60.973664       120.221903      0.100117        0.507176       
6               119.965000      72.984919       120.179548      0.100123        0.607299       
7               119.881000      84.986806       120.137297      0.100115        0.707414       
8               119.730000      96.972737       120.086805      0.100108        0.807522       
9               119.667000      108.953557      120.040498      0.100118        0.907640       
10              119.696000      120.940753      120.006264      0.100147        1.007787       
11              119.543000      132.905333      119.964412      0.100086        1.107873       
12              119.444000      144.862514      119.921285      0.100107        1.207980       
13              119.407000      156.814080      119.881933      0.100091        1.308071       
14              119.426000      168.770533      119.849518      0.100116        1.408187       
15              119.433000      180.726374      119.821874      0.100105        1.508292       
16              119.433000      192.683528      119.797668      0.100116        1.608408       
17              119.465000      204.642811      119.778176      0.100107        1.708515       
18              119.432000      216.600223      119.759013      0.100119        1.808634       
19              119.378000      228.550797      119.739030      0.100107        1.908741       
20              119.411000      240.502644      119.722686      0.100090        2.008831       
21              138.675000      254.382486      120.622160      0.100089        2.108920       
22              164.955000      270.892337      122.630819      0.100087        2.209007       
23              182.795000      289.187740      125.238617      0.100087        2.309094       
24              205.093000      309.715498      128.556183      0.100090        2.409184       
25              227.076000      332.443081      132.485869      0.100088        2.509272       
26              249.334000      357.398173      136.967804      0.100087        2.609359       
27              271.478000      384.570134      141.936710      0.100089        2.709448       
28              311.443000      415.741530      147.975209      0.100087        2.809535       
29              316.672000      447.444831      153.779659      0.100114        2.909649       
30              339.703000      481.454536      159.964162      0.100116        3.009765       
31              365.964000      518.083141      166.594093      0.100088        3.109853       
32              366.724000      554.787446      172.834211      0.100087        3.209940       
33              368.388000      591.659401      178.747444      0.100090        3.310030       
34              368.898000      628.582033      184.328474      0.100089        3.410119       
35              370.581000      665.672744      189.639171      0.100088        3.510207       
36              371.525000      702.857567      194.681532      0.100087        3.610294       
37              371.750000      740.063422      199.457743      0.100083        3.710377       
38              372.827000      777.378931      204.011566      0.100088        3.810465       
39              373.604000      814.772208      208.352171      0.100088        3.910553       
40              374.062000      852.211325      212.487561      0.100088        4.010641       
41              374.056000      889.649842      216.421428      0.100088        4.110729       
42              374.061000      927.089608      220.168477      0.100090        4.210819       
43              374.115000      964.546376      223.743865      0.100121        4.310940       
44              374.150000      1001.993927     227.156607      0.100087        4.411027       
45              374.150000      1039.441852     230.417946      0.100088        4.511115       
46              374.199000      1076.894307     233.538740      0.100087        4.611202       
47              374.167000      1114.352540     236.526960      0.100111        4.711313       
48              374.167000      1151.812269     239.390939      0.100115        4.811428       
49              374.199000      1189.280815     242.139218      0.100130        4.911558       
50              374.096000      1226.740544     244.775725      0.100134        5.011692       
51              374.096000      1264.200647     247.308965      0.100135        5.111827       
52              374.147000      1301.664734     249.745774      0.100132        5.211959       
53              374.168000      1339.130550     252.091088      0.100131        5.312090       
54              374.234000      1376.603349     254.350865      0.100132        5.412222       
55              374.272000      1414.091181     256.529875      0.100162        5.512384       
56              374.370000      1451.577223     258.632222      0.100131        5.612515       
57              374.436000      1489.069500     260.662005      0.100130        5.712645       
58              374.490000      1526.567558     262.622809      0.100131        5.812776       
59              374.584000      1564.075029     264.518794      0.100131        5.912907       
60              374.619000      1601.586004     266.352217      0.100131        6.013038       
61              374.888000      1639.123914     268.129985      0.100131        6.113169       
62              374.901000      1676.662751     269.850646      0.100130        6.213299       
63              374.936000      1714.205093     271.517284      0.100130        6.313429       
64              375.029000      1751.757497     273.133365      0.100132        6.413561       
65              375.059000      1789.312530     274.700205      0.100131        6.513692       
66              375.059000      1826.867562     276.219603      0.100131        6.613823       
67              375.132000      1864.429905     277.694769      0.100131        6.713954       
68              375.132000      1901.991872     279.126567      0.100130        6.814084       
69              375.138000      1939.554815     280.516995      0.100131        6.914215       
70              375.158000      1977.119385     281.867998      0.100130        7.014345       
71              375.188000      2014.686960     283.181396      0.100130        7.114475       
72              375.217000      2052.257813     284.458751      0.100131        7.214606       
73              375.198000      2089.826389     285.700863      0.100130        7.314736       
74              375.213000      2127.396842     286.909643      0.100131        7.414867       
75              375.127000      2164.958684     288.085065      0.100131        7.514998       
76              375.153000      2202.522753     289.229906      0.100130        7.615128       
77              375.165000      2240.085024     290.345099      0.100122        7.715250       
78              375.127000      2277.646865     291.431328      0.100131        7.815381       
79              375.179000      2315.213538     292.490723      0.100130        7.915511       
80              375.154000      2352.778084     293.523349      0.100131        8.015642       
81              374.953000      2390.322503     294.528014      0.100131        8.115773       
82              374.882000      2427.859437     295.507315      0.100130        8.215903       
83              375.019000      2465.410465     296.464693      0.100131        8.316034       
84              375.050000      2502.964596     297.399658      0.100131        8.416165       
85              375.085000      2540.522232     298.313050      0.100131        8.516296       
86              375.144000      2578.101532     299.206268      0.100173        8.616469       
87              375.194000      2615.670083     300.079169      0.100131        8.716600       
88              375.258000      2653.244666     300.932961      0.100130        8.816730       
89              375.353000      2690.829888     301.768670      0.100133        8.916863       
90              375.352000      2728.407128     302.585637      0.100112        9.016975       
91              375.652000      2766.008766     303.387838      0.100097        9.117072       
92              375.723000      2803.627280     304.173589      0.100123        9.217195       
93              375.720000      2841.248499     304.942480      0.100131        9.317326       
94              375.690000      2878.866339     305.694695      0.100130        9.417456       
95              375.755000      2916.497826     306.431904      0.100149        9.517605       
96              375.809000      2954.127957     307.154195      0.100131        9.617736       
97              375.788000      2991.755985     307.861384      0.100131        9.717867       
98              375.779000      3029.382737     308.554050      0.100130        9.817997       
99              375.854000      3067.014367     309.233440      0.100123        9.918120       
100             375.839000      3104.647502     309.899153      0.100131        10.018251      
101             375.809000      3142.277633     310.551394      0.100131        10.118382      
102             375.750000      3179.901856     311.190274      0.100131        10.218513      
103             375.755000      3217.526956     311.816809      0.100132        10.318645      
104             375.755000      3255.152055     312.431301      0.100132        10.418777      
105             375.723000      3292.773951     313.033790      0.100132        10.518909      
106             375.723000      3330.395470     313.624911      0.100131        10.619040      
107             375.587000      3368.003372     314.203717      0.100131        10.719171      
108             375.553000      3405.615381     314.771608      0.100151        10.819322      
109             375.553000      3443.220254     315.328977      0.100132        10.919454      
110             375.586000      3480.828431     315.876516      0.100132        11.019586      
111             375.722000      3518.461498     316.415579      0.100162        11.119748      
112             375.755000      3556.086222     316.945149      0.100131        11.219879      
113             375.853000      3593.721135     317.466223      0.100132        11.320011      
114             375.898000      3631.360553     317.978554      0.100132        11.420143      
115             375.987000      3669.008507     318.482747      0.100131        11.520274      
116             376.017000      3706.659842     318.978514      0.100132        11.620406      
117             375.987000      3744.308172     319.465555      0.100132        11.720538      
118             376.171000      3781.974550     319.945897      0.100131        11.820669      
119             376.252000      3819.649416     320.418856      0.100132        11.920801      
120             376.284000      3857.327485     320.884201      0.100132        12.020933      
121             376.289000      3895.006055     321.341900      0.100132        12.121065      
122             376.289000      3932.684249     321.792094      0.100131        12.221196      
123             376.353000      3970.369228     322.235495      0.100132        12.321328      
124             376.322000      4008.050726     322.671493      0.100131        12.421459      
125             376.324000      4045.732801     323.100539      0.100132        12.521591      
126             376.324000      4083.414875     323.522777      0.100132        12.621723      
127             376.322000      4121.096374     323.938348      0.100131        12.721854      
128             376.322000      4158.779001     324.347441      0.100134        12.821988      
129             376.322000      4196.467273     324.750254      0.100149        12.922137      
130             376.265000      4234.143816     325.146370      0.100133        13.022270      
131             376.265000      4271.820736     325.536444      0.100134        13.122404      
132             376.225000      4309.488759     325.920258      0.100121        13.222525      
133             376.186000      4347.156639     326.298047      0.100131        13.322656      
134             376.050000      4384.811278     326.669190      0.100132        13.422788      
135             376.050000      4422.465540     327.034832      0.100131        13.522919      
136             376.076000      4460.122782     327.395294      0.100132        13.623051      
137             375.847000      4497.756718     327.748821      0.100131        13.723182      
138             375.885000      4535.394459     328.097502      0.100131        13.823313      
139             375.961000      4573.040186     328.441717      0.100132        13.923445      
140             375.988000      4610.688240     328.781207      0.100131        14.023576      
141             376.020000      4648.345515     329.116163      0.100147        14.123723      
142             376.085000      4686.004035     329.446813      0.100133        14.223856      
143             376.119000      4723.665959     329.773079      0.100133        14.323989      
144             376.243000      4761.339923     330.095673      0.100132        14.424121      
145             376.273000      4799.016514     330.414022      0.100131        14.524252      
146             376.266000      4836.692405     330.727963      0.100131        14.624383      
147             376.243000      4874.365993     331.037479      0.100131        14.724514      
148             376.522000      4912.067894     331.344701      0.100132        14.824646      
149             376.431000      4949.760683     331.647190      0.100132        14.924778      
150             376.334000      4987.443383     331.944998      0.100131        15.024909      
151             376.334000      5025.126082     332.238862      0.100131        15.125040      
152             376.366000      5062.812363     332.529075      0.100132        15.225172      
153             376.429000      5100.504951     332.815907      0.100132        15.325304      
154             376.489000      5138.203548     333.099405      0.100132        15.425436      
155             376.503000      5175.903170     333.379333      0.100131        15.525567      
156             376.541000      5213.607350     333.655923      0.100133        15.625700      
157             376.582000      5251.314882     333.929246      0.100131        15.725831      
158             376.639000      5289.028498     334.199473      0.100132        15.825963      
159             376.677000      5326.745543     334.466539      0.100131        15.926094      
160             376.912000      5364.486118     334.731736      0.100131        16.026225      
161             376.983000      5402.234180     334.994083      0.100132        16.126357      
162             377.015000      5439.985069     335.253387      0.100131        16.226488      
163             377.015000      5477.735958     335.509511      0.100131        16.326619      
164             377.015000      5515.487224     335.762515      0.100132        16.426751      
165             377.015000      5553.238113     336.012450      0.100131        16.526882      
166             377.049000      5590.992784     336.259582      0.100132        16.627014      
167             377.022000      5628.744373     336.503592      0.100131        16.727145      
168             377.027000      5666.496841     336.744729      0.100132        16.827277      
169             377.092000      5704.255440     336.983396      0.100131        16.927408      
170             377.089000      5742.014116     337.219241      0.100132        17.027540      
171             377.089000      5779.800696     337.452499      0.100206        17.127746      
172             377.089000      5817.559372     337.682875      0.100132        17.227878      
173             376.995000      5855.321830     337.910124      0.100167        17.328045      
174             377.024000      5893.082292     338.134898      0.100154        17.428199      
175             376.995000      5930.831178     338.356887      0.100131        17.528330      
176             376.925000      5968.573432     338.575959      0.100132        17.628462      
177             376.874000      6006.310203     338.792266      0.100131        17.728593      
178             376.950000      6044.054960     339.006573      0.100132        17.828725      
179             376.933000      6081.803292     339.218420      0.100146        17.928871      
180             377.004000      6119.554588     339.428285      0.100135        18.029006      
181             377.033000      6157.307656     339.635986      0.100132        18.129138      
182             377.092000      6195.066255     339.841727      0.100131        18.229269      
183             377.201000      6232.850857     340.045896      0.100171        18.329440      
184             377.217000      6270.621972     340.247853      0.100131        18.429571      
185             377.266000      6308.397994     340.447892      0.100131        18.529702      
186             377.306000      6346.178398     340.645998      0.100132        18.629834      
187             377.436000      6383.971442     340.842679      0.100131        18.729965      
188             377.512000      6421.772096     341.037672      0.100131        18.830096      
189             377.480000      6459.570679     341.230438      0.100134        18.930230      
190             377.406000      6497.360719     341.420781      0.100131        19.030361      
191             377.343000      6535.144828     341.608804      0.100132        19.130493      
192             377.311000      6572.925733     341.794702      0.100132        19.230625      
193             377.278000      6610.702957     341.978501      0.100131        19.330756      
194             377.239000      6648.476652     342.160207      0.100132        19.430888      
195             377.252000      6686.251650     342.340116      0.100132        19.531020      
196             377.222000      6724.023643     342.518037      0.100132        19.631152      
197             377.102000      6761.783243     342.693541      0.100131        19.731283      
198             377.098000      6799.542443     342.867253      0.100131        19.831414      
199             377.122000      6837.313097     343.039381      0.100155        19.931569      
200             377.181000      6875.080985     343.210044      0.100132        20.031701      
201             377.324000      6912.868474     343.379744      0.100146        20.131847      
202             377.357000      6950.652476     343.547898      0.100128        20.231975      
203             377.359000      6988.438187     343.714411      0.100132        20.332107      
204             377.448000      7026.232433     343.879727      0.100131        20.432238      
205             377.526000      7064.034489     344.043811      0.100131        20.532369      
206             377.592000      7101.843531     344.206625      0.100132        20.632501      
207             377.602000      7139.653197     344.367912      0.100131        20.732632      
208             377.726000      7177.475657     344.528247      0.100132        20.832764      
209             377.756000      7215.307542     344.687218      0.100149        20.932913      
210             377.791000      7253.136511     344.844815      0.100132        21.033045      
211             377.773000      7290.964054     345.000835      0.100133        21.133178      
212             377.797000      7328.793624     345.155495      0.100132        21.233310      
213             377.826000      7366.625719     345.308838      0.100131        21.333441      
214             377.826000      7404.477461     345.460826      0.100183        21.433624      
215             377.838000      7442.310758     345.611379      0.100131        21.533755      
216             377.826000      7480.143609     345.760485      0.100133        21.633888      
217             377.871000      7517.980588     345.908423      0.100132        21.734020      
218             377.774000      7555.812765     346.054578      0.100145        21.834165      
219             377.806000      7593.631523     346.199482      0.100101        21.934266      
220             377.709000      7631.451903     346.342671      0.100131        22.034397      
221             377.676000      7669.268979     346.484415      0.100131        22.134528      
222             377.637000      7707.082527     346.624708      0.100132        22.234660      
223             377.403000      7744.874154     346.762699      0.100136        22.334796      
224             377.337000      7782.657285     346.899158      0.100131        22.434927      
225             377.400000      7820.446724     347.034684      0.100131        22.535058      
226             377.402000      7858.236741     347.169021      0.100132        22.635190      
227             377.460000      7896.032566     347.302429      0.100132        22.735322      
228             377.460000      7933.828013     347.434667      0.100131        22.835453      
229             377.549000      7971.632372     347.566139      0.100131        22.935584      
230             377.598000      8009.446924     347.696699      0.100145        23.035729      
231             377.668000      8047.263576     347.826414      0.100132        23.135861      
232             377.727000      8085.086514     347.955268      0.100133        23.235994      
233             377.828000      8122.918809     348.083446      0.100131        23.336125      
234             378.071000      8160.775815     348.211569      0.100132        23.436257      
235             378.160000      8198.641354     348.338979      0.100131        23.536388      
236             378.160000      8236.507271     348.465310      0.100132        23.636520      
237             378.206000      8274.377794     348.590770      0.100132        23.736652      
238             378.206000      8312.251343     348.715185      0.100140        23.836792      
239             378.190000      8350.120264     348.838483      0.100132        23.936924      
240             378.255000      8387.995693     348.961025      0.100132        24.037056      
241             378.277000      8425.873326     349.082641      0.100132        24.137188      
242             378.255000      8463.742704     349.203142      0.100116        24.237304      
243             378.205000      8501.612370     349.322462      0.100130        24.337434      
244             378.172000      8539.476842     349.440664      0.100125        24.437559      
245             378.199000      8577.346286     349.558018      0.100131        24.537690      
246             378.166000      8615.213182     349.674287      0.100133        24.637823      
247             378.127000      8653.075795     349.789455      0.100132        24.737955      
248             378.165000      8690.942212     349.903848      0.100132        24.838087      
249             378.183000      8728.810054     350.017393      0.100131        24.938218      
250             378.094000      8766.668985     350.129674      0.100131        25.038349      
251             378.094000      8804.528671     350.241064      0.100133        25.138482      
252             378.055000      8842.384074     350.351413      0.100132        25.238614      
253             378.054000      8880.240512     350.460889      0.100135        25.338749      
254             378.082000      8918.098619     350.569611      0.100132        25.438881      
255             378.082000      8955.956725     350.677480      0.100132        25.539013      
256             378.116000      8993.818237     350.784640      0.100132        25.639145      
257             378.116000      9031.697519     350.891015      0.100179        25.739324      
258             378.186000      9069.566040     350.996787      0.100132        25.839456      
259             378.130000      9107.428953     351.101527      0.100132        25.939588      
260             378.002000      9145.286609     351.204989      0.100152        26.039740      
261             377.967000      9183.132823     351.307504      0.100131        26.139871      
262             377.997000      9220.982419     351.409351      0.100132        26.240003      
263             378.092000      9258.841527     351.510785      0.100132        26.340135      
264             378.097000      9296.701136     351.611470      0.100132        26.440267      
265             378.186000      9334.569656     351.711730      0.100132        26.540399      
266             378.202000      9372.439779     351.811298      0.100132        26.640531      
267             378.268000      9410.316510     351.910366      0.100132        26.740663      
268             378.268000      9448.193242     352.008696      0.100132        26.840795      
269             378.277000      9486.070496     352.106327      0.100131        26.940926      
270             378.277000      9523.948129     352.203236      0.100132        27.041058      
271             378.498000      9561.847512     352.300244      0.100131        27.141189      
272             378.485000      9599.745972     352.396493      0.100132        27.241321      
273             378.426000      9637.638146     352.491819      0.100131        27.341452      
274             378.386000      9675.526693     352.586305      0.100132        27.441584      
275             378.317000      9713.408330     352.679852      0.100132        27.541716      
276             378.350000      9751.293273     352.772842      0.100132        27.641848      
277             378.349000      9789.178115     352.865157      0.100132        27.741980      
278             378.308000      9827.058851     352.956660      0.100132        27.842112      
279             378.307000      9864.939488     353.047504      0.100132        27.942244      
280             378.443000      9902.833364     353.138183      0.100131        28.042375      
281             378.435000      9940.726817     353.228190      0.100132        28.142507      
282             378.513000      9978.628081     353.317836      0.100132        28.242639      
283             378.551000      10016.533150    353.406982      0.100132        28.342771      
284             378.533000      10054.436795    353.495438      0.100133        28.442904      
285             378.498000      10092.336556    353.583149      0.100132        28.543036      
286             378.468000      10130.232936    353.670142      0.100131        28.643167      
287             378.433000      10168.126189    353.756407      0.100132        28.743299      
288             378.399000      10206.016037    353.841956      0.100132        28.843431      
289             378.429000      10243.909269    353.927017      0.100133        28.943564      
290             378.399000      10281.799117    354.011387      0.100132        29.043696      
291             378.300000      10319.686619    354.094855      0.100152        29.143848      
292             378.334000      10357.569959    354.177850      0.100132        29.243980      
293             378.299000      10395.449794    354.260159      0.100132        29.344112      
294             378.391000      10433.338464    354.342221      0.100131        29.444243      
295             378.490000      10471.237424    354.424063      0.100132        29.544375      
296             378.501000      10509.137486    354.505389      0.100132        29.644507      
297             378.495000      10547.036948    354.586147      0.100132        29.744639      
298             378.650000      10584.951551    354.666883      0.100131        29.844770      
299             378.643000      10622.882871    354.747092      0.100177        29.944947      
300             378.670000      10660.799855    354.826821      0.100132        30.045079      
301             378.695000      10698.719343    354.906102      0.100132        30.145211      
302             378.790000      10736.648343    354.985174      0.100132        30.245343      
303             378.905000      10774.588859    355.064103      0.100132        30.345475      
304             378.905000      10812.529374    355.142513      0.100132        30.445607      
305             378.840000      10850.463381    355.220196      0.100132        30.545739      
306             378.855000      10888.399269    355.297420      0.100133        30.645872      
307             378.852000      10926.334098    355.374131      0.100131        30.746003      
308             378.957000      10964.294979    355.450716      0.100172        30.846175      
309             378.885000      11002.233492    355.526541      0.100132        30.946307      
310             378.860000      11040.169501    355.601797      0.100132        31.046439      
311             378.873000      11078.107191    355.676612      0.100133        31.146572      
312             378.873000      11116.044881    355.750947      0.100133        31.246705      
313             378.898000      11153.984696    355.824886      0.100132        31.346837      
314             378.878000      11191.922508    355.898290      0.100132        31.446969      
315             378.789000      11229.851408    355.970947      0.100132        31.547101      
316             378.783000      11267.779707    356.043124      0.100132        31.647233      
317             378.777000      11305.707406    356.114827      0.100132        31.747365      
318             378.712000      11343.628975    356.185876      0.100133        31.847498      
319             378.553000      11381.534244    356.255980      0.100132        31.947630      
320             378.618000      11419.460030    356.325875      0.100169        32.047799      
321             378.605000      11457.370506    356.395269      0.100132        32.147931      
322             378.672000      11495.287691    356.464439      0.100132        32.248063      
323             378.475000      11533.185149    356.532572      0.100132        32.348195      
324             378.494000      11571.085268    356.600344      0.100134        32.448329      
325             378.494000      11608.985007    356.667698      0.100133        32.548462      
326             378.547000      11646.890054    356.734801      0.100133        32.648595      
327             378.586000      11684.798249    356.801613      0.100131        32.748726      
328             378.624000      11722.710627    356.868133      0.100132        32.848858      
329             378.666000      11760.627211    356.934377      0.100132        32.948990      
330             378.795000      11798.556712    357.000610      0.100132        33.049122      
331             378.831000      11836.490197    357.066552      0.100133        33.149255      
332             378.819000      11874.422479    357.132061      0.100133        33.249388      
333             379.021000      11912.374610    357.197783      0.100132        33.349520      
334             379.093000      11950.333950    357.263327      0.100132        33.449652      
335             353.995000      11985.780532    357.253572      0.100133        33.549785      
336             328.388000      12018.663336    357.167675      0.100134        33.649919      
337             303.193000      12049.022960    357.007538      0.100133        33.750052      
338             277.758000      12076.835425    356.773110      0.100132        33.850184      
339             252.320000      12102.100983    356.465036      0.100133        33.950317      
340             240.636000      12126.196828    356.124412      0.100134        34.050451      
341             217.399000      12147.965860    355.717651      0.100134        34.150585      
342             175.670000      12165.564129    355.191040      0.100178        34.250763      
343             150.120000      12180.596095    354.593257      0.100133        34.350896      
344             147.692000      12195.384938    353.991892      0.100133        34.451029      
345             124.464000      12207.847767    353.326702      0.100132        34.551161      
346             124.103000      12220.274325    352.664320      0.100131        34.651292      
347             123.853000      12232.676221    352.005015      0.100134        34.751426      
348             123.737000      12245.066378    351.349171      0.100133        34.851559      
349             123.707000      12257.453531    350.697000      0.100133        34.951692      
350             123.567000      12269.828766    350.048045      0.100150        35.051842      
351             123.567000      12282.202148    349.402884      0.100135        35.151977      
352             123.552000      12294.574027    348.761346      0.100135        35.252112      
353             123.492000      12306.939652    348.123285      0.100133        35.352245      
354             123.467000      12319.302649    347.488764      0.100132        35.452377      
