#timestep       power           acc-energy      avg-power       dt              acc-time       
1               123.143000      12.327353       123.143000      0.100106        0.100106       
2               123.143000      25.434448       123.143000      0.106438        0.206544       
3               123.018000      37.749042       123.102194      0.100104        0.306648       
4               123.011000      50.061828       123.079752      0.100095        0.406743       
5               122.880000      62.360887       123.040305      0.100090        0.506833       
6               122.677000      74.639996       122.980389      0.100093        0.606926       
7               122.553000      86.906203       122.919886      0.100089        0.707015       
8               122.429000      99.159999       122.859011      0.100089        0.807104       
9               122.297000      111.400584      122.797005      0.100089        0.907193       
10              122.166000      123.627934      122.734306      0.100088        1.007281       
11              122.068000      135.845720      122.674082      0.100090        1.107371       
12              121.980000      148.054577      122.616548      0.100089        1.207460       
13              121.243000      160.190152      122.511403      0.100093        1.307553       
14              121.224000      172.323705      122.419861      0.100092        1.407645       
15              121.202000      184.454934      122.339013      0.100091        1.507736       
16              121.190000      196.584720      122.267486      0.100089        1.607825       
17              121.190000      208.714385      122.204342      0.100088        1.707913       
18              121.160000      220.841168      122.146529      0.100089        1.808002       
19              121.149000      232.966850      122.094203      0.100089        1.908091       
20              121.149000      245.092654      122.047093      0.100090        2.008181       
21              121.149000      257.218821      122.004455      0.100093        2.108274       
22              139.478000      271.179313      122.796419      0.100091        2.208365       
23              158.680000      287.065403      124.352616      0.100114        2.308479       
24              177.887000      304.872603      126.577578      0.100104        2.408583       
25              197.166000      324.606554      129.393832      0.100088        2.508671       
26              207.799000      345.404740      132.401935      0.100088        2.608759       
27              235.900000      369.021632      136.226996      0.100114        2.708873       
28              255.211000      394.575910      140.468312      0.100130        2.809003       
29              274.529000      422.065048      145.082661      0.100132        2.909135       
30              293.862000      451.489744      150.033179      0.100131        3.009266       
31              313.202000      482.851286      155.287707      0.100132        3.109398       
32              313.320000      514.224958      160.218100      0.100133        3.209531       
33              314.325000      545.700520      164.880743      0.100137        3.309668       
34              314.401000      577.184322      169.271845      0.100139        3.409807       
35              314.556000      608.683645      173.416812      0.100139        3.509946       
36              314.651000      640.192482      177.334462      0.100139        3.610085       
37              314.741000      671.710646      181.043103      0.100140        3.710225       
38              314.771000      703.231814      184.557598      0.100140        3.810365       
39              314.870000      734.762895      187.894631      0.100140        3.910505       
40              314.937000      766.300372      191.066665      0.100139        4.010644       
41              315.041000      797.848577      194.086719      0.100140        4.110784       
42              315.249000      829.428015      196.969006      0.100173        4.210957       
43              315.241000      861.008859      199.717350      0.100180        4.311137       
44              315.217000      892.573113      202.339170      0.100135        4.411272       
45              315.250000      924.140987      204.845358      0.100136        4.511408       
46              315.250000      955.708546      207.242683      0.100135        4.611543       
47              315.282000      987.279624      209.538813      0.100136        4.711679       
48              315.271000      1018.850232     211.739189      0.100138        4.811817       
49              315.237000      1050.418065     213.849198      0.100140        4.911957       
50              315.271000      1081.989303     215.875571      0.100140        5.012097       
51              315.237000      1113.557451     217.821911      0.100141        5.112238       
52              315.237000      1145.124969     219.693428      0.100139        5.212377       
53              315.206000      1176.689067     221.493787      0.100138        5.312515       
54              315.277000      1208.259960     223.228828      0.100137        5.412652       
55              315.315000      1239.834974     224.901542      0.100138        5.512790       
56              315.353000      1271.413793     226.515251      0.100138        5.612928       
57              315.370000      1302.994314     228.072687      0.100138        5.713066       
58              315.391000      1334.577884     229.576873      0.100141        5.813207       
59              315.429000      1366.164628     231.030728      0.100139        5.913346       
60              315.391000      1397.747883     232.435543      0.100140        6.013486       
61              315.435000      1429.335544     233.795058      0.100140        6.113626       
62              315.499000      1460.929298     235.111772      0.100139        6.213765       
63              315.494000      1492.521921     236.386615      0.100137        6.313902       
64              315.499000      1524.115360     237.621742      0.100138        6.414040       
65              315.528000      1555.711387     238.819330      0.100137        6.514177       
66              315.618000      1587.306327     239.981653      0.100105        6.614282       
67              315.620000      1618.901467     241.109347      0.100105        6.714387       
68              315.643000      1650.494491     242.204097      0.100091        6.814478       
69              315.707000      1682.093289     243.268058      0.100089        6.914567       
70              315.736000      1713.694989     244.302071      0.100089        7.014656       
71              315.794000      1745.309127     245.308015      0.100110        7.114766       
72              315.794000      1776.924843     246.286092      0.100115        7.214881       
73              315.864000      1808.552621     247.238504      0.100131        7.315012       
74              315.830000      1840.176995     248.164735      0.100131        7.415143       
75              315.891000      1871.807792     249.067106      0.100132        7.515275       
76              315.858000      1903.435286     249.945313      0.100132        7.615407       
77              315.928000      1935.069472     250.801626      0.100131        7.715538       
78              315.928000      1966.701447     251.635939      0.100124        7.815662       
79              315.961000      1998.339570     252.449636      0.100133        7.915795       
80              315.982000      2029.979796     253.243267      0.100133        8.015928       
81              316.026000      2061.625059     254.017873      0.100135        8.116063       
82              316.059000      2093.275208     254.774037      0.100140        8.216203       
83              316.041000      2124.923237     255.511767      0.100139        8.316342       
84              316.129000      2156.580079     256.232988      0.100139        8.416481       
85              316.135000      2188.237206     256.937313      0.100138        8.516619       
86              316.135000      2219.912036     257.625648      0.100194        8.616813       
87              316.135000      2251.569479     258.297795      0.100139        8.716952       
88              316.166000      2283.241408     258.955259      0.100175        8.817127       
89              316.229000      2314.908264     259.598431      0.100139        8.917266       
90              316.229000      2346.575436     260.227324      0.100140        9.017406       
91              316.256000      2378.245944     260.842712      0.100142        9.117548       
92              316.227000      2409.911967     261.444383      0.100137        9.217685       
93              316.296000      2441.584900     262.033864      0.100137        9.317822       
94              316.317000      2473.260251     262.611038      0.100138        9.417960       
95              316.317000      2504.935919     263.176073      0.100139        9.518099       
96              316.363000      2536.616194     263.729822      0.100139        9.618238       
97              316.378000      2568.298287     264.272319      0.100140        9.718378       
98              316.378000      2599.980696     264.803755      0.100141        9.818519       
99              316.329000      2631.658199     265.323965      0.100141        9.918660       
100             316.363000      2663.339106     265.834116      0.100141        10.018801      
101             316.378000      2695.022464     266.334333      0.100144        10.118945      
102             316.348000      2726.701869     266.824437      0.100141        10.219086      
103             316.396000      2758.386081     267.305495      0.100141        10.319227      
104             316.408000      2790.070862     267.777412      0.100139        10.419366      
105             316.437000      2821.759496     268.240634      0.100142        10.519508      
106             316.437000      2853.445598     268.695084      0.100134        10.619642      
107             316.437000      2885.133600     269.141070      0.100140        10.719782      
108             316.462000      2916.824421     269.579037      0.100141        10.819923      
109             316.528000      2948.522168     270.009580      0.100142        10.920065      
110             316.528000      2980.219598     270.432295      0.100141        11.020206      
111             316.528000      3011.917345     270.847400      0.100142        11.120348      
112             316.561000      3043.618397     271.255391      0.100142        11.220490      
113             316.561000      3075.319448     271.656163      0.100142        11.320632      
114             316.561000      3107.031580     272.050043      0.100177        11.420809      
115             316.529000      3138.729110     272.436658      0.100141        11.520950      
116             316.558000      3170.430495     272.816870      0.100144        11.621094      
117             316.618000      3202.136938     273.191088      0.100141        11.721235      
118             316.618000      3233.844647     273.558979      0.100145        11.821380      
119             316.618000      3265.551724     273.920683      0.100143        11.921523      
120             316.618000      3297.255317     274.276322      0.100132        12.021655      
121             316.660000      3328.963116     274.626432      0.100132        12.121787      
122             316.660000      3360.670916     274.970806      0.100132        12.221919      
123             316.678000      3392.380517     275.309729      0.100132        12.322051      
124             316.725000      3424.094825     275.643566      0.100132        12.422183      
125             316.758000      3455.812754     275.972332      0.100133        12.522316      
126             316.725000      3487.528011     276.295627      0.100135        12.622451      
127             316.692000      3519.239332     276.613566      0.100133        12.722584      
128             316.725000      3550.953956     276.926798      0.100133        12.822717      
129             316.725000      3582.682833     277.235312      0.100178        12.922895      
130             316.737000      3614.409111     277.539137      0.100166        13.023061      
131             316.725000      3646.123736     277.838134      0.100133        13.123194      
132             316.758000      3677.832795     278.132771      0.100105        13.223299      
133             316.737000      3709.549888     278.422915      0.100137        13.323436      
134             316.737000      3741.266981     278.708730      0.100137        13.423573      
135             316.737000      3772.984708     278.990318      0.100139        13.523712      
136             316.737000      3804.702434     279.267766      0.100139        13.623851      
137             316.767000      3836.423482     279.541387      0.100140        13.723991      
138             316.796000      3868.147116     279.811252      0.100139        13.824130      
139             316.856000      3899.877393     280.077671      0.100141        13.924271      
140             316.856000      3931.606402     280.340275      0.100137        14.024408      
141             316.823000      3963.331156     280.598915      0.100134        14.124542      
142             316.796000      3995.053524     280.853725      0.100135        14.224677      
143             316.856000      4026.781583     281.105390      0.100134        14.324811      
144             316.856000      4058.509641     281.353561      0.100134        14.424945      
145             316.823000      4090.233762     281.598078      0.100132        14.525077      
146             316.791000      4121.954995     281.839030      0.100133        14.625210      
147             316.823000      4153.679116     282.076920      0.100132        14.725342      
148             316.856000      4185.406541     282.311820      0.100132        14.825474      
149             316.856000      4217.134599     282.543572      0.100134        14.925608      
150             316.826000      4248.860921     282.772045      0.100138        15.025746      
151             316.826000      4280.585343     282.997479      0.100132        15.125878      
152             316.921000      4312.319910     283.220577      0.100134        15.226012      
153             316.915000      4344.054510     283.440726      0.100136        15.326148      
154             316.888000      4375.787041     283.657845      0.100138        15.426286      
155             316.915000      4407.522592     283.872340      0.100139        15.526425      
156             317.019000      4439.268875     284.084754      0.100140        15.626565      
157             317.034000      4471.019196     284.294575      0.100148        15.726713      
158             316.986000      4502.762491     284.501423      0.100141        15.826854      
159             317.004000      4534.507588     284.705783      0.100141        15.926995      
160             317.004000      4566.266000     284.907674      0.100183        16.027178      
161             317.019000      4598.012917     285.107068      0.100142        16.127320      
162             317.034000      4629.761019     285.304092      0.100141        16.227461      
163             317.052000      4661.513459     285.498824      0.100149        16.327610      
164             317.098000      4693.267653     285.691446      0.100140        16.427750      
165             317.090000      4725.020094     285.881680      0.100137        16.527887      
166             317.098000      4756.773971     286.069674      0.100139        16.628026      
167             317.069000      4788.524309     286.255240      0.100137        16.728163      
168             317.103000      4820.270759     286.438758      0.100114        16.828277      
169             317.095000      4852.012920     286.620038      0.100103        16.928380      
170             317.103000      4883.752393     286.799214      0.100092        17.028472      
171             317.199000      4915.510357     286.976907      0.100120        17.128592      
172             317.237000      4947.261340     287.152696      0.100086        17.228678      
173             317.232000      4979.027683     287.326512      0.100136        17.328814      
174             317.232000      5010.786413     287.498290      0.100112        17.428926      
175             317.166000      5042.532510     287.667696      0.100093        17.529019      
176             317.237000      5074.298085     287.835647      0.100132        17.629151      
177             317.232000      5106.049836     288.001603      0.100090        17.729241      
178             317.308000      5137.809828     288.166126      0.100092        17.829333      
179             317.270000      5169.565700     288.328599      0.100091        17.929424      
180             317.296000      5201.324491     288.489413      0.100092        18.029516      
181             317.379000      5233.100476     288.648954      0.100120        18.129636      
182             317.331000      5264.867848     288.806461      0.100108        18.229744      
183             317.296000      5296.626322     288.962030      0.100091        18.329835      
184             317.270000      5328.383146     289.115772      0.100094        18.429929      
185             317.340000      5360.147293     289.268233      0.100095        18.530024      
186             317.326000      5391.910356     289.418982      0.100096        18.630120      
187             317.340000      5423.675138     289.568196      0.100097        18.730217      
188             317.361000      5455.442340     289.715936      0.100098        18.830315      
189             317.308000      5487.204236     289.861834      0.100098        18.930413      
190             317.270000      5518.963915     290.006005      0.100103        19.030516      
191             317.262000      5550.721841     290.148620      0.100100        19.130616      
192             317.292000      5582.482770     290.289908      0.100100        19.230716      
193             317.336000      5614.247786     290.429958      0.100099        19.330815      
194             317.336000      5646.020736     290.568600      0.100124        19.430939      
195             317.356000      5677.788706     290.705893      0.100102        19.531041      
196             317.407000      5709.561147     290.842043      0.100100        19.631141      
197             317.407000      5741.333905     290.976813      0.100101        19.731242      
198             317.407000      5773.107298     291.110225      0.100103        19.831345      
199             317.478000      5804.888751     291.242657      0.100106        19.931451      
200             317.486000      5836.670052     291.373802      0.100103        20.031554      
201             317.588000      5868.460610     291.504146      0.100100        20.131654      
202             317.554000      5900.248083     291.633033      0.100101        20.231755      
203             317.592000      5932.039995     291.760841      0.100103        20.331858      
204             317.590000      5963.831072     291.887384      0.100101        20.431959      
205             317.559000      5995.619045     292.012543      0.100101        20.532060      
206             317.559000      6027.406066     292.136483      0.100098        20.632158      
207             317.592000      6059.197978     292.259391      0.100103        20.732261      
208             317.590000      6090.988420     292.381104      0.100099        20.832360      
209             317.592000      6122.780649     292.501669      0.100104        20.932464      
210             317.559000      6154.568940     292.620926      0.100102        21.032566      
211             317.590000      6186.360334     292.739200      0.100102        21.132668      
212             317.590000      6218.151728     292.856360      0.100102        21.232770      
213             317.590000      6249.951380     292.972449      0.100128        21.332898      
214             317.630000      6281.755990     293.087645      0.100131        21.433029      
215             317.625000      6313.550570     293.201711      0.100101        21.533130      
216             317.631000      6345.345750     293.314750      0.100101        21.633231      
217             317.625000      6377.138425     293.426714      0.100095        21.733326      
218             317.625000      6408.930146     293.537647      0.100092        21.833418      
219             317.655000      6440.723918     293.647702      0.100089        21.933507      
220             317.655000      6472.518642     293.756759      0.100092        22.033599      
221             317.655000      6504.312731     293.864829      0.100090        22.133689      
222             317.664000      6536.107403     293.971965      0.100089        22.233778      
223             317.686000      6567.904595     294.078240      0.100090        22.333868      
224             317.686000      6599.702739     294.183570      0.100093        22.433961      
225             317.697000      6631.501032     294.288010      0.100090        22.534051      
226             317.685000      6663.306066     294.391499      0.100115        22.634166      
227             317.763000      6695.124628     294.494439      0.100133        22.734299      
228             317.775000      6726.944075     294.596527      0.100132        22.834431      
229             317.730000      6758.759015     294.697528      0.100132        22.934563      
230             317.775000      6790.578779     294.797847      0.100133        23.034696      
231             317.862000      6822.415519     294.897700      0.100159        23.134855      
232             317.865000      6854.244295     294.996679      0.100133        23.234988      
233             317.829000      6886.069466     295.094654      0.100133        23.335121      
234             317.865000      6917.909686     295.191981      0.100169        23.435290      
235             317.895000      6949.741784     295.288574      0.100134        23.535424      
236             317.962000      6981.579955     295.384630      0.100132        23.635556      
237             317.929000      7013.415139     295.479737      0.100133        23.735689      
238             317.929000      7045.250006     295.574044      0.100132        23.835821      
239             317.995000      7077.092117     295.667840      0.100134        23.935955      
240             317.986000      7108.942549     295.760844      0.100163        24.036118      
241             317.962000      7140.787715     295.852968      0.100154        24.136272      
242             317.962000      7172.626522     295.944313      0.100134        24.236406      
243             317.986000      7204.467096     296.035003      0.100132        24.336538      
244             317.962000      7236.305585     296.124852      0.100133        24.436671      
245             317.962000      7268.145982     296.213973      0.100139        24.536810      
246             317.995000      7299.987775     296.302499      0.100133        24.636943      
247             317.956000      7331.825345     296.390149      0.100132        24.737075      
248             317.956000      7363.662915     296.477092      0.100132        24.837207      
249             317.925000      7395.497699     296.563214      0.100133        24.937340      
250             317.928000      7427.332466     296.648658      0.100132        25.037472      
251             317.895000      7459.163928     296.733290      0.100132        25.137604      
252             317.896000      7490.996444     296.817256      0.100135        25.237739      
253             317.895000      7522.828860     296.900555      0.100135        25.337874      
254             317.962000      7554.682611     296.983500      0.100181        25.438055      
255             318.015000      7586.526407     297.065963      0.100133        25.538188      
256             317.985000      7618.367199     297.147664      0.100133        25.638321      
257             317.955000      7650.225018     297.228664      0.100196        25.738517      
258             318.027000      7682.070016     297.309264      0.100133        25.838650      
259             318.045000      7713.916816     297.389311      0.100133        25.938783      
260             318.105000      7745.775350     297.468988      0.100151        26.038934      
261             318.105000      7777.628476     297.548041      0.100134        26.139068      
262             318.135000      7809.484606     297.626605      0.100134        26.239202      
263             318.104000      7841.337632     297.704454      0.100134        26.339336      
264             318.104000      7873.190976     297.781713      0.100135        26.439471      
265             318.027000      7905.036609     297.858100      0.100135        26.539606      
266             318.045000      7936.884045     297.933979      0.100135        26.639741      
267             318.105000      7968.742579     298.009527      0.100151        26.739892      
268             318.135000      8000.604436     298.084624      0.100152        26.840044      
269             318.126000      8032.461255     298.159120      0.100139        26.940183      
270             318.158000      8064.334324     298.233212      0.100180        27.040363      
271             318.126000      8096.187326     298.306601      0.100127        27.140490      
272             318.105000      8128.039816     298.379377      0.100132        27.240622      
273             318.135000      8159.897536     298.451734      0.100139        27.340761      
274             318.225000      8191.765543     298.523895      0.100143        27.440904      
275             318.225000      8223.631639     298.595527      0.100137        27.541041      
276             318.225000      8255.497100     298.666638      0.100135        27.641176      
277             318.225000      8287.362560     298.737236      0.100135        27.741311      
278             318.225000      8319.228657     298.807327      0.100137        27.841448      
279             318.225000      8351.095072     298.876917      0.100138        27.941586      
280             318.225000      8382.963715     298.946014      0.100145        28.041731      
281             318.195000      8414.828398     299.014511      0.100142        28.141873      
282             318.290000      8446.705142     299.082865      0.100150        28.242023      
283             318.257000      8478.577626     299.150616      0.100147        28.342170      
284             318.284000      8510.451540     299.217983      0.100143        28.442313      
285             318.254000      8542.321814     299.284771      0.100141        28.542454      
286             318.284000      8574.197320     299.351201      0.100148        28.642602      
287             318.314000      8606.073602     299.417269      0.100141        28.742743      
288             318.314000      8637.950521     299.482878      0.100143        28.842886      
289             318.322000      8669.832698     299.548071      0.100157        28.943043      
290             318.355000      8701.713404     299.612918      0.100142        29.043185      
291             318.343000      8733.593227     299.677279      0.100143        29.143328      
292             318.323000      8765.475186     299.741138      0.100156        29.243484      
293             318.343000      8797.365832     299.804644      0.100177        29.343661      
294             318.355000      8829.245584     299.867734      0.100139        29.443800      
295             318.355000      8861.125335     299.930396      0.100139        29.543939      
296             318.323000      8893.002519     299.992529      0.100141        29.644080      
297             318.343000      8924.882023     300.054310      0.100142        29.744222      
298             318.373000      8956.764532     300.115778      0.100142        29.844364      
299             318.373000      8988.665825     300.176871      0.100201        29.944565      
300             318.388000      9020.549836     300.237571      0.100142        30.044707      
301             318.421000      9052.437152     300.297976      0.100142        30.144849      
302             318.486000      9084.330977     300.358197      0.100142        30.244991      
303             318.492000      9116.224129     300.418038      0.100138        30.345129      
304             318.462000      9148.114277     300.477387      0.100138        30.445267      
305             318.486000      9180.010968     300.536433      0.100151        30.545418      
306             318.492000      9211.904757     300.595106      0.100140        30.645558      
307             318.519000      9243.801250     300.653485      0.100140        30.745698      
308             318.519000      9275.697742     300.711485      0.100140        30.845838      
309             318.551000      9307.598077     300.769214      0.100142        30.945980      
310             318.617000      9339.504702     300.826783      0.100141        31.046121      
311             318.611000      9371.411044     300.883963      0.100142        31.146263      
312             318.611000      9403.317706     300.940777      0.100143        31.246406      
313             318.617000      9435.226561     300.997250      0.100148        31.346554      
314             318.617000      9467.133186     301.053360      0.100141        31.446695      
315             318.581000      9499.036843     301.109000      0.100143        31.546838      
316             318.551000      9530.936540     301.164191      0.100140        31.646978      
317             318.551000      9562.836556     301.219035      0.100141        31.747119      
318             318.581000      9594.740213     301.273630      0.100143        31.847262      
319             318.551000      9626.640866     301.327788      0.100143        31.947405      
320             318.551000      9658.541200     301.381607      0.100142        32.047547      
321             318.519000      9690.437693     301.434989      0.100140        32.147687      
322             318.486000      9722.331836     301.487940      0.100143        32.247830      
323             318.492000      9754.225944     301.540580      0.100141        32.347971      
324             318.433000      9786.113824     301.592713      0.100140        32.448111      
325             318.486000      9818.006375     301.644687      0.100138        32.548249      
326             318.462000      9849.896205     301.696268      0.100137        32.648386      
327             318.492000      9881.788401     301.747624      0.100135        32.748521      
328             318.453000      9913.677648     301.798550      0.100138        32.848659      
329             318.462000      9945.566840     301.849192      0.100135        32.948794      
330             318.486000      9977.457799     301.899599      0.100133        33.048927      
331             318.486000      10009.364681    301.949726      0.100183        33.149110      
332             318.551000      10041.262786    301.999723      0.100135        33.249245      
333             318.584000      10073.163239    302.049518      0.100132        33.349377      
334             318.584000      10105.063692    302.099014      0.100132        33.449509      
335             318.584000      10136.964145    302.148215      0.100132        33.549641      
336             318.649000      10168.871107    302.197317      0.100132        33.649773      
337             318.649000      10200.778387    302.246127      0.100133        33.749906      
338             318.649000      10232.685667    302.294649      0.100133        33.850039      
339             318.649000      10264.592948    302.342885      0.100133        33.950172      
340             318.649000      10296.499909    302.390836      0.100132        34.050304      
341             318.714000      10328.428359    302.438720      0.100179        34.150483      
342             318.700000      10360.353813    302.486280      0.100174        34.250657      
343             318.700000      10392.265881    302.533542      0.100132        34.350789      
344             318.670000      10424.180363    302.580451      0.100149        34.450938      
345             318.759000      10456.098339    302.627338      0.100132        34.551070      
346             318.759000      10488.016316    302.673954      0.100132        34.651202      
347             318.759000      10519.938754    302.720308      0.100146        34.751348      
348             318.789000      10551.863241    302.766480      0.100143        34.851491      
349             318.818000      10583.789995    302.812469      0.100141        34.951632      
350             318.845000      10615.717539    302.858271      0.100135        35.051767      
351             318.818000      10647.641423    302.903733      0.100132        35.151899      
352             318.789000      10679.562403    302.948854      0.100132        35.252031      
353             318.818000      10711.486287    302.993802      0.100132        35.352163      
354             318.812000      10743.409570    303.038479      0.100132        35.452295      
355             318.789000      10775.330550    303.082840      0.100132        35.552427      
356             318.818000      10807.254753    303.127034      0.100133        35.652560      
357             318.818000      10839.180550    303.170982      0.100138        35.752698      
358             318.794000      10871.102031    303.214615      0.100132        35.852830      
359             318.793000      10903.023411    303.258002      0.100132        35.952962      
360             318.785000      10934.943991    303.301126      0.100132        36.053094      
361             318.817000      10966.867775    303.344099      0.100132        36.153226      
362             318.817000      10998.791559    303.386835      0.100132        36.253358      
363             318.752000      11030.708834    303.429157      0.100132        36.353490      
364             318.784000      11062.629632    303.471335      0.100133        36.453623      
365             318.763000      11094.547690    303.513223      0.100131        36.553754      
366             318.698000      11126.459558    303.554705      0.100132        36.653886      
367             318.698000      11158.371426    303.595961      0.100132        36.754018      
368             318.698000      11190.285525    303.636996      0.100139        36.854157      
369             318.727000      11222.200297    303.677884      0.100132        36.954289      
370             318.680000      11254.110363    303.718424      0.100132        37.054421      
371             318.680000      11286.020748    303.758746      0.100133        37.154554      
372             318.698000      11317.942177    303.798912      0.100162        37.254716      
373             318.757000      11349.861228    303.839009      0.100136        37.354852      
374             318.757000      11381.792073    303.878907      0.100173        37.455025      
375             318.787000      11413.713490    303.918657      0.100134        37.555159      
376             318.822000      11445.638093    303.958288      0.100133        37.655292      
377             318.852000      11477.565701    303.997788      0.100133        37.755425      
378             318.852000      11509.493946    304.037081      0.100135        37.855560      
379             318.849000      11541.421890    304.076157      0.100135        37.955695      
380             318.817000      11573.346631    304.114945      0.100135        38.055830      
381             318.849000      11605.274575    304.153612      0.100135        38.155965      
382             318.816000      11637.198897    304.191990      0.100134        38.256099      
383             318.855000      11669.127442    304.230270      0.100135        38.356234      
384             318.894000      11701.059893    304.268453      0.100135        38.456369      
385             318.829000      11733.002095    304.306287      0.100186        38.556555      
386             318.833000      11764.928437    304.343917      0.100135        38.656690      
387             318.768000      11796.848590    304.381184      0.100136        38.756826      
388             318.790000      11828.770626    304.418316      0.100135        38.856961      
389             318.790000      11860.692982    304.455257      0.100136        38.957097      
390             318.798000      11892.617414    304.492031      0.100140        39.057237      
391             318.863000      11924.548036    304.528782      0.100139        39.157376      
392             318.863000      11956.478657    304.565346      0.100139        39.257515      
393             318.863000      11988.409598    304.601725      0.100140        39.357655      
394             318.828000      12020.337991    304.637831      0.100143        39.457798      
395             318.792000      12052.262140    304.673662      0.100141        39.557939      
396             318.888000      12084.195266    304.709554      0.100139        39.658078      
397             318.921000      12116.141901    304.745360      0.100171        39.758249      
398             318.921000      12148.078969    304.780975      0.100141        39.858390      
399             318.960000      12180.019942    304.816509      0.100141        39.958531      
400             318.960000      12211.961554    304.851867      0.100143        40.058674      
401             318.922000      12243.899041    304.886953      0.100142        40.158816      
402             318.922000      12275.836847    304.921865      0.100143        40.258959      
403             318.958000      12307.778258    304.956692      0.100143        40.359102      
404             319.037000      12339.726942    304.991543      0.100141        40.459243      
405             319.005000      12371.673697    305.026143      0.100145        40.559388      
406             318.999000      12403.618576    305.060557      0.100141        40.659529      
407             318.934000      12435.556627    305.094642      0.100140        40.759669      
408             318.969000      12467.498502    305.128646      0.100141        40.859810      
409             319.004000      12499.456322    305.162582      0.100180        40.959990      
410             318.969000      12531.402025    305.196259      0.100153        41.060143      
411             319.004000      12563.350594    305.229856      0.100151        41.160294      
412             319.082000      12595.304423    305.263476      0.100143        41.260437      
413             319.082000      12627.257933    305.296933      0.100142        41.360579      
414             319.033000      12659.206854    305.330111      0.100143        41.460722      
415             319.049000      12691.156102    305.363166      0.100139        41.560861      
416             319.033000      12723.102791    305.396023      0.100136        41.660997      
417             319.076000      12755.054104    305.428825      0.100137        41.761134      
418             319.076000      12786.997441    305.461463      0.100112        41.861246      
419             319.093000      12818.945989    305.493989      0.100123        41.961369      
420             319.114000      12850.899512    305.526413      0.100132        42.061501      
421             319.043000      12882.845926    305.558514      0.100132        42.161633      
422             319.011000      12914.789135    305.590387      0.100132        42.261765      
423             318.972000      12946.728759    305.622018      0.100133        42.361898      
424             319.028000      12978.674308    305.653632      0.100134        42.462032      
425             319.093000      13010.626367    305.685250      0.100134        42.562166      
426             319.093000      13042.578425    305.716720      0.100134        42.662300      
427             319.129000      13074.548449    305.748141      0.100179        42.762479      
428             319.164000      13106.507617    305.779482      0.100134        42.862613      
429             319.115000      13138.461560    305.810563      0.100133        42.962746      
430             319.115000      13170.416778    305.841501      0.100137        43.062883      
431             319.186000      13202.378788    305.872460      0.100136        43.163019      
432             319.193000      13234.342455    305.903292      0.100139        43.263158      
433             319.193000      13266.307400    305.933983      0.100143        43.363301      
434             319.193000      13298.272345    305.964533      0.100143        43.463444      
435             319.164000      13330.234385    305.994876      0.100143        43.563587      
436             319.187000      13362.198410    306.025132      0.100142        43.663729      
437             319.187000      13394.160519    306.055247      0.100136        43.763865      
438             319.194000      13426.123010    306.085241      0.100135        43.864000      
439             319.164000      13458.081859    306.115029      0.100133        43.964133      
440             319.259000      13490.050540    306.144898      0.100134        44.064267      
441             319.186000      13522.011592    306.174466      0.100133        44.164400      
442             319.194000      13553.973764    306.203919      0.100134        44.264534      
443             319.147000      13585.931229    306.233132      0.100134        44.364668      
444             319.186000      13617.892600    306.262302      0.100134        44.464802      
445             319.186000      13649.853333    306.291340      0.100132        44.564934      
446             319.193000      13681.815405    306.320264      0.100134        44.665068      
447             319.186000      13713.776456    306.349042      0.100133        44.765201      
448             319.158000      13745.734704    306.377630      0.100133        44.865334      
449             319.128000      13777.689629    306.406023      0.100132        44.965466      
450             319.123000      13809.644373    306.434280      0.100133        45.065599      
451             319.093000      13841.596112    306.462344      0.100133        45.165732      
452             319.148000      13873.553678    306.490407      0.100134        45.265866      
453             319.158000      13905.511926    306.518367      0.100133        45.365999      
454             319.186000      13937.472978    306.546266      0.100133        45.466132      
455             319.223000      13969.437734    306.574123      0.100133        45.566265      
456             319.219000      14001.402090    306.601850      0.100133        45.666398      
457             319.188000      14033.363661    306.629387      0.100134        45.766532      
458             319.219000      14065.327698    306.656872      0.100132        45.866664      
459             319.284000      14097.298563    306.684378      0.100133        45.966797      
460             319.356000      14129.286538    306.711930      0.100164        46.066961      
461             319.323000      14161.261308    306.739283      0.100133        46.167094      
462             319.356000      14193.239382    306.766588      0.100133        46.267227      
463             319.356000      14225.217456    306.793776      0.100133        46.367360      
464             319.347000      14257.194949    306.820827      0.100134        46.467494      
465             319.356000      14289.173023    306.847781      0.100133        46.567627      
466             319.347000      14321.150196    306.874600      0.100133        46.667760      
467             319.377000      14353.130693    306.901369      0.100134        46.767894      
468             319.412000      14385.114055    306.928098      0.100132        46.868026      
469             319.412000      14417.098056    306.954713      0.100134        46.968160      
470             319.383000      14449.093526    306.981165      0.100179        47.068339      
471             319.383000      14481.074304    307.007492      0.100133        47.168472      
472             319.362000      14513.052979    307.033664      0.100133        47.268605      
473             319.353000      14545.031072    307.059706      0.100134        47.368739      
474             319.383000      14577.024945    307.085712      0.100174        47.468913      
475             319.412000      14609.000322    307.111652      0.100107        47.569020      
476             319.383000      14640.971838    307.137422      0.100104        47.669124      
477             319.362000      14672.937738    307.163036      0.100093        47.769217      
478             319.395000      14704.906303    307.188612      0.100091        47.869308      
479             319.413000      14736.876351    307.214119      0.100090        47.969398      
480             319.428000      14768.847580    307.239551      0.100089        48.069487      
481             319.427000      14800.819028    307.264874      0.100090        48.169577      
482             319.413000      14832.790034    307.290065      0.100093        48.269670      
483             319.472000      14864.766305    307.315273      0.100091        48.369761      
484             319.427000      14896.737754    307.340284      0.100090        48.469851      
485             319.427000      14928.711758    307.365193      0.100098        48.569949      
486             319.460000      14960.688426    307.390068      0.100096        48.670045      
487             319.472000      14992.664059    307.414863      0.100089        48.770134      
488             319.501000      15024.643873    307.439617      0.100093        48.870227      
489             319.460000      15056.618943    307.464186      0.100091        48.970318      
490             319.472000      15088.594896    307.488678      0.100090        49.070408      
491             319.531000      15120.576434    307.513191      0.100089        49.170497      
492             319.531000      15152.558611    307.537605      0.100091        49.270588      
493             319.525000      15184.539869    307.561907      0.100090        49.370678      
494             319.623000      15216.530615    307.586309      0.100089        49.470767      
495             319.623000      15248.521362    307.610612      0.100089        49.570856      
496             319.591000      15280.514338    307.634757      0.100106        49.670962      
497             319.558000      15312.499538    307.658735      0.100092        49.771054      
498             319.591000      15344.487720    307.682683      0.100091        49.871145      
499             319.590000      15376.475164    307.706533      0.100089        49.971234      
500             319.590000      15408.462607    307.730287      0.100089        50.071323      
501             319.558000      15440.446848    307.753883      0.100089        50.171412      
502             319.558000      15472.431089    307.777384      0.100089        50.271501      
503             318.547000      15504.315095    307.798784      0.100092        50.371593      
504             318.452000      15536.189274    307.819911      0.100091        50.471684      
505             318.422000      15568.060132    307.840894      0.100090        50.571774      
506             318.305000      15599.920234    307.861564      0.100093        50.671867      
507             318.452000      15631.794095    307.882442      0.100090        50.771957      
508             318.305000      15663.653879    307.902948      0.100092        50.872049      
509             318.338000      15695.516330    307.923439      0.100090        50.972139      
510             318.305000      15727.375159    307.943784      0.100089        51.072228      
511             318.273000      15759.231103    307.963988      0.100090        51.172318      
512             318.240000      15791.083427    307.984047      0.100089        51.272407      
513             319.323000      15823.053088    308.006145      0.100117        51.372524      
514             319.377000      15855.019851    308.028256      0.100091        51.472615      
515             319.460000      15886.994602    308.050443      0.100090        51.572705      
516             319.442000      15918.967233    308.072508      0.100089        51.672794      
517             319.471000      15950.943085    308.094544      0.100090        51.772884      
518             319.471000      15982.919576    308.116496      0.100092        51.872976      
519             319.472000      16014.905752    308.138371      0.100122        51.973098      
520             319.472000      16046.881704    308.160155      0.100090        52.073188      
521             301.970000      16077.105580    308.148280      0.100089        52.173277      
522             284.339000      16105.564502    308.102692      0.100088        52.273365      
523             266.685000      16132.256470    308.023541      0.100088        52.373453      
524             241.868000      16156.465764    307.897350      0.100093        52.473546      
525             222.374000      16178.723177    307.734530      0.100090        52.573636      
526             202.935000      16199.034535    307.535395      0.100088        52.673724      
527             163.883000      16215.437257    307.262952      0.100088        52.773812      
528             144.355000      16229.885605    306.954571      0.100089        52.873901      
529             124.836000      16242.380440    306.610473      0.100090        52.973991      
530             124.563000      16254.847826    306.267161      0.100089        53.074080      
531             124.426000      16267.301749    305.924877      0.100091        53.174171      
532             124.322000      16279.745262    305.583684      0.100091        53.274262      
533             124.293000      16292.185624    305.243723      0.100089        53.374351      
534             124.228000      16304.619481    304.904913      0.100089        53.474440      
535             124.133000      16317.044077    304.567185      0.100091        53.574531      
536             124.069000      16329.462391    304.230593      0.100092        53.674623      
537             124.034000      16341.876706    303.895203      0.100088        53.774711      
538             124.000000      16354.287866    303.560989      0.100090        53.874801      
539             124.000000      16366.698902    303.228018      0.100089        53.974890      
