#timestep       power           acc-energy      avg-power       dt              acc-time       
1               75.094000       7.516459        75.094000       0.100094        0.100094       
2               75.365000       15.268578       75.231347       0.102861        0.202955       
3               75.443000       22.997336       75.302345       0.102445        0.305400       
4               75.365000       30.801759       75.318211       0.103555        0.408955       
5               75.094000       38.483800       75.273347       0.102299        0.511254       
6               195.924000      58.623220       95.470404       0.102792        0.614046       
7               196.792000      79.161417       110.189595      0.104365        0.718411       
8               197.193000      99.388489       121.059907      0.102575        0.820986       
9               194.172000      119.330536      129.189084      0.102703        0.923689       
10              194.451000      139.269152      135.709889      0.102538        1.026227       
11              194.777000      159.288722      141.087203      0.102782        1.129009       
12              193.375000      179.123776      145.442022      0.102573        1.231582       
13              193.901000      199.031785      149.170948      0.102671        1.334253       
14              193.901000      218.937856      152.366708      0.102661        1.436914       
15              193.901000      238.830353      155.134510      0.102591        1.539505       
16              193.901000      258.730219      157.557312      0.102629        1.642134       
17              194.172000      278.824497      159.727969      0.103487        1.745621       
18              193.901000      298.833917      161.635381      0.103194        1.848815       
19              194.172000      318.752469      163.345782      0.102582        1.951397       
20              194.172000      338.831019      164.897082      0.103406        2.054803       
21              193.901000      358.938940      166.290530      0.103702        2.158505       
22              193.972000      378.841437      167.546664      0.102605        2.261110       
23              193.972000      398.924910      168.703718      0.103538        2.364648       
24              193.901000      418.949648      169.758128      0.103273        2.467921       
25              194.250000      438.906505      170.736961      0.102738        2.570659       
26              194.250000      459.054115      171.648863      0.103720        2.674379       
27              193.972000      479.002195      172.475485      0.102840        2.777219       
28              194.250000      498.997902      173.253716      0.102938        2.880157       
29              194.451000      518.958102      173.983190      0.102649        2.982806       
30              194.172000      539.165971      174.663842      0.104072        3.086878       
31              193.972000      559.276406      175.291260      0.103677        3.190555       
32              194.250000      579.698879      175.896058      0.105135        3.295690       
33              194.172000      599.630635      176.448100      0.102650        3.398340       
34              194.250000      619.701517      176.973387      0.103325        3.501665       
35              194.451000      639.684662      177.471697      0.102767        3.604432       
36              193.901000      659.583559      177.926516      0.102624        3.707056       
37              194.451000      679.539287      178.371656      0.102626        3.809682       
38              194.250000      699.869298      178.796200      0.104659        3.914341       
39              193.901000      719.752682      179.181799      0.102544        4.016885       
40              194.451000      739.962558      179.566911      0.103933        4.120818       
41              193.701000      759.828726      179.910144      0.102561        4.223379       
42              194.451000      779.777843      180.254986      0.102592        4.325971       
43              194.777000      799.949728      180.594516      0.103564        4.429535       
44              193.375000      819.827131      180.884374      0.102792        4.532327       
45              194.451000      839.792388      181.184903      0.102675        4.635002       
46              194.777000      859.767938      181.479137      0.102556        4.737558       
47              193.901000      879.648995      181.742281      0.102532        4.840090       
48              194.451000      899.582361      182.005863      0.102511        4.942601       
49              194.576000      919.787522      182.264522      0.103842        5.046443       
50              194.777000      939.770474      182.513832      0.102594        5.149037       
51              194.250000      959.916336      182.745553      0.103711        5.252748       
52              194.576000      979.891702      182.972337      0.102661        5.355409       
53              194.847000      999.883199      183.195560      0.102601        5.458010       
54              194.777000      1019.860892     183.409184      0.102567        5.560577       
55              194.576000      1039.831589     183.611566      0.102637        5.663214       
56              194.576000      1059.801702     183.806736      0.102634        5.765848       
57              194.250000      1079.838007     183.990275      0.103147        5.868995       
58              194.777000      1100.140782     184.178509      0.104236        5.973231       
59              194.576000      1120.095329     184.354010      0.102554        6.075785       
60              194.777000      1140.082566     184.527124      0.102616        6.178401       
61              195.048000      1160.523791     184.702607      0.104801        6.283202       
62              195.048000      1180.546834     184.868916      0.102657        6.385859       
63              194.777000      1200.791761     185.027602      0.103939        6.489798       
64              194.777000      1220.771596     185.179303      0.102578        6.592376       
65              194.777000      1240.782790     185.326584      0.102739        6.695115       
66              194.777000      1260.959739     185.470577      0.103590        6.798705       
67              194.777000      1280.936848     185.608885      0.102564        6.901269       
68              195.048000      1300.937069     185.747080      0.102540        7.003809       
69              194.777000      1320.995010     185.877925      0.102979        7.106788       
70              194.847000      1340.986897     186.005572      0.102603        7.209391       
71              195.048000      1361.006234     186.132499      0.102638        7.312029       
72              194.777000      1381.009247     186.252229      0.102697        7.414726       
73              195.048000      1401.048869     186.372442      0.102742        7.517468       
74              194.847000      1421.078751     186.486764      0.102798        7.620266       
75              194.777000      1441.139418     186.597318      0.102993        7.723259       
76              195.048000      1461.204396     186.708400      0.102872        7.826131       
77              194.847000      1481.327220     186.814399      0.103275        7.929406       
78              194.777000      1501.302770     186.916070      0.102556        8.031962       
79              195.048000      1521.320546     187.018666      0.102630        8.134592       
80              195.048000      1541.338517     187.118707      0.102631        8.237223       
81              194.250000      1561.421054     187.207102      0.103385        8.340608       
82              194.847000      1581.480163     187.300252      0.102948        8.443556       
83              194.451000      1601.430446     187.386097      0.102598        8.546154       
84              195.048000      1622.202668     187.480401      0.106498        8.652652       
85              195.319000      1642.224819     187.572180      0.102510        8.755162       
86              194.250000      1662.148847     187.649506      0.102569        8.857731       
87              194.847000      1682.134109     187.731896      0.102569        8.960300       
88              195.319000      1702.149814     187.817687      0.102477        9.062777       
89              194.451000      1722.082403     187.891876      0.102507        9.165284       
90              195.048000      1742.087111     187.971069      0.102563        9.267847       
91              194.847000      1762.282223     188.047115      0.103646        9.371493       
92              194.172000      1782.622905     188.114823      0.104756        9.476249       
93              195.048000      1802.629564     188.189066      0.102573        9.578822       
94              195.319000      1822.673785     188.264643      0.102623        9.681445       
95              195.118000      1842.879035     188.337172      0.103554        9.784999       
96              195.048000      1862.889009     188.406801      0.102590        9.887589       
97              195.048000      1882.889036     188.474966      0.102539        9.990128       
98              195.319000      1902.935992     188.544566      0.102637        10.092765      
99              194.847000      1922.938985     188.608026      0.102660        10.195425      
100             195.319000      1942.995707     188.674944      0.102687        10.298112      
101             195.319000      1963.448927     188.741825      0.104717        10.402829      
102             195.048000      1983.458706     188.803407      0.102589        10.505418      
103             195.319000      2003.525976     188.866511      0.102741        10.608159      
104             195.118000      2023.568497     188.926464      0.102720        10.710879      
105             195.048000      2043.577106     188.984537      0.102583        10.813462      
106             195.048000      2063.588445     189.041525      0.102597        10.916059      
107             195.319000      2083.623682     189.099965      0.102577        11.018636      
108             195.048000      2103.634437     189.154836      0.102594        11.121230      
109             195.118000      2124.051975     189.210422      0.104642        11.225872      
110             195.319000      2144.345033     189.266439      0.103897        11.329769      
111             195.048000      2164.591015     189.318927      0.103800        11.433569      
112             195.118000      2185.188257     189.371978      0.105563        11.539132      
113             195.319000      2205.239901     189.424421      0.102661        11.641793      
114             194.847000      2225.255948     189.471851      0.102727        11.744520      
115             195.319000      2245.306030     189.522516      0.102653        11.847173      
116             195.319000      2265.347322     189.572288      0.102608        11.949781      
117             194.847000      2285.478524     189.617502      0.103318        12.053099      
118             195.319000      2305.522941     189.665637      0.102624        12.155723      
119             195.118000      2325.546926     189.711283      0.102625        12.258348      
120             195.048000      2345.585767     189.755639      0.102738        12.361086      
121             195.319000      2365.628622     189.801443      0.102616        12.463702      
122             195.319000      2385.672648     189.846501      0.102622        12.566324      
123             195.048000      2405.715195     189.888690      0.102757        12.669081      
124             195.319000      2425.755706     189.932316      0.102604        12.771685      
125             194.777000      2445.737878     189.970921      0.102590        12.874275      
126             195.118000      2466.162440     190.012433      0.104678        12.978953      
127             195.653000      2486.229003     190.056657      0.102562        13.081515      
128             194.576000      2506.190361     190.091823      0.102589        13.184104      
129             195.319000      2526.222473     190.132172      0.102561        13.286665      
130             195.451000      2546.269295     190.172916      0.102567        13.389232      
131             194.451000      2566.277720     190.205543      0.102897        13.492129      
132             195.319000      2586.316863     190.244133      0.102597        13.594726      
133             195.653000      2606.403774     190.284674      0.102666        13.697392      
134             194.777000      2626.398802     190.318092      0.102656        13.800048      
135             195.653000      2646.762171     190.358026      0.104079        13.904127      
136             195.319000      2666.793501     190.394350      0.102557        14.006684      
137             195.924000      2686.903924     190.434578      0.102644        14.109328      
138             195.653000      2706.986727     190.472268      0.102645        14.211973      
139             195.319000      2727.333888     190.507536      0.104174        14.316147      
140             195.451000      2747.692846     190.543245      0.104164        14.420311      
141             195.451000      2767.799477     190.578008      0.102873        14.523184      
142             195.451000      2787.882262     190.612242      0.102751        14.625935      
143             195.722000      2807.999940     190.647901      0.102787        14.728722      
144             195.451000      2828.046567     190.681117      0.102566        14.831288      
145             195.451000      2848.100035     190.713888      0.102601        14.933889      
146             195.653000      2868.163859     190.747573      0.102548        15.036437      
147             195.653000      2888.391836     190.781071      0.103387        15.139824      
148             195.653000      2908.679291     190.814211      0.103691        15.243515      
149             195.924000      2929.133364     190.848968      0.104398        15.347913      
150             195.653000      2949.216362     190.880884      0.102646        15.450559      
151             195.451000      2969.383778     190.911202      0.103184        15.553743      
152             195.924000      2989.492046     190.944063      0.102633        15.656376      
153             194.777000      3011.908542     190.972033      0.115088        15.771464      
154             198.265000      3032.265797     191.019205      0.102677        15.874141      
155             198.265000      3052.953957     191.066523      0.104346        15.978487      
156             197.994000      3073.261211     191.110707      0.102565        16.081052      
157             198.265000      3093.610933     191.156080      0.102639        16.183691      
158             198.061000      3113.943677     191.199604      0.102659        16.286350      
159             197.994000      3134.248555     191.242120      0.102553        16.388903      
160             198.265000      3154.666678     191.285975      0.102984        16.491887      
161             198.265000      3175.003711     191.329114      0.102575        16.594462      
162             198.061000      3195.357647     191.370546      0.102766        16.697228      
163             198.265000      3215.826129     191.412913      0.103238        16.800466      
164             197.994000      3236.281682     191.453135      0.103314        16.903780      
165             198.061000      3256.591253     191.492978      0.102542        17.006322      
166             198.061000      3276.940040     191.532419      0.102740        17.109062      
167             197.790000      3297.461543     191.570138      0.103754        17.212816      
168             198.061000      3317.775274     191.608585      0.102563        17.315379      
169             198.061000      3338.087420     191.646576      0.102555        17.417934      
170             197.994000      3358.400614     191.683745      0.102595        17.520529      
171             198.061000      3378.760096     191.720943      0.102794        17.623323      
172             198.061000      3399.082541     191.757642      0.102607        17.725930      
173             197.397000      3419.344554     191.790110      0.102646        17.828576      
174             198.265000      3439.880050     191.827509      0.103576        17.932152      
175             198.265000      3460.213910     191.864117      0.102559        18.034711      
176             197.397000      3480.472369     191.895425      0.102628        18.137339      
177             198.265000      3500.821496     191.931266      0.102636        18.239975      
178             198.265000      3521.140684     191.966655      0.102485        18.342460      
179             197.994000      3542.110823     192.001258      0.105913        18.448373      
180             198.394000      3562.467833     192.036617      0.102609        18.550982      
181             198.061000      3582.819195     192.069802      0.102753        18.653735      
182             198.598000      3603.395139     192.105861      0.103606        18.757341      
183             198.265000      3623.734154     192.139362      0.102585        18.859926      
184             198.061000      3644.060164     192.171410      0.102625        18.962551      
185             198.394000      3664.405866     192.204882      0.102552        19.065103      
186             198.061000      3684.830906     192.236388      0.103125        19.168228      
187             198.265000      3705.171309     192.268482      0.102592        19.270820      
188             198.394000      3725.617001     192.301066      0.103056        19.373876      
189             198.061000      3746.073930     192.331610      0.103286        19.477162      
190             198.394000      3767.057468     192.364353      0.105767        19.582929      
191             198.598000      3787.515644     192.396973      0.103013        19.685942      
192             198.265000      3807.870123     192.427416      0.102663        19.788605      
193             198.394000      3828.228919     192.458197      0.102618        19.891223      
194             198.394000      3848.581564     192.488653      0.102587        19.993810      
195             198.394000      3868.948295     192.518819      0.102658        20.096468      
196             198.598000      3889.339146     192.549720      0.102674        20.199142      
197             198.598000      3909.716890     192.580289      0.102608        20.301750      
198             198.265000      3930.061060     192.608877      0.102611        20.404361      
199             198.598000      3950.890812     192.639505      0.104884        20.509245      
200             198.394000      3971.268654     192.668181      0.102714        20.611959      
201             198.265000      3991.623926     192.695921      0.102667        20.714626      
202             198.598000      4011.992733     192.724999      0.102563        20.817189      
203             198.394000      4032.347759     192.752802      0.102599        20.919788      
204             198.265000      4052.680430     192.779692      0.102553        21.022341      
205             198.870000      4073.076935     192.809261      0.102562        21.124903      
206             198.265000      4093.414364     192.835625      0.102577        21.227480      
207             198.598000      4114.716581     192.864596      0.107263        21.334743      
208             198.598000      4135.080820     192.892020      0.102540        21.437283      
209             198.265000      4155.625634     192.917867      0.103623        21.540906      
210             198.394000      4175.994349     192.943843      0.102668        21.643574      
211             198.598000      4196.387385     192.970542      0.102685        21.746259      
212             197.790000      4216.792786     192.993298      0.103167        21.849426      
213             198.394000      4237.147216     193.018539      0.102596        21.952022      
214             198.870000      4257.543125     193.045750      0.102559        22.054581      
215             197.994000      4278.210332     193.069059      0.104383        22.158964      
216             198.598000      4298.591651     193.094548      0.102626        22.261590      
217             198.598000      4318.958869     193.119785      0.102555        22.364145      
218             197.994000      4339.295624     193.142069      0.102714        22.466859      
219             198.598000      4359.671581     193.166871      0.102599        22.569458      
220             198.665000      4380.081827     193.191785      0.102737        22.672195      
221             197.464000      4400.339066     193.211029      0.102587        22.774782      
222             198.394000      4420.690719     193.234269      0.102582        22.877364      
223             198.665000      4441.079311     193.258523      0.102628        22.979992      
224             198.265000      4461.411783     193.280766      0.102552        23.082544      
225             198.665000      4481.982352     193.304811      0.103544        23.186088      
226             198.665000      4502.507228     193.328589      0.103314        23.289402      
227             198.665000      4523.108391     193.352245      0.103698        23.393100      
228             198.665000      4543.838885     193.375838      0.104349        23.497449      
229             198.665000      4564.222113     193.398832      0.102601        23.600050      
230             198.665000      4584.610704     193.421634      0.102628        23.702678      
231             198.598000      4605.083775     193.444049      0.103088        23.805766      
232             198.870000      4625.483064     193.467329      0.102576        23.908342      
233             198.870000      4646.101309     193.490656      0.103677        24.012019      
234             198.598000      4666.490571     193.512400      0.102666        24.114685      
235             198.394000      4686.856707     193.533093      0.102655        24.217340      
236             198.870000      4707.294180     193.555645      0.102768        24.320108      
237             198.598000      4727.669341     193.576827      0.102595        24.422703      
238             198.665000      4748.363480     193.598436      0.104166        24.526869      
239             198.870000      4768.799759     193.620431      0.102762        24.629631      
240             198.394000      4789.163514     193.640242      0.102643        24.732274      
241             198.870000      4810.046057     193.662352      0.105006        24.837280      
242             198.870000      4830.444551     193.683770      0.102572        24.939852      
243             198.598000      4850.809386     193.703892      0.102543        25.042395      
244             198.665000      4871.187448     193.724130      0.102575        25.144970      
245             198.665000      4891.783645     193.744418      0.103673        25.248643      
246             198.870000      4912.207594     193.765182      0.102700        25.351343      
247             198.936000      4934.196587     193.787629      0.110533        25.461876      
248             198.394000      4954.735722     193.806283      0.103527        25.565403      
249             198.665000      4975.135240     193.825720      0.102683        25.668086      
250             198.665000      4995.529991     193.844997      0.102659        25.770745      
251             198.394000      5015.905253     193.863054      0.102701        25.873446      
252             198.665000      5036.300996     193.882032      0.102664        25.976110      
253             198.665000      5056.683827     193.900849      0.102599        26.078709      
254             198.598000      5077.068720     193.919265      0.102644        26.181353      
255             198.665000      5097.469629     193.937806      0.102690        26.284043      
256             198.665000      5117.952586     193.956277      0.103103        26.387146      
257             198.394000      5138.763323     193.973848      0.104896        26.492042      
258             198.870000      5159.171561     193.992741      0.102621        26.594663      
259             198.665000      5179.585383     194.010724      0.102755        26.697418      
260             198.265000      5199.927571     194.027011      0.102601        26.800019      
261             198.870000      5220.332030     194.045481      0.102602        26.902621      
262             198.870000      5240.733308     194.063808      0.102586        27.005207      
263             198.265000      5261.078668     194.079712      0.102617        27.107824      
264             198.870000      5281.944904     194.098182      0.104924        27.212748      
265             198.870000      5302.339818     194.116097      0.102554        27.315302      
266             197.790000      5322.726033     194.129908      0.103070        27.418372      
267             198.665000      5343.120187     194.146824      0.102656        27.521028      
268             198.665000      5363.541757     194.163637      0.102794        27.623822      
269             198.870000      5383.954371     194.181060      0.102643        27.726465      
270             198.870000      5404.372950     194.198360      0.102673        27.829138      
271             198.870000      5424.778802     194.215521      0.102609        27.931747      
272             198.936000      5445.189039     194.232797      0.102597        28.034344      
273             198.870000      5465.767510     194.249850      0.103477        28.137821      
274             198.870000      5486.183504     194.266645      0.102660        28.240481      
275             198.936000      5506.622984     194.283572      0.102744        28.343225      
276             198.870000      5527.034802     194.300120      0.102639        28.445864      
277             198.870000      5547.825666     194.316854      0.104545        28.550409      
278             198.936000      5568.269523     194.333421      0.102766        28.653175      
279             198.665000      5588.699636     194.348912      0.102837        28.756012      
280             199.141000      5609.142854     194.365958      0.102657        28.858669      
281             198.936000      5629.900035     194.382422      0.104341        28.963010      
282             198.936000      5650.304105     194.398491      0.102566        29.065576      
283             199.141000      5670.729798     194.415168      0.102569        29.168145      
284             198.936000      5691.138045     194.431012      0.102587        29.270732      
285             198.665000      5711.529418     194.445807      0.102642        29.373374      
286             199.141000      5732.007286     194.462187      0.102831        29.476205      
287             199.141000      5752.781675     194.478687      0.104320        29.580525      
288             199.141000      5773.209958     194.494800      0.102582        29.683107      
289             199.467000      5793.681854     194.511933      0.102633        29.785740      
290             198.665000      5814.249046     194.526318      0.103527        29.889267      
291             199.141000      5834.672150     194.542097      0.102556        29.991823      
292             199.141000      5855.109991     194.557781      0.102630        30.094453      
293             198.665000      5875.495205     194.571737      0.102611        30.197064      
294             198.936000      5895.895694     194.586508      0.102548        30.299612      
295             198.936000      5916.449364     194.601289      0.103318        30.402930      
296             198.870000      5937.102212     194.615820      0.103851        30.506781      
297             198.665000      5957.520603     194.629416      0.102778        30.609559      
298             198.936000      5977.936609     194.643807      0.102626        30.712185      
299             198.665000      5998.658362     194.657418      0.104305        30.816490      
300             199.141000      6019.085848     194.672292      0.102578        30.919068      
301             199.141000      6039.508554     194.687065      0.102554        31.021622      
302             198.598000      6059.879744     194.699955      0.102575        31.124197      
303             198.936000      6080.286798     194.713870      0.102581        31.226778      
304             198.936000      6100.689873     194.727692      0.102561        31.329339      
305             198.598000      6121.056098     194.740319      0.102550        31.431889      
306             198.936000      6141.493986     194.753988      0.102736        31.534625      
307             198.936000      6161.971464     194.767595      0.102935        31.637560      
308             198.265000      6182.332684     194.778911      0.102697        31.740257      
309             198.936000      6202.878993     194.792394      0.103281        31.843538      
310             199.141000      6223.306080     194.806357      0.102576        31.946114      
311             198.598000      6243.698322     194.818505      0.102681        32.048795      
312             199.141000      6264.338888     194.832439      0.103648        32.152443      
313             199.141000      6284.943410     194.846259      0.103467        32.255910      
314             199.261000      6305.410504     194.860273      0.102715        32.358625      
315             199.141000      6327.196927     194.874697      0.109402        32.468027      
316             198.936000      6347.603782     194.887488      0.102580        32.570607      
317             199.467000      6368.099415     194.901890      0.102752        32.673359      
318             199.141000      6388.602176     194.915206      0.102956        32.776315      
319             199.141000      6409.265843     194.928541      0.103764        32.880079      
320             199.261000      6429.852294     194.942112      0.103314        32.983393      
321             199.261000      6450.395306     194.955570      0.103096        33.086489      
322             199.141000      6471.088844     194.968673      0.103914        33.190403      
323             199.467000      6491.693585     194.982630      0.103299        33.293702      
324             198.936000      6512.347121     194.994920      0.103820        33.397522      
325             199.141000      6532.791334     195.007625      0.102662        33.500184      
326             199.467000      6553.268417     195.021249      0.102659        33.602843      
327             199.467000      6573.761657     195.034801      0.102740        33.705583      
328             199.261000      6594.469258     195.047791      0.103922        33.809505      
329             199.141000      6615.133921     195.060315      0.103769        33.913274      
330             199.467000      6635.578690     195.073594      0.102497        34.015771      
331             199.467000      6656.277181     195.086955      0.103769        34.119540      
332             198.936000      6676.693187     195.098498      0.102626        34.222166      
333             199.261000      6697.128797     195.110935      0.102557        34.324723      
334             199.467000      6717.670108     195.123965      0.102981        34.427704      
335             199.141000      6738.446489     195.136101      0.104330        34.532034      
336             199.261000      6758.920357     195.148339      0.102749        34.634783      
337             199.261000      6779.365532     195.160486      0.102605        34.737388      
338             198.936000      6799.771591     195.171602      0.102576        34.839964      
339             199.261000      6820.210191     195.183606      0.102572        34.942536      
340             199.467000      6840.841262     195.196248      0.103431        35.045967      
341             199.141000      6861.270341     195.207761      0.102586        35.148553      
342             199.467000      6881.738846     195.220160      0.102616        35.251169      
343             199.467000      6902.195783     195.232480      0.102558        35.353727      
344             198.870000      6922.599049     195.243005      0.102596        35.456323      
345             199.467000      6943.057183     195.255188      0.102564        35.558887      
346             199.261000      6963.507738     195.266717      0.102632        35.661519      
347             198.870000      6983.923533     195.277060      0.102659        35.764178      
348             199.261000      7004.378870     195.288463      0.102656        35.866834      
349             199.467000      7024.836405     195.300377      0.102561        35.969395      
350             198.870000      7045.542750     195.310680      0.104120        36.073515      
351             199.141000      7065.977205     195.321545      0.102613        36.176128      
352             199.261000      7086.440513     195.332696      0.102696        36.278824      
353             198.394000      7106.805260     195.341334      0.102648        36.381472      
354             199.141000      7128.051016     195.352443      0.106687        36.488159      
355             199.261000      7148.513726     195.363413      0.102693        36.590852      
356             198.394000      7168.937198     195.371915      0.102944        36.693796      
357             199.261000      7189.797632     195.382979      0.104689        36.798485      
358             199.141000      7210.223724     195.393425      0.102571        36.901056      
359             199.467000      7231.538768     195.405188      0.106860        37.007916      
360             199.467000      7252.249426     195.416552      0.103830        37.111746      
361             199.467000      7272.710751     195.427716      0.102580        37.214326      
362             199.467000      7293.168486     195.438818      0.102562        37.316888      
363             199.467000      7313.630010     195.449861      0.102581        37.419469      
364             199.261000      7334.398585     195.460447      0.104228        37.523697      
365             199.746000      7355.086478     195.472243      0.103571        37.627268      
366             199.261000      7375.535838     195.482549      0.102626        37.729894      
367             199.540000      7396.385373     195.493754      0.104488        37.834382      
368             198.936000      7416.826843     195.503078      0.102754        37.937136      
369             199.467000      7437.271812     195.513758      0.102498        38.039634      
370             199.261000      7457.711606     195.523836      0.102578        38.142212      
371             199.261000      7478.151999     195.533860      0.102581        38.244793      
372             199.261000      7498.838081     195.543950      0.103814        38.348607      
373             199.746000      7519.327426     195.555160      0.102577        38.451184      
374             199.141000      7539.847512     195.564743      0.103043        38.554227      
375             199.261000      7560.294281     195.574555      0.102613        38.656840      
376             199.746000      7580.885896     195.585650      0.103089        38.759929      
377             198.936000      7601.289170     195.594492      0.102562        38.862491      
378             199.467000      7621.757676     195.604690      0.102616        38.965107      
379             199.746000      7642.241229     195.615560      0.102548        39.067655      
380             198.936000      7662.757698     195.624303      0.103131        39.170786      
381             199.467000      7683.484114     195.634469      0.103909        39.274695      
382             199.746000      7704.239921     195.645319      0.103911        39.378606      
383             199.467000      7725.018199     195.655402      0.104169        39.482775      
384             199.467000      7745.495680     195.665287      0.102661        39.585436      
385             199.746000      7766.004201     195.675843      0.102673        39.688109      
386             198.936000      7786.421003     195.684252      0.102630        39.790739      
387             199.261000      7806.882517     195.693459      0.102687        39.893426      
388             199.467000      7827.338058     195.703134      0.102551        39.995977      
389             199.141000      7848.391244     195.712198      0.105720        40.101697      
390             199.746000      7868.960887     195.722530      0.102979        40.204676      
391             199.467000      7889.489034     195.732090      0.102915        40.307591      
392             198.870000      7909.930086     195.740072      0.102786        40.410377      
393             199.467000      7930.608829     195.749608      0.103670        40.514047      
394             199.540000      7951.115356     195.759199      0.102769        40.616816      
395             198.665000      7971.507523     195.766524      0.102646        40.719462      
396             199.540000      7992.134572     195.776079      0.103373        40.822835      
397             199.467000      8012.915044     195.785474      0.104180        40.927015      
398             198.598000      8033.287425     195.792506      0.102581        41.029596      
399             199.540000      8053.761027     195.801854      0.102604        41.132200      
400             199.540000      8074.237224     195.811157      0.102617        41.234817      
401             198.665000      8094.619061     195.818240      0.102594        41.337411      
402             199.261000      8115.455584     195.826927      0.104569        41.441980      
403             199.467000      8135.922494     195.835917      0.102608        41.544588      
404             199.746000      8157.243582     195.845938      0.106741        41.651329      
405             199.261000      8177.832025     195.854388      0.103324        41.754653      
406             199.540000      8198.625490     195.863564      0.104207        41.858860      
407             199.261000      8219.065086     195.871869      0.102577        41.961437      
408             199.467000      8239.508858     195.880629      0.102492        42.063929      
409             199.746000      8259.994608     195.890030      0.102559        42.166488      
410             199.261000      8280.433207     195.898210      0.102572        42.269060      
411             199.261000      8300.901297     195.906363      0.102720        42.371780      
412             199.746000      8321.905188     195.915868      0.105153        42.476933      
413             199.467000      8342.385861     195.924431      0.102677        42.579610      
414             199.540000      8362.867844     195.933126      0.102646        42.682256      
415             199.540000      8383.429244     195.941813      0.103044        42.785300      
416             199.261000      8403.872625     195.949753      0.102596        42.887896      
417             199.467000      8424.343126     195.958149      0.102626        42.990522      
418             199.746000      8444.889998     195.967191      0.102865        43.093387      
419             199.467000      8465.572532     195.975592      0.103689        43.197076      
420             199.467000      8486.031463     195.983862      0.102568        43.299644      
421             199.540000      8506.730545     195.992361      0.103734        43.403378      
422             199.261000      8527.164362     196.000066      0.102548        43.505926      
423             199.540000      8547.857458     196.008484      0.103704        43.609630      
424             199.540000      8568.335850     196.016775      0.102628        43.712258      
425             199.261000      8589.200270     196.024528      0.104709        43.816967      
426             199.540000      8609.760472     196.032775      0.103038        43.920005      
427             199.540000      8630.226891     196.040947      0.102568        44.022573      
428             199.261000      8650.783851     196.048475      0.103166        44.125739      
429             199.540000      8671.286387     196.056587      0.102749        44.228488      
430             199.746000      8691.800900     196.065134      0.102703        44.331191      
431             199.261000      8712.647785     196.072658      0.104621        44.435812      
432             199.746000      8733.453528     196.081249      0.104161        44.539973      
433             199.467000      8753.917646     196.089030      0.102594        44.642567      
434             199.141000      8774.632890     196.096125      0.104023        44.746590      
435             199.746000      8795.198538     196.104503      0.102959        44.849549      
436             199.746000      8815.988501     196.112935      0.104082        44.953631      
437             198.936000      8836.387200     196.119359      0.102539        45.056170      
438             199.746000      8857.019564     196.127655      0.103293        45.159463      
439             199.746000      8877.505114     196.135853      0.102558        45.262021      
440             198.936000      8898.016808     196.142218      0.103107        45.365128      
441             199.746000      8918.503357     196.150347      0.102563        45.467691      
442             199.746000      8938.989706     196.158439      0.102562        45.570253      
443             198.665000      8959.379490     196.164072      0.102634        45.672887      
444             199.540000      8979.859876     196.171641      0.102638        45.775525      
445             199.746000      9000.637455     196.179745      0.104020        45.879545      
446             198.665000      9021.026643     196.185292      0.102631        45.982176      
447             199.540000      9041.490268     196.192758      0.102554        46.084730      
448             199.540000      9061.971453     196.200196      0.102642        46.187372      
449             199.746000      9082.601619     196.208108      0.103282        46.290654      
450             199.540000      9103.072627     196.215475      0.102591        46.393245      
451             199.746000      9123.909930     196.223396      0.104319        46.497564      
452             199.261000      9144.360884     196.230086      0.102634        46.600198      
453             199.540000      9165.233167     196.237500      0.104602        46.704800      
454             199.540000      9185.701182     196.244737      0.102576        46.807376      
455             199.540000      9206.168399     196.251942      0.102572        46.909948      
456             199.540000      9226.631824     196.259115      0.102553        47.012501      
457             199.811000      9247.125040     196.266847      0.102563        47.115064      
458             199.467000      9267.587761     196.273799      0.102587        47.217651      
459             199.540000      9288.054379     196.280879      0.102569        47.320220      
460             199.540000      9308.543346     196.287936      0.102681        47.422901      
461             199.746000      9329.057859     196.295409      0.102703        47.525604      
462             199.746000      9349.591549     196.302856      0.102799        47.628403      
463             199.746000      9370.203538     196.310300      0.103191        47.731594      
464             199.261000      9390.653296     196.316631      0.102628        47.834222      
465             199.746000      9411.138846     196.323968      0.102558        47.936780      
466             199.811000      9431.630064     196.331412      0.102553        48.039333      
467             199.540000      9452.182085     196.338276      0.102997        48.142330      
468             199.540000      9472.659678     196.345087      0.102624        48.244954      
469             199.746000      9493.150821     196.352303      0.102586        48.347540      
470             199.467000      9514.084883     196.359050      0.104950        48.452490      
471             199.540000      9535.093252     196.365947      0.105284        48.557774      
472             199.540000      9555.739057     196.372695      0.103467        48.661241      
473             199.261000      9576.180845     196.378772      0.102588        48.763829      
474             199.746000      9596.672787     196.385841      0.102590        48.866419      
475             199.811000      9617.180589     196.393020      0.102636        48.969055      
476             199.261000      9637.614804     196.399013      0.102550        49.071605      
477             199.540000      9658.228883     196.405612      0.103308        49.174913      
478             199.811000      9679.026810     196.412805      0.104088        49.279001      
479             198.936000      9699.543478     196.418074      0.103132        49.382133      
480             199.540000      9720.007103     196.424544      0.102554        49.484687      
481             199.540000      9740.770836     196.431082      0.104058        49.588745      
482             198.936000      9761.184057     196.436255      0.102612        49.691357      
483             199.540000      9781.662049     196.442651      0.102626        49.793983      
484             199.540000      9802.133057     196.449020      0.102591        49.896574      
485             199.141000      9822.556560     196.454542      0.102558        49.999132      
486             199.540000      9843.033754     196.460862      0.102622        50.101754      
487             200.017000      9863.561298     196.468131      0.102629        50.204383      
488             198.665000      9884.081605     196.472642      0.103291        50.307674      
489             199.811000      9904.578817     196.479435      0.102583        50.410257      
490             199.811000      9925.167742     196.486231      0.103042        50.513299      
491             199.746000      9945.856234     196.492901      0.103574        50.616873      
492             199.746000      9966.335592     196.499477      0.102527        50.719400      
493             199.811000      9986.979465     196.506209      0.103317        50.822717      
494             199.746000      10007.463617    196.512733      0.102551        50.925268      
495             199.540000      10027.921855    196.518816      0.102527        51.027795      
496             200.017000      10048.429798    196.525831      0.102531        51.130326      
497             199.746000      10069.035795    196.532315      0.103161        51.233487      
498             199.746000      10089.525140    196.538736      0.102577        51.336064      
499             200.017000      10110.061286    196.545679      0.102672        51.438736      
500             199.746000      10131.142878    196.552232      0.105542        51.544278      
501             199.540000      10151.631845    196.558172      0.102681        51.646959      
502             199.811000      10172.236755    196.564654      0.103122        51.750081      
503             199.261000      10192.712018    196.569997      0.102756        51.852837      
504             199.746000      10213.201763    196.576268      0.102579        51.955416      
505             200.017000      10233.771911    196.583065      0.102842        52.058258      
506             199.540000      10254.247110    196.588882      0.102612        52.160870      
507             199.811000      10274.752714    196.595209      0.102625        52.263495      
508             200.017000      10295.479075    196.601980      0.103623        52.367118      
509             199.746000      10315.954438    196.608122      0.102507        52.469625      
510             200.017000      10336.711603    196.614851      0.103777        52.573402      
511             200.017000      10357.366958    196.621521      0.103268        52.676670      
512             199.467000      10377.831076    196.627052      0.102594        52.779264      
513             199.746000      10398.729701    196.633222      0.104626        52.883890      
514             200.017000      10419.255245    196.639776      0.102619        52.986509      
515             199.540000      10439.718870    196.645378      0.102554        53.089063      
516             199.746000      10460.210413    196.651358      0.102588        53.191651      
517             200.017000      10480.979578    196.657916      0.103837        53.295488      
518             199.261000      10501.434915    196.662920      0.102656        53.398144      
519             199.746000      10521.979391    196.668847      0.102853        53.500997      
520             200.017000      10542.894568    196.675378      0.104567        53.605564      
521             199.261000      10563.669919    196.680397      0.104262        53.709826      
522             199.746000      10584.160263    196.686241      0.102582        53.812408      
523             200.017000      10604.681207    196.692579      0.102596        53.915004      
524             199.467000      10625.139540    196.697847      0.102565        54.017569      
525             199.540000      10645.615736    196.703236      0.102617        54.120186      
526             200.017000      10666.146081    196.709509      0.102643        54.222829      
527             199.141000      10686.570579    196.714100      0.102563        54.325392      
528             199.746000      10707.156202    196.719841      0.103059        54.428451      
529             200.017000      10727.702149    196.726051      0.102721        54.531172      
530             198.936000      10748.115370    196.730202      0.102612        54.633784      
531             199.746000      10768.614503    196.735856      0.102626        54.736410      
532             199.811000      10789.112514    196.741609      0.102587        54.838997      
533             199.811000      10809.611124    196.747340      0.102590        54.941587      
534             199.811000      10830.087356    196.753044      0.102478        55.044065      
535             199.540000      10850.621818    196.758245      0.102909        55.146974      
536             199.540000      10871.253655    196.763451      0.103397        55.250371      
537             199.811000      10891.738878    196.769095      0.102523        55.352894      
538             199.811000      10912.455283    196.774782      0.103680        55.456574      
539             199.811000      10933.392678    196.780509      0.104786        55.561360      
540             199.811000      10953.905475    196.786098      0.102661        55.664021      
541             199.811000      10974.918799    196.791802      0.105166        55.769187      
542             199.746000      10995.483249    196.797245      0.102953        55.872140      
543             199.540000      11015.966828    196.802275      0.102654        55.974794      
544             200.017000      11036.501573    196.808161      0.102665        56.077459      
545             199.746000      11057.095386    196.813552      0.103100        56.180559      
546             199.540000      11077.672749    196.818548      0.103124        56.283683      
547             200.017000      11098.519120    196.824459      0.104223        56.387906      
548             199.540000      11119.012278    196.829396      0.102702        56.490608      
549             199.811000      11139.601203    196.834825      0.103042        56.593650      
550             200.017000      11160.139148    196.840588      0.102681        56.696331      
551             199.540000      11180.611154    196.845464      0.102596        56.798927      
552             199.811000      11201.117957    196.850813      0.102631        56.901558      
553             200.017000      11221.640501    196.856512      0.102604        57.004162      
554             199.746000      11242.136838    196.861704      0.102612        57.106774      
555             199.811000      11262.642841    196.866995      0.102627        57.209401      
556             199.811000      11283.491520    196.872354      0.104342        57.313743      
557             199.746000      11303.996646    196.877492      0.102656        57.416399      
558             199.811000      11324.494057    196.882724      0.102584        57.518983      
559             199.811000      11345.039224    196.887949      0.102823        57.621806      
560             199.540000      11365.517216    196.892664      0.102626        57.724432      
561             199.811000      11386.106740    196.897865      0.103045        57.827477      
562             200.017000      11406.838703    196.903445      0.103651        57.931128      
563             199.746000      11427.333441    196.908471      0.102604        58.033732      
564             200.017000      11447.868986    196.913961      0.102669        58.136401      
565             199.811000      11468.489881    196.919094      0.103202        58.239603      
566             199.540000      11488.956300    196.923702      0.102568        58.342171      
567             199.811000      11509.919271    196.928885      0.104914        58.447085      
568             199.811000      11530.541765    196.933965      0.103210        58.550295      
569             199.467000      11551.013861    196.938398      0.102634        58.652929      
570             199.811000      11571.513670    196.943414      0.102596        58.755525      
571             199.811000      11592.013080    196.948412      0.102594        58.858119      
572             199.261000      11612.469413    196.952439      0.102661        58.960780      
573             200.017000      11633.329386    196.957850      0.104291        59.065071      
574             198.870000      11653.728675    196.961165      0.102576        59.167647      
575             199.811000      11674.362958    196.966130      0.103269        59.270916      
576             199.811000      11694.861368    196.971046      0.102589        59.373505      
577             199.141000      11715.288854    196.974788      0.102578        59.476083      
578             200.017000      11735.838200    196.980034      0.102738        59.578821      
579             200.017000      11756.355344    196.985254      0.102577        59.681398      
580             200.017000      11777.085506    196.990510      0.103642        59.785040      
581             199.811000      11797.569530    196.995338      0.102517        59.887557      
582             199.811000      11818.169245    197.000177      0.103096        59.990653      
583             200.017000      11838.681388    197.005325      0.102552        60.093205      
584             199.811000      11859.188391    197.010109      0.102632        60.195837      
585             200.017000      11879.700134    197.015223      0.102550        60.298387      
586             200.017000      11900.233480    197.020324      0.102658        60.401045      
587             199.540000      11920.701894    197.024596      0.102578        60.503623      
588             199.811000      11941.237869    197.029321      0.102777        60.606400      
589             200.136000      11961.773023    197.034572      0.102606        60.709006      
590             199.811000      11982.429884    197.039292      0.103382        60.812388      
591             199.811000      12003.169067    197.044015      0.103794        60.916182      
592             199.811000      12023.696850    197.048673      0.102736        61.018918      
593             199.746000      12044.285869    197.053222      0.103076        61.121994      
594             200.017000      12064.807613    197.058189      0.102600        61.224594      
595             200.017000      12085.322756    197.063137      0.102567        61.327161      
596             199.540000      12105.916881    197.067299      0.103208        61.430369      
597             199.811000      12126.441866    197.071879      0.102722        61.533091      
598             200.017000      12147.118024    197.076818      0.103372        61.636463      
599             199.746000      12167.617956    197.081255      0.102630        61.739093      
600             200.017000      12188.246309    197.086151      0.103133        61.842226      
601             199.811000      12208.738525    197.090663      0.102558        61.944784      
602             199.540000      12229.425436    197.094755      0.103673        62.048457      
603             200.136000      12249.953585    197.099774      0.102571        62.151028      
604             199.811000      12270.523129    197.104258      0.102945        62.253973      
605             85.024000       12279.368006    196.917281      0.104028        62.358001      
606             80.743000       12287.671212    196.726013      0.102835        62.460836      
607             79.458000       12296.147235    196.526079      0.106673        62.567509      
608             79.187000       12304.255826    196.334356      0.102398        62.669907      
609             78.861000       12312.339709    196.142521      0.102508        62.772415      
