#timestep       power           acc-energy      avg-power       dt              acc-time       
1               80.680000       8.075907        80.680000       0.100098        0.100098       
2               80.764000       16.694879       80.723344       0.106718        0.206816       
3               80.764000       25.028513       80.736877       0.103185        0.310001       
4               80.847000       33.306922       80.764220       0.102396        0.412397       
5               81.126000       41.653084       80.836452       0.102879        0.515276       
6               82.048000       50.135944       81.038922       0.103389        0.618665       
7               80.847000       58.415890       81.011663       0.102415        0.721080       
8               80.764000       66.770683       80.980591       0.103447        0.824527       
9               81.126000       75.076120       80.996651       0.102377        0.926904       
10              64.034000       81.710362       79.291265       0.103605        1.030509       
11              64.167000       88.406253       77.900581       0.104351        1.134860       
12              63.842000       94.954591       76.735261       0.102571        1.237431       
13              151.618000      110.542286      82.479471       0.102809        1.340240       
14              152.763000      126.415736      87.536491       0.103909        1.444149       
15              264.359000      153.549544      99.269871       0.102640        1.546789       
16              264.680000      181.001095      109.664069      0.103716        1.650505       
17              269.305000      208.688342      119.025014      0.102810        1.753315       
18              270.213000      236.569460      127.427871      0.103182        1.856497       
19              268.432000      264.172054      134.828025      0.102829        1.959326       
20              270.774000      292.826713      141.794335      0.105825        2.065151       
21              272.833000      320.823198      147.997222      0.102614        2.167765       
22              273.103000      348.935601      153.668602      0.102937        2.270702       
23              271.096000      376.747340      158.744621      0.102590        2.373292       
24              272.562000      404.721196      163.462623      0.102633        2.475925       
25              272.845000      432.754655      167.820875      0.102745        2.578670       
26              270.493000      460.532934      171.753168      0.102695        2.681365       
27              272.238000      488.492866      175.460043      0.102704        2.784069       
28              273.115000      516.529486      178.932758      0.102655        2.886724       
29              274.029000      544.756665      182.209196      0.103008        2.989732       
30              273.710000      572.877083      185.249035      0.102738        3.092470       
31              274.313000      601.037233      188.110592      0.102657        3.195127       
32              274.313000      629.196559      190.793919      0.102654        3.297781       
33              272.242000      657.144651      193.252829      0.102659        3.400440       
34              273.989000      685.251265      195.617118      0.102583        3.503023       
35              273.989000      713.971339      197.894128      0.104822        3.607845       
36              271.366000      741.894901      199.931523      0.102900        3.710745       
37              272.833000      770.099558      201.907427      0.103377        3.814122       
38              273.710000      798.174540      203.787822      0.102572        3.916694       
39              274.584000      826.712055      205.617848      0.103930        4.020624       
40              273.115000      854.733108      207.297378      0.102598        4.123222       
41              275.457000      882.997200      208.952371      0.102608        4.225830       
42              274.854000      911.297267      210.519897      0.102964        4.328794       
43              276.052000      940.052224      212.059760      0.104165        4.432959       
44              278.393000      968.657104      213.562445      0.102750        4.535709       
45              278.689000      997.243071      215.002682      0.102573        4.638282       
46              276.052000      1025.713694     216.330623      0.103135        4.741417       
47              277.503000      1054.260983     217.629663      0.102872        4.844289       
48              279.248000      1082.905963     218.907390      0.102579        4.946868       
49              280.112000      1111.651057     220.151242      0.102620        5.049488       
50              278.375000      1140.254088     221.312387      0.102750        5.152238       
51              279.248000      1168.914427     222.443939      0.102634        5.254872       
52              279.842000      1197.972941     223.556176      0.103839        5.358711       
53              276.946000      1226.627713     224.567510      0.103467        5.462178       
54              278.664000      1255.544397     225.576060      0.103769        5.565947       
55              278.958000      1284.152098     226.541823      0.102552        5.668499       
56              279.537000      1312.826444     227.483786      0.102578        5.771077       
57              280.715000      1341.707246     228.416136      0.102883        5.873960       
58              281.330000      1370.545540     229.323702      0.102507        5.976467       
59              278.393000      1399.244518     230.155746      0.103088        6.079555       
60              279.862000      1427.931492     230.979920      0.102504        6.182059       
61              279.862000      1456.636098     231.777690      0.102567        6.284626       
62              277.520000      1485.084673     232.511829      0.102510        6.387136       
63              278.664000      1513.805735     233.244744      0.103067        6.490203       
64              279.537000      1542.876186     233.974804      0.103995        6.594198       
65              279.862000      1571.676225     234.679909      0.102908        6.697106       
66              279.248000      1600.401070     235.354102      0.102865        6.799971       
67              280.444000      1629.193134     236.024744      0.102666        6.902637       
68              280.735000      1657.994580     236.679535      0.102593        7.005230       
69              278.664000      1687.023287     237.294715      0.104171        7.109401       
70              279.862000      1715.731251     237.900168      0.102579        7.211980       
71              280.735000      1744.751670     238.505465      0.103373        7.315353       
72              277.791000      1773.599155     239.055342      0.103846        7.419199       
73              278.989000      1802.468657     239.604654      0.103479        7.522678       
74              280.132000      1831.252500     240.150751      0.102751        7.625429       
75              281.039000      1860.085697     240.693571      0.102595        7.728024       
76              279.842000      1888.807560     241.206688      0.102636        7.830660       
77              280.748000      1917.606409     241.717968      0.102579        7.933239       
78              281.309000      1946.572516     242.225253      0.102969        8.036208       
79              278.978000      1975.203470     242.688693      0.102628        8.138836       
80              279.822000      2004.201144     243.155554      0.103629        8.242465       
81              280.112000      2033.229991     243.614440      0.103633        8.346098       
82              278.105000      2061.773297     244.033431      0.102635        8.448733       
83              279.842000      2090.477811     244.462959      0.102574        8.551307       
84              281.871000      2119.392702     244.906389      0.102582        8.653889       
85              282.159000      2148.367045     245.343248      0.102688        8.756577       
86              279.842000      2177.101222     245.743094      0.102680        8.859257       
87              281.330000      2206.162892     246.153262      0.103301        8.962558       
88              281.309000      2235.541116     246.558188      0.104434        9.066992       
89              278.989000      2264.171525     246.921138      0.102622        9.169614       
90              280.132000      2293.359599     247.294272      0.104194        9.273808       
91              281.006000      2322.356327     247.665252      0.103189        9.376997       
92              279.267000      2351.003815     248.007223      0.102581        9.479578       
93              280.715000      2379.855984     248.358049      0.102781        9.582359       
94              281.871000      2409.022022     248.716065      0.103473        9.685832       
95              281.871000      2437.937194     249.063530      0.102583        9.788415       
96              280.132000      2466.915449     249.388431      0.103445        9.891860       
97              281.871000      2496.114466     249.725071      0.103590        9.995450       
98              279.267000      2524.995142     250.027591      0.103416        10.098866      
99              280.403000      2553.752993     250.332968      0.102559        10.201425      
100             281.018000      2582.817842     250.640945      0.103427        10.304852      
101             282.181000      2611.737726     250.951538      0.102487        10.407339      
102             281.601000      2640.598731     251.250423      0.102489        10.509828      
103             281.889000      2669.539711     251.546828      0.102668        10.612496      
104             282.744000      2698.803432     251.848142      0.103499        10.715995      
105             279.822000      2727.521004     252.113509      0.102628        10.818623      
106             281.287000      2756.495253     252.388655      0.103006        10.921629      
107             281.309000      2785.363464     252.657865      0.102621        11.024250      
108             279.282000      2814.207988     252.904978      0.103281        11.127531      
109             280.403000      2843.124828     253.157480      0.103126        11.230657      
110             281.619000      2872.031892     253.415257      0.102646        11.333303      
111             283.069000      2901.087509     253.681418      0.102645        11.435948      
112             281.018000      2930.392909     253.928445      0.104283        11.540231      
113             282.776000      2959.550508     254.183915      0.103112        11.643343      
114             282.452000      2988.526694     254.430806      0.102588        11.745931      
115             280.403000      3017.622711     254.658239      0.103765        11.849696      
116             281.330000      3047.098218     254.891997      0.104772        11.954468      
117             281.871000      3076.720323     255.127101      0.105091        12.059559      
118             278.989000      3105.832826     255.331804      0.104350        12.163909      
119             281.330000      3134.705161     255.549318      0.102628        12.266537      
120             282.744000      3163.704799     255.774817      0.102565        12.369102      
121             282.744000      3192.720554     255.996729      0.102622        12.471724      
122             280.735000      3221.626714     256.199295      0.102966        12.574690      
123             281.871000      3250.637441     256.407708      0.102922        12.677612      
124             282.474000      3279.646391     256.617164      0.102696        12.780308      
125             279.537000      3308.646118     256.801714      0.103742        12.884050      
126             281.601000      3338.086377     257.001325      0.104546        12.988596      
127             281.619000      3367.018223     257.194511      0.102734        13.091330      
128             282.744000      3396.168847     257.394151      0.103099        13.194429      
129             281.889000      3425.443301     257.585440      0.103851        13.298280      
130             282.776000      3454.454705     257.778295      0.102595        13.400875      
131             283.054000      3483.482176     257.970250      0.102551        13.503426      
132             280.715000      3512.295044     258.141831      0.102641        13.606067      
133             282.744000      3541.352645     258.326264      0.102770        13.708837      
134             279.822000      3570.511776     258.488428      0.104206        13.813043      
135             281.039000      3599.768779     258.657111      0.104103        13.917146      
136             282.181000      3628.698540     258.829135      0.102522        14.019668      
137             282.483000      3658.052761     259.003169      0.103915        14.123583      
138             281.287000      3686.902118     259.163823      0.102562        14.226145      
139             283.354000      3715.949020     259.336885      0.102511        14.328656      
140             283.347000      3745.054707     259.507787      0.102721        14.431377      
141             281.039000      3773.867106     259.659666      0.102521        14.533898      
142             282.474000      3803.271802     259.821909      0.104097        14.637995      
143             282.474000      3832.268323     259.979655      0.102652        14.740647      
144             279.537000      3861.139743     260.115734      0.103283        14.843930      
145             281.330000      3889.994355     260.261309      0.102565        14.946495      
146             283.069000      3919.032988     260.416782      0.102585        15.049080      
147             283.942000      3948.206041     260.576304      0.102743        15.151823      
148             281.871000      3977.139817     260.719599      0.102649        15.254472      
149             282.744000      4006.158399     260.866788      0.102632        15.357104      
150             283.069000      4035.212885     261.014194      0.102641        15.459745      
151             280.735000      4064.283275     261.145407      0.103551        15.563296      
152             281.871000      4093.191964     261.281092      0.102560        15.665856      
153             281.889000      4122.109547     261.415161      0.102585        15.768441      
154             280.735000      4151.088699     261.540813      0.103226        15.871667      
155             282.159000      4180.025233     261.673182      0.102554        15.974221      
156             283.354000      4209.135606     261.811726      0.102735        16.076956      
157             284.243000      4238.421162     261.954563      0.103030        16.179986      
158             281.579000      4267.795202     262.080279      0.104319        16.284305      
159             282.744000      4297.093983     262.210939      0.103623        16.387928      
160             283.054000      4326.116359     262.340535      0.102533        16.490461      
161             280.715000      4354.934280     262.454215      0.102659        16.593120      
162             281.579000      4384.424049     262.574167      0.104730        16.697850      
163             282.776000      4413.618692     262.698307      0.103243        16.801093      
164             282.776000      4443.065005     262.821982      0.104133        16.905226      
165             282.181000      4472.020726     262.938782      0.102614        17.007840      
166             283.347000      4501.735609     263.063848      0.104871        17.112711      
167             283.624000      4530.888186     263.186604      0.102786        17.215497      
168             281.309000      4559.860481     263.294375      0.102991        17.318488      
169             282.776000      4588.953324     263.409425      0.102883        17.421371      
170             283.672000      4618.145159     263.528412      0.102907        17.524278      
171             280.735000      4647.041774     263.628888      0.102932        17.627210      
172             281.601000      4676.066389     263.733364      0.103070        17.730280      
173             282.744000      4705.179690     263.843129      0.102967        17.833247      
174             282.474000      4734.723363     263.951759      0.104589        17.937836      
175             283.672000      4763.804849     264.063823      0.102518        18.040354      
176             283.942000      4792.940990     264.176250      0.102613        18.142967      
177             281.330000      4821.816138     264.272746      0.102638        18.245605      
178             282.474000      4850.790344     264.374498      0.102573        18.348178      
179             282.483000      4879.782422     264.475227      0.102633        18.450811      
180             280.735000      4908.582183     264.565132      0.102587        18.553398      
181             282.181000      4937.632717     264.662340      0.102950        18.656348      
182             284.213000      4967.585925     264.772162      0.105390        18.761738      
183             284.791000      4996.948732     264.881572      0.103103        18.864841      
184             281.911000      5025.858705     264.973644      0.102550        18.967391      
185             283.354000      5054.981545     265.072705      0.102779        19.070170      
186             283.054000      5084.041001     265.168989      0.102664        19.172834      
187             281.039000      5112.897243     265.253525      0.102677        19.275511      
188             281.911000      5141.848375     265.341803      0.102696        19.378207      
189             283.054000      5170.882639     265.435065      0.102575        19.480782      
190             281.039000      5199.750684     265.516911      0.102719        19.583501      
191             282.474000      5228.852568     265.605652      0.103025        19.686526      
192             283.624000      5257.952957     265.699073      0.102602        19.789128      
193             283.672000      5287.246346     265.792373      0.103265        19.892393      
194             281.619000      5316.317031     265.874078      0.103227        19.995620      
195             283.054000      5345.627556     265.962589      0.103551        20.099171      
196             283.918000      5374.750445     266.053758      0.102575        20.201746      
197             281.006000      5403.789605     266.129856      0.103340        20.305086      
198             282.474000      5432.782171     266.212056      0.102638        20.407724      
199             283.069000      5462.243992     266.297591      0.104080        20.511804      
200             284.213000      5491.422152     266.386812      0.102663        20.614467      
201             283.347000      5520.510838     266.470856      0.102661        20.717128      
202             283.942000      5549.960450     266.557887      0.103717        20.820845      
203             284.213000      5579.131789     266.644493      0.102639        20.923484      
204             281.871000      5608.054290     266.718800      0.102609        21.026093      
205             283.347000      5637.142693     266.799593      0.102660        21.128753      
206             283.069000      5666.200858     266.878255      0.102654        21.231407      
207             280.715000      5695.016253     266.944832      0.102650        21.334057      
208             282.181000      5724.186714     267.018303      0.103375        21.437432      
209             283.347000      5753.817726     267.097570      0.104575        21.542007      
210             284.213000      5782.963769     267.178662      0.102550        21.644557      
211             282.452000      5811.934589     267.250697      0.102569        21.747126      
212             284.537000      5841.154831     267.331943      0.102694        21.849820      
213             284.243000      5870.612639     267.411775      0.103636        21.953456      
214             282.203000      5899.554250     267.480551      0.102556        22.056012      
215             282.760000      5928.573343     267.551318      0.102628        22.158640      
216             280.748000      5957.795841     267.613019      0.104088        22.262728      
217             282.776000      5986.782926     267.682517      0.102509        22.365237      
218             284.243000      6015.935172     267.758112      0.102561        22.467798      
219             284.226000      6045.067769     267.832897      0.102498        22.570296      
220             282.474000      6074.018529     267.899081      0.102490        22.672786      
221             283.354000      6103.382221     267.969398      0.103629        22.776415      
222             283.672000      6132.571786     268.040020      0.102899        22.879314      
223             281.018000      6161.379503     268.097909      0.102512        22.981826      
224             282.744000      6190.393844     268.163015      0.102617        23.084443      
225             283.918000      6219.772543     268.233322      0.103476        23.187919      
226             284.213000      6249.144251     268.304224      0.103344        23.291263      
227             283.918000      6278.376732     268.372943      0.102961        23.394224      
228             284.537000      6307.570513     268.443524      0.102601        23.496825      
229             284.815000      6337.110386     268.515471      0.103716        23.600541      
230             282.203000      6366.092352     268.574775      0.102699        23.703240      
231             283.942000      6395.212591     268.640978      0.102557        23.805797      
232             283.942000      6424.349300     268.706650      0.102615        23.908412      
233             281.330000      6453.636034     268.761376      0.104101        24.012513      
234             282.474000      6482.778877     268.820040      0.103170        24.115683      
235             283.347000      6511.855662     268.881595      0.102619        24.218302      
236             283.672000      6540.949346     268.943966      0.102561        24.320863      
237             282.744000      6569.963687     269.001948      0.102617        24.423480      
238             284.537000      6599.144664     269.066908      0.102556        24.526036      
239             284.243000      6628.325619     269.130168      0.102662        24.628698      
240             282.474000      6657.325247     269.185559      0.102663        24.731361      
241             283.054000      6686.417820     269.242957      0.102781        24.834142      
242             283.942000      6715.875667     269.304107      0.103746        24.937888      
243             280.748000      6744.671428     269.350983      0.102568        25.040456      
244             282.452000      6773.702409     269.404538      0.102782        25.143238      
245             283.918000      6803.244361     269.464352      0.104051        25.247289      
246             284.820000      6832.483698     269.526537      0.102659        25.349948      
247             282.760000      6861.503074     269.579897      0.102629        25.452577      
248             283.918000      6890.629653     269.637455      0.102588        25.555165      
249             283.948000      6919.758743     269.694672      0.102586        25.657751      
250             281.579000      6948.653535     269.742014      0.102617        25.760368      
251             283.084000      6977.901491     269.795312      0.103319        25.863687      
252             283.084000      7007.195873     269.848269      0.103483        25.967170      
253             281.309000      7036.107124     269.893450      0.102774        26.069944      
254             283.084000      7065.159185     269.945172      0.102627        26.172571      
255             284.521000      7094.355877     270.002098      0.102617        26.275188      
256             284.791000      7123.565751     270.059602      0.102566        26.377754      
257             282.474000      7152.543346     270.107696      0.102585        26.480339      
258             284.213000      7181.737137     270.162199      0.102718        26.583057      
259             281.330000      7210.634510     270.205185      0.102717        26.685774      
260             282.744000      7240.304535     270.254298      0.104936        26.790710      
261             283.347000      7269.382737     270.304260      0.102624        26.893334      
262             283.672000      7298.478691     270.355049      0.102569        26.995903      
263             282.744000      7327.493314     270.401965      0.102618        27.098521      
264             283.942000      7356.634850     270.453052      0.102632        27.201153      
265             284.213000      7386.003432     270.505126      0.103333        27.304486      
266             282.181000      7414.963668     270.548848      0.102630        27.407116      
267             283.347000      7444.020903     270.596557      0.102550        27.509666      
268             283.942000      7473.606239     270.646913      0.104195        27.613861      
269             281.330000      7502.463101     270.686449      0.102573        27.716434      
270             282.744000      7531.481966     270.730933      0.102633        27.819067      
271             283.347000      7560.543451     270.777276      0.102565        27.921632      
272             284.243000      7589.704509     270.826572      0.102592        28.024224      
273             283.054000      7619.049000     270.871638      0.103671        28.127895      
274             283.918000      7648.182678     270.919060      0.102613        28.230508      
275             283.948000      7677.701628     270.966863      0.103959        28.334467      
276             281.871000      7707.108666     271.006865      0.104328        28.438795      
277             282.760000      7736.113904     271.049106      0.102579        28.541374      
278             283.084000      7765.269291     271.092378      0.102992        28.644366      
279             280.735000      7794.267813     271.127025      0.103295        28.747661      
280             282.159000      7823.222688     271.166266      0.102619        28.850280      
281             284.521000      7852.405438     271.213576      0.102568        28.952848      
282             285.115000      7881.646547     271.262645      0.102559        29.055407      
283             282.760000      7910.669316     271.303117      0.102641        29.158048      
284             284.213000      7939.835254     271.348393      0.102620        29.260668      
285             283.948000      7969.451598     271.393146      0.104302        29.364970      
286             281.911000      7998.440225     271.429849      0.102829        29.467799      
287             282.452000      8027.413303     271.468084      0.102577        29.570376      
288             283.347000      8056.624112     271.509353      0.103092        29.673468      
289             281.330000      8085.498136     271.543204      0.102634        29.776102      
290             283.069000      8114.857486     271.583212      0.103718        29.879820      
291             284.213000      8144.311900     271.626866      0.103635        29.983455      
292             284.243000      8174.160826     271.670897      0.105012        30.088467      
293             282.203000      8203.460553     271.707115      0.103825        30.192292      
294             283.347000      8232.678729     271.746734      0.103118        30.295410      
295             283.942000      8261.801524     271.787882      0.102566        30.397976      
296             281.006000      8290.754134     271.819021      0.103032        30.501008      
297             283.069000      8320.108106     271.857140      0.103699        30.604707      
298             283.918000      8349.280681     271.897496      0.102750        30.707457      
299             283.354000      8379.215897     271.936776      0.105646        30.813103      
300             284.243000      8408.385483     271.977626      0.102622        30.915725      
301             284.226000      8437.535133     272.018123      0.102558        31.018283      
302             281.889000      8466.462300     272.050672      0.102619        31.120902      
303             283.672000      8495.574990     272.088870      0.102628        31.223530      
304             283.084000      8524.697540     272.124978      0.102876        31.326406      
305             281.018000      8553.536731     272.154016      0.102624        31.429030      
306             281.911000      8582.448959     272.185751      0.102558        31.531588      
307             283.354000      8611.869888     272.222406      0.103831        31.635419      
308             283.942000      8641.088656     272.260404      0.102904        31.738323      
309             282.483000      8670.079604     272.293354      0.102629        31.840952      
310             284.521000      8699.533502     272.332979      0.103521        31.944473      
311             283.948000      8728.652653     272.370147      0.102551        32.047024      
312             282.181000      8757.598780     272.401451      0.102580        32.149604      
313             282.776000      8786.605943     272.434448      0.102580        32.252184      
314             283.069000      8815.642594     272.468164      0.102578        32.354762      
315             280.403000      8844.419513     272.493253      0.102627        32.457389      
316             282.474000      8873.391176     272.524692      0.102564        32.559953      
317             284.213000      8902.747537     272.561654      0.103290        32.663243      
318             284.213000      8931.935075     272.598172      0.102696        32.765939      
319             282.474000      8960.924535     272.629008      0.102627        32.868566      
320             283.378000      8989.990049     272.662446      0.102568        32.971134      
321             283.672000      9019.138766     272.696651      0.102755        33.073889      
322             281.006000      9047.979817     272.722357      0.102635        33.176524      
323             282.744000      9076.994158     272.753259      0.102617        33.279141      
324             283.347000      9106.275803     272.786054      0.103342        33.382483      
325             284.213000      9136.183537     272.821961      0.105230        33.487713      
326             283.672000      9165.917469     272.855816      0.104818        33.592531      
327             283.942000      9195.643073     272.890258      0.104689        33.697220      
328             284.537000      9224.835716     272.925611      0.102597        33.799817      
329             282.203000      9254.295733     272.954177      0.104393        33.904210      
330             283.624000      9283.395839     272.986369      0.102601        34.006811      
331             283.672000      9313.260260     273.019347      0.105278        34.112089      
332             281.018000      9342.594605     273.043749      0.104386        34.216475      
333             281.889000      9371.612259     273.070280      0.102940        34.319415      
334             283.054000      9400.669733     273.100054      0.102657        34.422072      
335             283.354000      9429.733353     273.130518      0.102570        34.524642      
336             282.483000      9458.744922     273.158257      0.102702        34.627344      
337             284.226000      9487.933511     273.190983      0.102695        34.730039      
338             282.203000      9517.743461     273.218311      0.105633        34.835672      
339             283.084000      9546.918098     273.247412      0.103060        34.938732      
340             283.354000      9576.287740     273.277306      0.103650        35.042382      
341             280.735000      9605.178740     273.299143      0.102912        35.145294      
342             281.889000      9634.208515     273.324240      0.102983        35.248277      
343             283.672000      9663.324609     273.354284      0.102640        35.350917      
344             284.537000      9692.530340     273.386660      0.102643        35.453560      
345             282.744000      9721.531110     273.413653      0.102569        35.556129      
346             283.672000      9751.042926     273.443581      0.104035        35.660164      
347             283.648000      9780.140673     273.472851      0.102584        35.762748      
348             281.601000      9809.038849     273.496108      0.102621        35.865369      
349             282.744000      9838.326038     273.522740      0.103582        35.968951      
350             283.069000      9867.422700     273.549943      0.102790        36.071741      
351             281.006000      9896.273305     273.571105      0.102669        36.174410      
352             283.069000      9925.581987     273.598212      0.103539        36.277949      
353             284.243000      9955.217446     273.628717      0.104261        36.382210      
354             285.086000      9984.601545     273.661084      0.103071        36.485281      
355             281.889000      10013.850066    273.684417      0.103759        36.589040      
356             283.672000      10043.126151    273.712509      0.103204        36.692244      
357             283.084000      10072.159812    273.738631      0.102562        36.794806      
358             281.039000      10101.220650    273.759090      0.103405        36.898211      
359             281.889000      10130.301447    273.781757      0.103164        37.001375      
360             283.084000      10159.734540    273.807823      0.103973        37.105348      
361             283.069000      10189.265147    273.833788      0.104323        37.209671      
362             282.483000      10218.663153    273.857911      0.104070        37.313741      
363             283.948000      10248.209362    273.885970      0.104055        37.417796      
364             283.648000      10277.640395    273.912965      0.103759        37.521555      
365             281.889000      10306.635497    273.934771      0.102860        37.624415      
366             283.054000      10336.001784    273.959848      0.103748        37.728163      
367             283.624000      10365.103024    273.986059      0.102605        37.830768      
368             281.039000      10394.107935    274.005248      0.103206        37.933974      
369             282.181000      10423.162137    274.027379      0.102963        38.036937      
370             283.054000      10452.211686    274.051668      0.102629        38.139566      
371             284.213000      10481.362277    274.078921      0.102566        38.242132      
372             282.744000      10510.364460    274.102101      0.102574        38.344706      
373             283.942000      10539.501736    274.128364      0.102617        38.447323      
374             281.601000      10568.391183    274.148250      0.102590        38.549913      
375             282.744000      10597.752733    274.171343      0.103845        38.653758      
376             282.744000      10627.359140    274.194503      0.104711        38.758469      
377             280.735000      10656.170693    274.211776      0.102629        38.861098      
378             282.203000      10685.110328    274.232808      0.102549        38.963647      
379             284.213000      10714.464415    274.259193      0.103282        39.066929      
380             284.521000      10743.766095    274.286173      0.102986        39.169915      
381             282.474000      10772.751317    274.307567      0.102612        39.272527      
382             283.648000      10801.941533    274.331978      0.102910        39.375437      
383             283.354000      10830.994952    274.355411      0.102534        39.477971      
384             281.287000      10859.871875    274.373389      0.102660        39.580631      
385             282.474000      10888.952856    274.394405      0.102951        39.683582      
386             282.760000      10918.320310    274.416242      0.103860        39.787442      
387             280.748000      10947.128143    274.432529      0.102611        39.890053      
388             282.744000      10976.131174    274.453847      0.102577        39.992630      
389             283.624000      11005.304739    274.477372      0.102860        40.095490      
390             283.648000      11034.399365    274.500773      0.102573        40.198063      
391             281.619000      11063.283054    274.518888      0.102563        40.300626      
392             283.378000      11092.351686    274.541381      0.102579        40.403205      
393             283.672000      11122.028032    274.564961      0.104615        40.507820      
394             281.039000      11150.882869    274.581329      0.102672        40.610492      
395             282.474000      11179.877977    274.601228      0.102647        40.713139      
396             282.760000      11209.197079    274.621954      0.103689        40.816828      
397             283.918000      11238.333312    274.645268      0.102622        40.919450      
398             283.347000      11267.396214    274.667026      0.102570        41.022020      
399             283.672000      11296.514010    274.689502      0.102646        41.124666      
400             283.942000      11325.733345    274.712596      0.102906        41.227572      
401             281.601000      11354.631803    274.729700      0.102622        41.330194      
402             283.347000      11383.936400    274.751210      0.103423        41.433617      
403             282.744000      11412.936038    274.770946      0.102565        41.536182      
404             280.735000      11441.751240    274.785648      0.102642        41.638824      
405             281.871000      11470.700801    274.803082      0.102705        41.741529      
406             283.069000      11499.762646    274.823363      0.102667        41.844196      
407             284.213000      11529.105081    274.846472      0.103241        41.947437      
408             282.203000      11558.066163    274.864426      0.102625        42.050062      
409             284.213000      11587.236649    274.887189      0.102636        42.152698      
410             283.648000      11616.656903    274.908693      0.103721        42.256419      
411             282.203000      11645.650722    274.926385      0.102741        42.359160      
412             282.483000      11674.639692    274.944648      0.102622        42.461782      
413             282.776000      11703.641199    274.963518      0.102560        42.564342      
414             280.444000      11732.401292    274.976690      0.102552        42.666894      
415             281.889000      11761.780045    274.993533      0.104221        42.771115      
416             283.624000      11790.884122    275.014190      0.102615        42.873730      
417             281.911000      11819.977055    275.030751      0.103199        42.976929      
418             283.378000      11849.036336    275.050621      0.102546        43.079475      
419             283.378000      11878.464291    275.070646      0.103847        43.183322      
420             280.715000      11907.274352    275.084029      0.102631        43.285953      
421             282.452000      11936.341770    275.101505      0.102911        43.388864      
422             283.347000      11965.396454    275.120945      0.102541        43.491405      
423             282.483000      11994.587965    275.138397      0.103339        43.594744      
424             283.378000      12023.761730    275.157809      0.102950        43.697694      
425             283.918000      12052.887174    275.178326      0.102584        43.800278      
426             283.918000      12082.255936    275.198917      0.103441        43.903719      
427             281.871000      12111.738797    275.214775      0.104597        44.008316      
428             283.347000      12141.052744    275.233848      0.103456        44.111772      
429             283.347000      12170.121596    275.252673      0.102591        44.214363      
430             280.735000      12199.212199    275.265492      0.103623        44.317986      
431             281.871000      12228.142029    275.280754      0.102635        44.420621      
432             282.744000      12257.136861    275.297943      0.102548        44.523169      
433             283.069000      12286.198140    275.315821      0.102665        44.625834      
434             282.203000      12315.167689    275.331628      0.102655        44.728489      
435             283.672000      12344.280379    275.350721      0.102628        44.831117      
436             283.942000      12373.708128    275.370536      0.103640        44.934757      
437             281.871000      12402.635985    275.385349      0.102628        45.037385      
438             282.744000      12431.640995    275.402072      0.102584        45.139969      
439             283.347000      12460.998011    275.420266      0.103608        45.243577      
440             280.403000      12489.774369    275.431543      0.102625        45.346202      
441             281.579000      12518.671977    275.445424      0.102627        45.448829      
442             283.378000      12547.728140    275.463280      0.102535        45.551364      
443             284.521000      12576.915158    275.483633      0.102583        45.653947      
444             282.452000      12606.667522    275.499673      0.105336        45.759283      
445             283.347000      12636.227131    275.517523      0.104323        45.863606      
446             283.354000      12665.289334    275.535009      0.102565        45.966171      
447             281.018000      12694.158875    275.547236      0.102732        46.068903      
448             282.474000      12723.140143    275.562628      0.102598        46.171501      
449             282.483000      12752.116966    275.577969      0.102579        46.274080      
450             280.748000      12780.914973    275.589404      0.102576        46.376656      
451             283.069000      12809.944548    275.605907      0.102553        46.479209      
452             283.948000      12839.423746    275.624499      0.103819        46.583028      
453             284.496000      12868.627545    275.644005      0.102651        46.685679      
454             281.871000      12897.561885    275.657667      0.102651        46.788330      
455             283.084000      12926.742467    275.673992      0.103081        46.891411      
456             283.054000      12955.786921    275.690106      0.102611        46.994022      
457             281.871000      12984.866142    275.703645      0.103165        47.097187      
458             282.744000      13014.136932    275.719087      0.103524        47.200711      
459             282.744000      13043.356263    275.734434      0.103342        47.304053      
460             282.203000      13072.882034    275.748709      0.104626        47.408679      
461             283.347000      13101.940685    275.765110      0.102555        47.511234      
462             283.672000      13131.100181    275.782180      0.102793        47.614027      
463             281.330000      13159.962107    275.794108      0.102591        47.716618      
464             282.744000      13189.049679    275.809060      0.102876        47.819494      
465             283.054000      13218.098662    275.824575      0.102627        47.922121      
466             280.748000      13247.263606    275.835225      0.103883        48.026004      
467             282.203000      13276.280001    275.848829      0.102821        48.128825      
468             282.760000      13305.284956    275.863527      0.102578        48.231403      
469             283.624000      13334.644578    275.880147      0.103516        48.334919      
470             282.744000      13363.660616    275.894690      0.102623        48.437542      
471             283.354000      13392.727069    275.910453      0.102580        48.540122      
472             283.672000      13422.528231    275.927215      0.105055        48.645177      
473             281.619000      13451.527103    275.939238      0.102972        48.748149      
474             282.483000      13480.514943    275.952984      0.102618        48.850767      
475             282.452000      13509.478984    275.966598      0.102545        48.953312      
476             280.424000      13538.256936    275.975923      0.102623        49.055935      
477             281.601000      13567.509084    275.987809      0.103878        49.159813      
478             283.084000      13596.593984    276.002609      0.102743        49.262556      
479             283.948000      13625.736135    276.019128      0.102632        49.365188      
480             282.181000      13654.697782    276.031912      0.102635        49.467823      
481             283.378000      13683.756495    276.047109      0.102544        49.570367      
482             283.672000      13713.258951    276.063073      0.104002        49.674369      
483             281.330000      13742.120314    276.073928      0.102589        49.776958      
484             282.203000      13771.761789    276.086834      0.105036        49.881994      
485             282.744000      13801.376395    276.100783      0.104740        49.986734      
486             279.862000      13830.093035    276.108488      0.102610        50.089344      
487             282.744000      13859.102287    276.122052      0.102599        50.191943      
488             283.672000      13888.256393    276.137480      0.102774        50.294717      
489             283.672000      13917.361424    276.152819      0.102601        50.397318      
490             281.601000      13946.249181    276.163886      0.102584        50.499902      
491             282.744000      13975.255887    276.177226      0.102590        50.602492      
492             283.054000      14004.463098    276.191221      0.103186        50.705678      
493             280.403000      14033.716141    276.199868      0.104325        50.810003      
494             282.159000      14062.988726    276.212011      0.103745        50.913748      
495             282.483000      14091.971482    276.224623      0.102600        51.016348      
496             283.378000      14121.052299    276.238983      0.102622        51.118970      
497             283.672000      14150.263139    276.253926      0.102974        51.221944      
498             283.648000      14179.474912    276.268763      0.102986        51.324930      
499             281.309000      14208.322025    276.278813      0.102546        51.427476      
500             283.354000      14237.362126    276.292885      0.102487        51.529963      
501             283.054000      14266.965895    276.306580      0.104587        51.634550      
502             280.403000      14295.730196    276.314702      0.102582        51.737132      
503             281.619000      14324.634443    276.325204      0.102636        51.839768      
504             282.483000      14353.604205    276.337361      0.102554        51.942322      
505             283.054000      14383.313553    276.350906      0.104960        52.047282      
506             281.889000      14412.359113    276.361849      0.103039        52.150321      
507             283.918000      14441.490520    276.376686      0.102605        52.252926      
508             283.378000      14470.572470    276.390410      0.102626        52.355552      
509             281.601000      14499.896146    276.400753      0.104132        52.459684      
510             282.474000      14528.871199    276.412605      0.102576        52.562260      
511             282.744000      14557.888933    276.424943      0.102629        52.664889      
512             280.132000      14586.648685    276.432155      0.102665        52.767554      
513             281.601000      14615.739194    276.442255      0.103304        52.870858      
514             283.672000      14644.833729    276.456253      0.102564        52.973422      
515             283.942000      14674.009906    276.470745      0.102754        53.076176      
516             281.601000      14702.891186    276.480639      0.102561        53.178737      
517             283.069000      14731.983036    276.493347      0.102773        53.281510      
518             283.069000      14761.184434    276.506054      0.103160        53.384670      
519             280.735000      14790.395192    276.514280      0.104051        53.488721      
520             281.911000      14819.984288    276.524849      0.104959        53.593680      
521             282.760000      14849.282183    276.536881      0.103614        53.697294      
522             281.006000      14878.110307    276.545403      0.102589        53.799883      
523             282.760000      14907.649962    276.557447      0.104469        53.904352      
524             283.918000      14937.149326    276.571607      0.103901        54.008253      
525             283.624000      14966.524264    276.585105      0.103570        54.111823      
526             281.287000      14995.376153    276.594001      0.102571        54.214394      
527             283.069000      15024.612934    276.606313      0.103285        54.317679      
528             282.760000      15053.612800    276.617910      0.102560        54.420239      
529             280.444000      15082.369528    276.625106      0.102540        54.522779      
530             281.911000      15111.280910    276.635030      0.102555        54.625334      
531             282.483000      15140.293892    276.646005      0.102707        54.728041      
532             282.776000      15169.309537    276.657476      0.102610        54.830651      
533             282.159000      15198.779634    276.667936      0.104445        54.935096      
534             283.354000      15227.853171    276.680401      0.102605        55.037701      
535             283.648000      15256.959710    276.693367      0.102615        55.140316      
536             282.474000      15285.951994    276.704107      0.102637        55.242953      
537             283.069000      15315.238313    276.716005      0.103460        55.346413      
538             280.403000      15343.998127    276.722825      0.102566        55.448979      
539             281.871000      15372.885113    276.732323      0.102483        55.551462      
540             282.744000      15401.916701    276.743414      0.102678        55.654140      
541             283.942000      15431.314920    276.756781      0.103536        55.757676      
542             282.203000      15460.851697    276.766985      0.104665        55.862341      
543             283.347000      15489.915166    276.779045      0.102572        55.964913      
544             283.672000      15519.073527    276.791682      0.102789        56.067702      
545             281.039000      15547.900540    276.799438      0.102573        56.170275      
546             282.474000      15576.882090    276.809784      0.102599        56.272874      
547             282.159000      15605.875338    276.819534      0.102755        56.375629      
548             280.444000      15635.014592    276.826202      0.103904        56.479533      
549             281.579000      15663.929658    276.834827      0.102689        56.582222      
550             283.918000      15693.063619    276.847650      0.102614        56.684836      
551             284.521000      15722.269984    276.861520      0.102651        56.787487      
552             281.619000      15751.470495    276.870191      0.103688        56.891175      
553             283.054000      15780.499947    276.881319      0.102558        56.993733      
554             282.483000      15809.627899    276.891435      0.103114        57.096847      
555             280.424000      15838.384539    276.897768      0.102547        57.199394      
556             281.911000      15867.313400    276.906746      0.102617        57.302011      
557             282.452000      15896.762128    276.916817      0.104261        57.406272      
558             282.483000      15925.724263    276.926741      0.102527        57.508799      
559             282.181000      15954.838570    276.936150      0.103176        57.611975      
560             283.054000      15984.219858    276.947153      0.103801        57.715776      
561             283.378000      16013.292741    276.958564      0.102594        57.818370      
562             281.018000      16042.130246    276.965756      0.102618        57.920988      
563             282.181000      16071.078912    276.974977      0.102589        58.023577      
564             282.760000      16100.195558    276.985225      0.102973        58.126550      
565             281.018000      16129.661419    276.992487      0.104854        58.231404      
566             281.911000      16158.757735    277.001189      0.103211        58.334615      
567             282.452000      16187.733639    277.010758      0.102587        58.437202      
568             283.084000      16216.769565    277.021399      0.102570        58.539772      
569             282.474000      16245.756764    277.030941      0.102619        58.642391      
570             283.347000      16274.848284    277.041980      0.102671        58.745062      
571             283.347000      16304.006674    277.053005      0.102907        58.847969      
572             281.601000      16332.890207    277.060919      0.102569        58.950538      
573             282.744000      16361.906810    277.070795      0.102625        59.053163      
574             282.203000      16391.250278    277.079816      0.103980        59.157143      
575             280.132000      16420.027397    277.085107      0.102727        59.259870      
576             281.330000      16448.876664    277.092439      0.102546        59.362416      
577             283.672000      16477.986517    277.103794      0.102618        59.465034      
578             282.203000      16507.327163    277.112694      0.103970        59.569004      
579             283.347000      16536.506237    277.123453      0.102980        59.671984      
580             283.069000      16565.529868    277.133651      0.102532        59.774516      
581             281.330000      16594.585911    277.140889      0.103281        59.877797      
582             281.871000      16623.825800    277.149070      0.103735        59.981532      
583             282.203000      16653.086864    277.157791      0.103688        60.085220      
584             279.862000      16681.795388    277.162400      0.102581        60.187801      
585             282.474000      16710.788519    277.171443      0.102640        60.290441      
586             283.347000      16740.173303    277.182047      0.103706        60.394147      
587             283.347000      16769.289758    277.192519      0.102759        60.496906      
588             281.330000      16798.460865    277.199598      0.103690        60.600596      
589             282.474000      16828.025159    277.208692      0.104662        60.705258      
590             282.744000      16857.050527    277.218037      0.102656        60.807914      
591             280.132000      16885.798233    277.222946      0.102622        60.910536      
592             282.203000      16914.740973    277.231317      0.102560        61.013096      
593             282.203000      16943.690203    277.239662      0.102583        61.115679      
594             283.069000      16972.724025    277.249429      0.102568        61.218247      
595             282.744000      17002.109609    277.258741      0.103930        61.322177      
596             283.069000      17031.144562    277.268444      0.102572        61.424749      
597             283.347000      17060.199247    277.278574      0.102541        61.527290      
598             281.006000      17089.228572    277.284822      0.103305        61.630595      
599             283.069000      17119.232470    277.294753      0.105995        61.736590      
600             282.474000      17148.210348    277.303345      0.102586        61.839176      
601             280.132000      17176.958054    277.308031      0.102622        61.941798      
602             281.330000      17206.255760    277.314782      0.104140        62.045938      
603             282.203000      17235.220794    277.322855      0.102639        62.148577      
604             282.744000      17264.230611    277.331790      0.102601        62.251178      
605             281.601000      17294.216894    277.339080      0.106485        62.357663      
606             283.672000      17323.311996    277.349479      0.102566        62.460229      
607             283.069000      17352.341571    277.358855      0.102553        62.562782      
608             281.330000      17381.575415    277.365440      0.103913        62.666695      
609             282.203000      17410.846075    277.373433      0.103722        62.770417      
610             282.474000      17439.868584    277.381768      0.102744        62.873161      
611             279.537000      17468.539296    277.385279      0.102565        62.975726      
612             281.601000      17497.469856    277.392145      0.102736        63.078462      
613             283.672000      17526.565242    277.402339      0.102567        63.181029      
614             283.672000      17555.674812    277.412506      0.102617        63.283646      
615             282.744000      17584.881136    277.421194      0.103296        63.386942      
616             282.744000      17613.860700    277.429787      0.102494        63.489436      
617             280.403000      17643.021490    277.434649      0.103996        63.593432      
618             282.203000      17672.097147    277.442362      0.103031        63.696463      
619             283.069000      17701.122477    277.451405      0.102538        63.799001      
620             281.006000      17730.444329    277.457209      0.104346        63.903347      
621             282.474000      17759.617396    277.465304      0.103277        64.006624      
622             283.672000      17788.731788    277.475241      0.102634        64.109258      
623             283.672000      17817.830011    277.485140      0.102577        64.211835      
624             281.601000      17846.727061    277.491707      0.102617        64.314452      
625             282.744000      17875.729244    277.500070      0.102574        64.417026      
626             282.776000      17904.739799    277.508460      0.102592        64.519618      
627             280.112000      17933.473128    277.512592      0.102578        64.622196      
628             281.309000      17963.540559    277.518861      0.106884        64.729080      
629             282.181000      17992.594479    277.526265      0.102962        64.832042      
630             282.483000      18021.697855    277.534130      0.103027        64.935069      
631             281.889000      18050.732140    277.541026      0.102999        65.038068      
632             283.054000      18079.839715    277.549729      0.102834        65.140902      
633             283.378000      18108.987126    277.558918      0.102857        65.243759      
634             281.039000      18137.938640    277.564404      0.103016        65.346775      
635             282.203000      18166.909318    277.571679      0.102659        65.449434      
636             282.744000      18196.255600    277.579869      0.103791        65.553225      
637             279.862000      18224.981755    277.583437      0.102644        65.655869      
638             281.330000      18253.850433    277.589283      0.102615        65.758484      
639             282.203000      18283.143669    277.596555      0.103802        65.862286      
640             283.672000      18312.471666    277.606077      0.103387        65.965673      
641             281.601000      18341.512332    277.612312      0.103127        66.068800      
642             282.744000      18370.521301    277.620269      0.102598        66.171398      
643             282.744000      18399.524898    277.628199      0.102579        66.273977      
644             280.403000      18429.867587    277.632723      0.108211        66.382188      
645             281.871000      18459.117905    277.639338      0.103772        66.485960      
646             281.871000      18488.242789    277.645904      0.103327        66.589287      
647             279.862000      18516.957190    277.649313      0.102602        66.691889      
648             281.330000      18545.828119    277.654968      0.102623        66.794512      
649             283.347000      18574.961574    277.663717      0.102819        66.897331      
650             283.942000      18604.379101    277.673425      0.103604        67.000935      
651             281.330000      18633.537268    277.679073      0.103644        67.104579      
652             282.203000      18662.503430    277.685982      0.102643        67.207222      
653             280.132000      18691.467118    277.689739      0.103393        67.310615      
654             281.330000      18720.761448    277.695362      0.104128        67.414743      
655             281.871000      18749.667319    277.701704      0.102550        67.517293      
656             282.203000      18778.775148    277.708570      0.103145        67.620438      
657             281.601000      18808.329736    277.714602      0.104952        67.725390      
658             282.744000      18837.336160    277.722209      0.102589        67.827979      
659             282.744000      18866.362942    277.729798      0.102661        67.930640      
660             280.735000      18895.158773    277.734329      0.102573        68.033213      
661             281.871000      18924.089449    277.740561      0.102638        68.135851      
662             282.474000      18953.061677    277.747675      0.102566        68.238417      
663             280.132000      18982.157307    277.751299      0.103864        68.342281      
664             281.006000      19010.995548    277.756179      0.102625        68.444906      
665             281.871000      19040.499549    277.762462      0.104672        68.549578      
666             282.744000      19069.512759    277.769908      0.102613        68.652191      
667             281.871000      19098.448790    277.776031      0.102657        68.754848      
668             282.744000      19127.757468    277.783510      0.103658        68.858506      
669             282.776000      19156.758126    277.790934      0.102557        68.961063      
670             281.039000      19185.633759    277.795767      0.102746        69.063809      
671             281.889000      19214.557544    277.801839      0.102607        69.166416      
672             281.911000      19243.475692    277.807924      0.102579        69.268995      
673             279.572000      19272.974452    277.810607      0.105514        69.374509      
674             280.424000      19301.766145    277.814469      0.102672        69.477181      
675             282.159000      19330.720455    277.820876      0.102617        69.579798      
676             283.054000      19359.768872    277.828583      0.102625        69.682423      
677             281.579000      19388.923843    277.834148      0.103541        69.785964      
678             282.776000      19417.975684    277.841413      0.102738        69.888702      
679             282.776000      19446.987088    277.848646      0.102595        69.991297      
680             280.444000      19475.815890    277.852452      0.102797        70.094094      
681             281.330000      19504.688788    277.857536      0.102630        70.196724      
682             281.871000      19533.880476    277.863449      0.103564        70.300288      
683             278.989000      19562.789595    277.865105      0.103621        70.403909      
684             281.871000      19591.691520    277.870931      0.102536        70.506445      
685             282.744000      19620.690875    277.878010      0.102564        70.609009      
686             282.744000      19649.985699    277.885139      0.103609        70.712618      
687             280.735000      19678.808200    277.889271      0.102668        70.815286      
688             281.871000      19707.740285    277.895034      0.102643        70.917929      
689             281.871000      19736.652075    277.900776      0.102571        71.020500      
690             279.537000      19765.942800    277.903187      0.104783        71.125283      
691             281.601000      19794.827178    277.908512      0.102572        71.227855      
692             282.474000      19823.815790    277.915080      0.102624        71.330479      
693             281.871000      19852.767042    277.920768      0.102711        71.433190      
694             282.474000      19881.717238    277.927292      0.102488        71.535678      
695             282.744000      19910.713766    277.934187      0.102554        71.638232      
696             280.132000      19940.658476    277.937462      0.106895        71.745127      
697             282.203000      19970.035526    277.943642      0.104099        71.849226      
698             281.601000      19998.913708    277.948854      0.102550        71.951776      
699             279.537000      20027.882128    277.951138      0.103630        72.055406      
700             280.403000      20056.647830    277.954624      0.102587        72.157993      
701             281.601000      20085.699761    277.959830      0.103167        72.261160      
702             281.911000      20114.622138    277.965432      0.102594        72.363754      
703             281.006000      20144.069038    277.969829      0.104791        72.468545      
704             282.744000      20173.068393    277.976576      0.102564        72.571109      
705             282.744000      20202.140131    277.983321      0.102820        72.673929      
706             280.444000      20230.933317    277.986792      0.102670        72.776599      
707             281.309000      20259.821219    277.991474      0.102691        72.879290      
708             281.579000      20288.706719    277.996516      0.102584        72.981874      
709             278.700000      20317.345931    277.997505      0.102760        73.084634      
710             280.444000      20346.108268    278.000934      0.102560        73.187194      
711             282.452000      20375.076263    278.007162      0.102559        73.289753      
712             282.776000      20404.078052    278.013827      0.102561        73.392314      
713             280.748000      20432.865952    278.017641      0.102540        73.494854      
714             281.889000      20462.204959    278.023116      0.104080        73.598934      
715             282.181000      20491.173943    278.028908      0.102661        73.701595      
716             279.842000      20519.884892    278.031428      0.102597        73.804192      
717             281.039000      20549.140209    278.035664      0.104097        73.908289      
718             281.911000      20578.118123    278.041046      0.102791        74.011080      
719             279.862000      20606.914243    278.043574      0.102894        74.113974      
720             281.601000      20635.987012    278.048523      0.103241        74.217215      
721             282.744000      20664.995416    278.055005      0.102596        74.319811      
722             282.744000      20694.344243    278.061545      0.103800        74.423611      
723             280.735000      20723.133617    278.065224      0.102550        74.526161      
724             281.871000      20752.042025    278.070454      0.102559        74.628720      
725             281.871000      20781.029075    278.075684      0.102838        74.731558      
726             279.267000      20809.726552    278.077319      0.102760        74.834318      
727             280.735000      20839.063640    278.081026      0.104501        74.938819      
728             281.601000      20867.971954    278.085841      0.102657        75.041476      
729             281.871000      20896.893892    278.091009      0.102607        75.144083      
730             281.006000      20926.158137    278.095044      0.104141        75.248224      
731             282.474000      20955.150421    278.101008      0.102637        75.350861      
732             280.403000      20984.206341    278.104170      0.103622        75.454483      
733             281.601000      21013.067346    278.108913      0.102489        75.556972      
734             282.203000      21042.010650    278.114463      0.102562        75.659534      
735             279.267000      21070.652274    278.116023      0.102560        75.762094      
736             280.735000      21099.445859    278.119564      0.102565        75.864659      
737             281.601000      21128.327421    278.124264      0.102562        75.967221      
738             282.744000      21157.382477    278.130505      0.102761        76.069982      
739             280.735000      21186.452867    278.134045      0.103551        76.173533      
740             282.474000      21215.762369    278.139949      0.103760        76.277293      
741             281.871000      21244.676696    278.144960      0.102580        76.379873      
742             280.132000      21273.402552    278.147624      0.102544        76.482417      
743             281.309000      21302.256416    278.151858      0.102570        76.584987      
744             281.006000      21331.095781    278.155677      0.102629        76.687616      
745             279.267000      21359.768403    278.157163      0.102671        76.790287      
746             280.735000      21388.691969    278.160617      0.103028        76.893315      
747             282.474000      21417.661090    278.166363      0.102555        76.995870      
748             283.347000      21446.824580    278.173279      0.102925        77.098795      
749             280.735000      21475.616761    278.176682      0.102560        77.201355      
750             281.911000      21504.527580    278.181636      0.102553        77.303908      
751             281.579000      21533.407449    278.186137      0.102564        77.406472      
752             279.572000      21562.076439    278.187971      0.102546        77.509018      
753             280.444000      21590.975071    278.190966      0.103046        77.612064      
754             281.579000      21619.883661    278.195442      0.102666        77.714730      
755             280.112000      21648.619231    278.197969      0.102586        77.817316      
756             281.309000      21677.787317    278.202108      0.103687        77.921003      
757             282.181000      21706.937179    278.207376      0.103302        78.024305      
758             281.911000      21736.204333    278.212298      0.103817        78.128122      
759             280.132000      21764.942795    278.214815      0.102589        78.230711      
760             281.601000      21793.841816    278.219251      0.102624        78.333335      
761             281.601000      21822.754072    278.223678      0.102671        78.436006      
762             279.267000      21851.406866    278.225041      0.102600        78.538606      
763             280.735000      21880.224595    278.228317      0.102651        78.641257      
764             281.330000      21909.125907    278.232364      0.102731        78.743988      
765             282.203000      21938.605397    278.237624      0.104462        78.848450      
766             281.006000      21967.426496    278.241221      0.102564        78.951014      
767             282.203000      21996.394634    278.246365      0.102650        79.053664      
768             282.203000      22025.357410    278.251495      0.102631        79.156295      
769             280.132000      22054.689471    278.253979      0.104708        79.261003      
770             281.330000      22083.561807    278.257957      0.102628        79.363631      
771             281.006000      22112.504863    278.261519      0.102998        79.466629      
772             279.267000      22141.141459    278.262814      0.102542        79.569171      
773             280.132000      22170.122235    278.265241      0.103454        79.672625      
774             282.474000      22199.099548    278.270654      0.102584        79.775209      
775             281.006000      22227.929078    278.274167      0.102594        79.877803      
776             282.203000      22256.952245    278.279219      0.102845        79.980648      
777             281.871000      22286.271057    278.283884      0.104015        80.084663      
778             279.862000      22315.008407    278.285905      0.102684        80.187347      
779             280.735000      22343.812941    278.289034      0.102604        80.289951      
780             281.006000      22372.670852    278.292505      0.102695        80.392646      
781             278.393000      22401.921883    278.292636      0.105071        80.497717      
782             281.006000      22430.739891    278.296089      0.102553        80.600270      
783             281.871000      22460.134809    278.300708      0.104285        80.704555      
784             282.203000      22489.192123    278.305681      0.102966        80.807521      
785             280.112000      22517.982874    278.307975      0.102783        80.910304      
786             281.309000      22546.945324    278.311789      0.102956        81.013260      
787             281.601000      22575.974444    278.315969      0.103086        81.116346      
788             278.700000      22604.627870    278.316455      0.102811        81.219157      
789             281.006000      22633.797698    278.319888      0.103805        81.322962      
790             281.006000      22662.617111    278.323272      0.102558        81.425520      
791             281.871000      22691.529183    278.327735      0.102572        81.528092      
792             281.601000      22720.433555    278.331851      0.102643        81.630735      
793             281.911000      22749.354804    278.336343      0.102590        81.733325      
794             282.181000      22778.306293    278.341163      0.102599        81.835924      
795             279.842000      22807.031235    278.343044      0.102647        81.938571      
796             281.579000      22835.924619    278.347091      0.102612        82.041183      
797             281.039000      22864.812337    278.350459      0.102789        82.143972      
798             278.978000      22893.556556    278.351245      0.103034        82.247006      
799             279.862000      22922.277953    278.353128      0.102627        82.349633      
800             281.006000      22951.127153    278.356431      0.102664        82.452297      
801             281.039000      22979.962879    278.359765      0.102604        82.554901      
802             280.112000      23008.821418    278.361949      0.103025        82.657926      
803             282.181000      23037.804510    278.366689      0.102711        82.760637      
804             281.579000      23066.996369    278.370708      0.103672        82.864309      
805             279.862000      23095.969922    278.372569      0.103528        82.967837      
806             281.006000      23125.050671    278.375850      0.103488        83.071325      
807             281.039000      23153.890050    278.379135      0.102617        83.173942      
808             278.375000      23182.449654    278.379130      0.102594        83.276536      
809             280.112000      23211.173459    278.381261      0.102544        83.379080      
810             282.181000      23240.116482    278.385930      0.102569        83.481649      
811             282.203000      23269.086031    278.390618      0.102655        83.584304      
812             280.132000      23297.827575    278.392753      0.102600        83.686904      
813             281.039000      23326.663300    278.395993      0.102604        83.789508      
814             281.330000      23355.542106    278.399583      0.102651        83.892159      
815             280.403000      23384.690559    278.402063      0.103952        83.996111      
816             281.006000      23413.606357    278.405249      0.102901        84.099012      
817             279.537000      23442.299991    278.406628      0.102647        84.201659      
818             281.006000      23471.326225    278.409813      0.103294        84.304953      
819             282.203000      23500.270376    278.414422      0.102565        84.407518      
820             282.474000      23529.220006    278.419346      0.102486        84.510004      
821             279.862000      23558.009410    278.421099      0.102870        84.612874      
822             281.330000      23587.175173    278.424659      0.103671        84.716545      
823             281.330000      23616.481319    278.428227      0.104170        84.820715      
824             278.375000      23645.041759    278.428163      0.102597        84.923312      
825             279.862000      23673.801217    278.429896      0.102763        85.026075      
826             281.006000      23702.825484    278.433022      0.103287        85.129362      
827             281.006000      23731.646864    278.436118      0.102565        85.231927      
828             280.403000      23760.423222    278.438483      0.102625        85.334552      
829             281.871000      23789.330503    278.442603      0.102555        85.437107      
830             281.871000      23818.232428    278.446713      0.102536        85.539643      
831             279.537000      23846.915160    278.448019      0.102608        85.642251      
832             281.006000      23876.284783    278.451137      0.104516        85.746767      
833             281.330000      23905.142771    278.454577      0.102577        85.849344      
834             135.225000      23919.012934    278.283654      0.102571        85.951915      
835             87.887000       23928.117324    278.054458      0.103592        86.055507      
836             87.012000       23937.035793    277.827186      0.102497        86.158004      
837             85.540000       23946.018947    277.593095      0.105017        86.263021      
838             84.848000       23954.715358    277.364355      0.102494        86.365515      
839             84.578000       23963.594272    277.130304      0.104979        86.470494      
840             84.307000       23972.223178    276.902338      0.102351        86.572845      
841             83.982000       23980.822179    276.674438      0.102391        86.675236      
842             83.982000       23989.423111    276.447024      0.102414        86.777650      
843             83.711000       23998.029941    276.218937      0.102816        86.880466      
844             83.465000       24006.573419    275.992107      0.102360        86.982826      
845             83.465000       24015.127663    275.765526      0.102489        87.085315      
