#timestep       power           acc-energy      avg-power       dt              acc-time       
1               126.003000      12.614034       126.003000      0.100109        0.100109       
2               126.003000      26.197788       126.003000      0.107805        0.207914       
3               125.914000      38.809082       125.974065      0.100158        0.308072       
4               125.854000      51.416507       125.944604      0.100175        0.408247       
5               125.746000      64.011100       125.905478      0.100159        0.508406       
6               125.657000      76.597911       125.864579      0.100168        0.608574       
7               125.844000      89.204459       125.861671      0.100176        0.708750       
8               125.443000      101.769206      125.809829      0.100163        0.808913       
9               125.524000      114.342694      125.778335      0.100168        0.909081       
10              125.122000      126.876666      125.713190      0.100174        1.009255       
11              121.266000      139.023396      125.311668      0.100166        1.109421       
12              121.299000      151.190656      124.978946      0.100308        1.209729       
13              121.265000      163.341045      124.694864      0.100197        1.309926       
14              121.281000      175.497767      124.452203      0.100236        1.410162       
15              121.299000      187.651442      124.243022      0.100196        1.510358       
16              121.299000      199.802448      124.059906      0.100174        1.610532       
17              121.278000      211.952927      123.896985      0.100187        1.710719       
18              121.244000      224.098545      123.750228      0.100175        1.810894       
19              121.262000      236.249725      123.619761      0.100206        1.911100       
20              121.324000      248.397897      123.505465      0.100130        2.011230       
21              121.304000      260.545279      123.401052      0.100140        2.111370       
22              137.861000      274.345579      124.055586      0.100103        2.211473       
23              154.500000      289.810566      125.373908      0.100097        2.311570       
24              171.184000      306.944886      127.275198      0.100093        2.411663       
25              186.302000      325.602099      129.628578      0.100145        2.511808       
26              202.928000      345.916207      132.437875      0.100105        2.611913       
27              219.557000      367.891447      135.653089      0.100089        2.712002       
28              236.215000      391.533734      139.232291      0.100088        2.812090       
29              252.896000      416.845842      143.138812      0.100089        2.912179       
30              284.369000      445.308051      147.831485      0.100089        3.012268       
31              286.242000      473.957154      152.282485      0.100087        3.112355       
32              302.923000      504.276111      156.975894      0.100088        3.212443       
33              302.956000      534.598674      161.386720      0.100089        3.312532       
34              303.109000      564.936551      165.543303      0.100089        3.412621       
35              304.681000      595.431463      169.507768      0.100088        3.512709       
36              304.681000      625.926375      173.252573      0.100088        3.612797       
37              304.617000      656.415186      176.793789      0.100089        3.712886       
38              304.647000      686.906999      180.149883      0.100089        3.812975       
39              304.647000      717.398813      183.334291      0.100089        3.913064       
40              304.677000      747.893325      186.360578      0.100088        4.013152       
41              304.647000      778.385138      189.238884      0.100089        4.113241       
42              304.618000      808.874049      191.979752      0.100089        4.213330       
43              304.588000      839.367268      194.593337      0.100113        4.313443       
44              304.588000      869.853480      197.087793      0.100090        4.413533       
45              304.516000      900.332182      199.470000      0.100089        4.513622       
46              304.499000      930.817709      201.749104      0.100117        4.613739       
47              304.583000      961.308295      203.932945      0.100106        4.713845       
48              304.550000      991.790095      206.024906      0.100088        4.813933       
49              304.559000      1022.272796     208.031833      0.100088        4.914021       
50              304.588000      1052.758704     209.959236      0.100089        5.014110       
51              304.687000      1083.254522     211.813135      0.100089        5.114199       
52              304.713000      1113.752636     213.596343      0.100088        5.214287       
53              304.719000      1144.251656     215.312514      0.100089        5.314376       
54              304.757000      1174.754480     216.965938      0.100089        5.414465       
55              304.718000      1205.253095     218.558620      0.100088        5.514553       
56              304.790000      1235.759221     220.095818      0.100089        5.614642       
57              304.747000      1266.260739     221.578402      0.100088        5.714730       
58              304.747000      1296.762257     223.009947      0.100088        5.814818       
59              304.823000      1327.271381     224.394332      0.100088        5.914906       
60              304.823000      1357.780810     225.732658      0.100089        6.014995       
61              304.837000      1388.291336     227.027390      0.100088        6.115083       
62              304.742000      1418.792353     228.278893      0.100088        6.215171       
63              304.776000      1449.309574     229.491765      0.100130        6.315301       
64              304.776000      1479.813995     230.666292      0.100088        6.415389       
65              304.751000      1510.315913     231.804350      0.100088        6.515477       
66              304.742000      1540.817235     232.907847      0.100089        6.615566       
67              304.771000      1571.321154     233.978873      0.100088        6.715654       
68              304.816000      1601.829578     235.019104      0.100088        6.815742       
69              304.751000      1632.331496     236.028285      0.100088        6.915830       
70              304.771000      1662.835721     237.008968      0.100089        7.015919       
71              304.836000      1693.352853     237.963175      0.100110        7.116029       
72              304.855000      1723.865180     238.890969      0.100088        7.216117       
73              304.866000      1754.378913     239.793537      0.100089        7.316206       
74              304.887000      1784.894443     240.672018      0.100088        7.416294       
75              304.958000      1815.417690     241.528066      0.100090        7.516384       
76              304.958000      1845.948865     242.361828      0.100116        7.616500       
77              304.958000      1876.476685     243.173868      0.100105        7.716605       
78              304.960000      1906.999827     243.965010      0.100089        7.816694       
79              305.024000      1937.529374     244.736956      0.100089        7.916783       
80              305.094000      1968.065622     245.490494      0.100088        8.016871       
81              305.094000      1998.601870     246.225449      0.100088        8.116959       
82              305.132000      2029.142227     246.942969      0.100089        8.217048       
83              305.170000      2059.686082     247.643670      0.100088        8.317136       
84              305.153000      2090.228846     248.327519      0.100090        8.417226       
85              305.153000      2120.771610     248.995295      0.100090        8.517316       
86              305.153000      2151.321392     249.647707      0.100113        8.617429       
87              305.182000      2181.866448     250.285310      0.100088        8.717517       
88              305.203000      2212.413911     250.908683      0.100089        8.817606       
89              305.165000      2242.957571     251.517637      0.100089        8.917695       
90              305.148000      2273.499529     252.112884      0.100089        9.017784       
91              305.242000      2304.050895     252.696094      0.100089        9.117873       
92              305.242000      2334.601957     253.266634      0.100088        9.217961       
93              305.231000      2365.152527     253.824810      0.100090        9.318051       
94              305.269000      2395.706291     254.371516      0.100088        9.418139       
95              305.303000      2426.263458     254.907081      0.100088        9.518227       
96              305.199000      2456.810521     255.430423      0.100089        9.618316       
97              305.199000      2487.357278     255.942980      0.100088        9.718404       
98              305.179000      2517.905086     256.444933      0.100098        9.818502       
99              305.199000      2548.463746     256.937097      0.100127        9.918629       
100             305.199000      2579.023932     257.419449      0.100132        10.018761      
101             305.133000      2609.577815     257.891605      0.100133        10.118894      
102             305.133000      2640.131698     258.354508      0.100133        10.219027      
103             305.184000      2670.690687     258.808923      0.100133        10.319160      
104             305.214000      2701.252680     259.254892      0.100133        10.419293      
105             305.184000      2731.811975     259.692089      0.100134        10.519427      
106             305.308000      2762.383381     260.122207      0.100133        10.619560      
107             305.346000      2792.958592     260.544644      0.100133        10.719693      
108             305.312000      2823.530399     260.958947      0.100133        10.819826      
109             305.347000      2854.115175     261.366098      0.100164        10.919990      
110             305.382000      2884.693991     261.766043      0.100133        11.020123      
111             305.412000      2915.275811     262.159056      0.100133        11.120256      
112             305.412000      2945.857936     262.545057      0.100134        11.220390      
113             305.418000      2976.440051     262.924276      0.100132        11.320522      
114             305.442000      3007.024875     263.297059      0.100133        11.420655      
115             305.418000      3037.607296     263.663154      0.100133        11.520788      
116             304.795000      3068.127638     264.017574      0.100134        11.620922      
117             304.795000      3098.647371     264.365933      0.100132        11.721054      
118             304.777000      3129.165607     264.708240      0.100133        11.821187      
119             304.829000      3159.689049     265.045234      0.100133        11.921320      
120             304.860000      3190.236326     265.377095      0.100201        12.021521      
121             304.843000      3220.761170     265.703110      0.100133        12.121654      
122             304.890000      3251.291025     266.024171      0.100134        12.221788      
123             304.810000      3281.812565     266.339361      0.100133        12.321921      
124             304.810000      3312.335629     266.649484      0.100138        12.422059      
125             304.876000      3342.863472     266.955158      0.100132        12.522191      
126             304.885000      3373.393132     267.256061      0.100135        12.622326      
127             305.550000      3403.988770     267.557456      0.100133        12.722459      
128             305.563000      3434.585710     267.854246      0.100133        12.822592      
129             305.617000      3465.200587     268.146973      0.100174        12.922766      
130             305.617000      3495.802629     268.435077      0.100132        13.022898      
131             305.551000      3526.404783     268.718343      0.100154        13.123052      
132             305.584000      3557.003826     268.997509      0.100133        13.223185      
133             305.617000      3587.610452     269.272765      0.100147        13.323332      
134             305.617000      3618.212799     269.543877      0.100133        13.423465      
135             305.594000      3648.812537     269.810801      0.100132        13.523597      
136             305.593000      3679.412787     270.073799      0.100134        13.623731      
137             305.584000      3710.011829     270.332891      0.100133        13.723864      
138             305.550000      3740.607162     270.587981      0.100132        13.823996      
139             305.533000      3771.201403     270.839284      0.100134        13.924130      
140             305.533000      3801.795034     271.086994      0.100132        14.024262      
141             305.533000      3832.388970     271.331195      0.100133        14.124395      
142             305.563000      3862.985910     271.572168      0.100133        14.224528      
143             305.623000      3893.588857     271.810192      0.100133        14.324661      
144             305.652000      3924.194709     272.045113      0.100133        14.424794      
145             305.652000      3954.800561     272.276794      0.100133        14.524927      
146             305.682000      3985.409722     272.505511      0.100134        14.625061      
147             305.683000      4016.018372     272.731120      0.100132        14.725193      
148             305.787000      4046.637742     272.954385      0.100133        14.825326      
149             305.778000      4077.257128     273.174601      0.100136        14.925462      
150             305.787000      4107.876498     273.391935      0.100133        15.025595      
151             305.753000      4138.492463     273.606167      0.100133        15.125728      
152             305.753000      4169.108122     273.817579      0.100132        15.225860      
153             305.807000      4199.729494     274.026583      0.100133        15.325993      
154             305.717000      4230.341855     274.232290      0.100133        15.426126      
155             305.717000      4260.954215     274.435343      0.100133        15.526259      
156             305.747000      4291.569885     274.635988      0.100134        15.626393      
157             305.785000      4322.189055     274.834318      0.100133        15.726526      
158             305.777000      4352.807117     275.030086      0.100132        15.826658      
159             305.785000      4383.426287     275.223445      0.100133        15.926791      
160             305.851000      4414.052065     275.414800      0.100133        16.026924      
161             305.918000      4444.684246     275.604192      0.100132        16.127056      
162             305.950000      4475.319937     275.791447      0.100133        16.227189      
163             305.918000      4505.956401     275.976233      0.100146        16.327335      
164             306.016000      4536.598701     276.159339      0.100133        16.427468      
165             306.016000      4567.241002     276.340226      0.100133        16.527601      
166             306.046000      4597.886918     276.519119      0.100135        16.627736      
167             306.016000      4628.529524     276.695690      0.100134        16.727870      
168             305.987000      4659.168920     276.869984      0.100133        16.828003      
169             306.016000      4689.810914     277.042386      0.100132        16.928135      
170             305.987000      4720.450311     277.212592      0.100133        17.028268      
171             306.016000      4751.105157     277.381046      0.100174        17.128442      
172             306.016000      4781.744397     277.547457      0.100123        17.228565      
173             306.016000      4812.384249     277.711948      0.100125        17.328690      
174             306.046000      4843.026799     277.874719      0.100124        17.428814      
175             306.075000      4873.675007     278.035812      0.100133        17.528947      
176             306.046000      4904.316639     278.194890      0.100121        17.629068      
177             306.105000      4934.964790     278.352509      0.100123        17.729191      
178             305.951000      4965.598133     278.507495      0.100125        17.829316      
179             305.977000      4996.247850     278.660964      0.100170        17.929486      
180             305.951000      5026.880276     278.812511      0.100122        18.029608      
181             306.011000      5057.519015     278.962717      0.100123        18.129731      
182             306.010000      5088.157654     279.111267      0.100123        18.229854      
183             306.010000      5118.796293     279.258195      0.100123        18.329977      
184             306.010000      5149.438299     279.403542      0.100134        18.430111      
185             306.040000      5180.083002     279.547479      0.100133        18.530244      
186             306.043000      5210.727700     279.689884      0.100132        18.630376      
187             305.977000      5241.366095     279.830414      0.100133        18.730509      
188             306.147000      5272.021512     279.970354      0.100133        18.830642      
189             306.147000      5302.676930     280.108814      0.100133        18.930775      
190             306.105000      5333.327836     280.245594      0.100132        19.030907      
191             306.081000      5363.976644     280.380818      0.100133        19.131040      
192             306.081000      5394.625453     280.514634      0.100133        19.231173      
193             306.147000      5425.290667     280.647448      0.100165        19.331338      
194             306.135000      5455.944883     280.778788      0.100133        19.431471      
195             306.135000      5486.599099     280.908782      0.100133        19.531604      
196             306.114000      5517.251212     281.037343      0.100133        19.631737      
197             306.179000      5547.909834     281.164929      0.100133        19.731870      
198             306.179000      5578.568456     281.291227      0.100133        19.832003      
199             306.165000      5609.225676     281.416185      0.100133        19.932136      
200             306.245000      5639.890907     281.540294      0.100133        20.032269      
201             306.224000      5670.554034     281.663064      0.100133        20.132402      
202             306.254000      5701.220472     281.784768      0.100134        20.232536      
203             306.283000      5731.889814     281.905417      0.100134        20.332670      
204             306.277000      5762.557943     282.024851      0.100132        20.432802      
205             306.283000      5793.226979     282.143151      0.100133        20.532935      
206             306.254000      5823.893417     282.260163      0.100134        20.633069      
207             306.212000      5854.555037     282.375839      0.100132        20.733201      
208             306.289000      5885.224673     282.490775      0.100133        20.833334      
209             306.316000      5915.897013     282.604741      0.100133        20.933467      
210             306.289000      5946.566649     282.717492      0.100133        21.033600      
211             306.259000      5977.232976     282.829033      0.100132        21.133732      
212             306.316000      6007.905316     282.939791      0.100133        21.233865      
213             306.349000      6038.580654     283.049663      0.100132        21.333997      
214             306.348000      6069.275498     283.158573      0.100196        21.434193      
215             306.349000      6099.951142     283.266406      0.100133        21.534326      
216             306.414000      6130.633295     283.373543      0.100133        21.634459      
217             306.437000      6161.317445     283.479797      0.100132        21.734591      
218             306.375000      6191.995693     283.584793      0.100133        21.834724      
219             306.311000      6222.664776     283.688530      0.100124        21.934848      
220             306.311000      6253.334164     283.791324      0.100125        22.034973      
221             306.344000      6284.006551     283.893337      0.100124        22.135097      
222             306.344000      6314.678019     283.994428      0.100121        22.235218      
223             306.344000      6345.352856     284.094624      0.100132        22.335350      
224             306.344000      6376.023405     284.193911      0.100118        22.435468      
225             306.376000      6406.697463     284.292460      0.100119        22.535587      
226             306.344000      6437.368318     284.389995      0.100119        22.635706      
227             306.344000      6468.038867     284.486670      0.100118        22.735824      
228             306.376000      6498.715683     284.582648      0.100128        22.835952      
229             306.438000      6529.397481     284.678054      0.100124        22.936076      
230             306.497000      6560.083348     284.772882      0.100118        23.036194      
231             306.527000      6590.772525     284.867019      0.100119        23.136313      
232             306.556000      6621.464605     284.960471      0.100119        23.236432      
233             306.610000      6652.162092     285.053352      0.100119        23.336551      
234             306.578000      6682.858827     285.145311      0.100127        23.436678      
235             306.578000      6713.554949     285.236485      0.100125        23.536803      
236             306.621000      6744.253230     285.327062      0.100118        23.636921      
237             306.688000      6774.958526     285.417159      0.100119        23.737040      
238             306.686000      6805.663622     285.506491      0.100119        23.837159      
239             306.686000      6836.368718     285.595075      0.100119        23.937278      
240             306.512000      6867.056086     285.682196      0.100118        24.037396      
241             306.545000      6897.747371     285.768733      0.100120        24.137516      
242             306.512000      6928.434740     285.854417      0.100118        24.237634      
243             306.551000      6959.126319     285.939557      0.100119        24.337753      
244             306.597000      6989.822504     286.024188      0.100119        24.437872      
245             306.662000      7020.525197     286.108394      0.100119        24.537991      
246             306.662000      7051.228197     286.191916      0.100120        24.638111      
247             306.661000      7081.930789     286.274757      0.100119        24.738230      
248             306.700000      7112.637287     286.357088      0.100119        24.838349      
249             306.837000      7143.356887     286.439306      0.100117        24.938466      
250             306.857000      7174.083705     286.520960      0.100134        25.038600      
251             306.706000      7204.795097     286.601361      0.100133        25.138733      
252             306.673000      7235.500425     286.680987      0.100124        25.238857      
253             306.596000      7266.200802     286.759685      0.100133        25.338990      
254             306.603000      7296.901880     286.837792      0.100133        25.439123      
255             306.567000      7327.600580     286.915149      0.100137        25.539260      
256             306.532000      7358.295162     286.991763      0.100135        25.639395      
257             306.562000      7389.003477     287.067924      0.100170        25.739565      
258             306.512000      7419.692685     287.143266      0.100124        25.839689      
259             306.545000      7450.384890     287.218153      0.100123        25.939812      
260             306.527000      7481.078358     287.292402      0.100133        26.039945      
261             306.491000      7511.767915     287.365944      0.100132        26.140077      
262             306.676000      7542.476303     287.439632      0.100133        26.240210      
263             306.710000      7573.187788     287.512888      0.100132        26.340342      
264             306.715000      7603.897321     287.585602      0.100124        26.440466      
265             306.746000      7634.609651     287.657883      0.100123        26.540589      
266             306.792000      7665.329347     287.729801      0.100132        26.640721      
267             306.817000      7696.051547     287.801273      0.100132        26.740853      
268             306.760000      7726.765585     287.871995      0.100124        26.840977      
269             306.752000      7757.478516     287.942160      0.100123        26.941100      
270             306.831000      7788.199356     288.012098      0.100123        27.041223      
271             306.831000      7818.923265     288.081526      0.100133        27.141356      
272             306.787000      7849.642767     288.150283      0.100133        27.241489      
273             306.852000      7880.365710     288.218767      0.100123        27.341612      
274             306.817000      7911.085455     288.286625      0.100124        27.441736      
275             306.831000      7941.805989     288.354039      0.100122        27.541858      
276             306.831000      7972.527136     288.420965      0.100124        27.641982      
277             306.831000      8003.248283     288.487409      0.100124        27.742106      
278             306.831000      8033.969430     288.553375      0.100124        27.842230      
279             306.903000      8064.700241     288.619131      0.100132        27.942362      
280             306.864000      8095.427454     288.684279      0.100133        28.042495      
281             306.817000      8126.149961     288.748796      0.100133        28.142628      
282             306.903000      8156.880772     288.813160      0.100132        28.242760      
283             306.935000      8187.612025     288.877177      0.100123        28.342883      
284             306.947000      8218.349390     288.940795      0.100139        28.443022      
285             306.947000      8249.084914     289.003963      0.100133        28.543155      
286             306.947000      8279.834251     289.066718      0.100178        28.643333      
287             306.968000      8310.568808     289.129074      0.100123        28.743456      
288             307.007000      8341.307270     289.191132      0.100123        28.843579      
289             306.974000      8372.042735     289.252648      0.100124        28.943703      
290             306.982000      8402.781763     289.313773      0.100133        29.043836      
291             307.047000      8433.527608     289.374701      0.100134        29.143970      
292             307.077000      8464.276149     289.435314      0.100133        29.244103      
293             307.007000      8495.014918     289.495270      0.100124        29.344227      
294             306.968000      8525.749475     289.554685      0.100123        29.444350      
295             306.968000      8556.484032     289.613696      0.100123        29.544473      
296             306.968000      8587.221659     289.672315      0.100133        29.644606      
297             306.976000      8617.957324     289.730561      0.100124        29.744730      
298             306.968000      8648.692188     289.788390      0.100124        29.844854      
299             307.006000      8679.443444     289.845982      0.100165        29.945019      
300             306.792000      8710.160686     289.902454      0.100124        30.045143      
301             306.721000      8740.871739     289.958316      0.100127        30.145270      
302             306.760000      8771.585471     290.013936      0.100123        30.245393      
303             306.816000      8802.305116     290.069374      0.100124        30.345517      
304             306.816000      8833.027523     290.124452      0.100133        30.445650      
305             306.903000      8863.758641     290.179454      0.100133        30.545783      
306             306.935000      8894.493270     290.234202      0.100134        30.645917      
307             307.001000      8925.234201     290.288808      0.100133        30.746050      
308             306.929000      8955.964853     290.342820      0.100123        30.846173      
309             306.970000      8986.700225     290.396616      0.100125        30.946298      
310             306.941000      9017.432385     290.449972      0.100124        31.046422      
311             307.065000      9048.176961     290.503382      0.100124        31.146546      
312             307.066000      9078.924401     290.556459      0.100133        31.246679      
313             306.994000      9109.664938     290.608967      0.100134        31.346813      
314             307.030000      9140.408773     290.661254      0.100133        31.446946      
315             307.065000      9171.156420     290.713322      0.100134        31.547080      
316             307.065000      9201.900996     290.765055      0.100124        31.647204      
317             307.000000      9232.651037     290.816276      0.100163        31.747367      
318             306.941000      9263.385346     290.866973      0.100131        31.847498      
319             306.935000      9294.118748     290.917333      0.100130        31.947628      
320             306.947000      9324.853658     290.967417      0.100131        32.047759      
321             306.968000      9355.588522     291.017251      0.100124        32.147883      
322             306.968000      9386.323693     291.066775      0.100125        32.248008      
323             306.968000      9417.058864     291.115993      0.100125        32.348133      
324             306.897000      9447.786926     291.164688      0.100125        32.448258      
325             306.962000      9478.522110     291.213285      0.100127        32.548385      
326             306.971000      9509.257889     291.261610      0.100126        32.648511      
327             306.941000      9539.993426     291.309553      0.100135        32.748646      
328             307.001000      9570.734971     291.357386      0.100135        32.848781      
329             307.036000      9601.477564     291.405031      0.100127        32.948908      
330             307.066000      9632.222241     291.452477      0.100124        33.049032      
331             307.000000      9662.960309     291.499437      0.100124        33.149156      
332             307.072000      9693.709577     291.546337      0.100137        33.249293      
333             307.111000      9724.462137     291.593071      0.100135        33.349428      
334             307.183000      9755.218835     291.639737      0.100125        33.449553      
335             307.171000      9785.974025     291.686088      0.100124        33.549677      
336             307.150000      9816.726804     291.732100      0.100123        33.649800      
337             307.183000      9847.486574     291.777942      0.100135        33.749935      
338             307.201000      9878.247531     291.823565      0.100133        33.850068      
339             307.201000      9909.008796     291.868920      0.100134        33.950202      
340             307.171000      9939.766750     291.913919      0.100133        34.050335      
341             307.171000      9970.525011     291.958655      0.100134        34.150469      
342             307.236000      10001.306064    292.003343      0.100187        34.250656      
343             307.236000      10032.071448    292.047748      0.100136        34.350792      
344             307.266000      10062.839222    292.091981      0.100134        34.450926      
345             307.254000      10093.605794    292.135923      0.100134        34.551060      
346             307.254000      10124.372673    292.179611      0.100135        34.651195      
347             307.222000      10155.136041    292.222955      0.100134        34.751329      
348             307.222000      10185.899409    292.266049      0.100134        34.851463      
349             307.236000      10216.663871    292.308937      0.100133        34.951596      
350             307.287000      10247.433748    292.351726      0.100134        35.051730      
351             307.287000      10278.203931    292.394271      0.100135        35.151865      
352             307.287000      10308.974115    292.436574      0.100135        35.252000      
353             307.266000      10339.742196    292.478579      0.100135        35.352135      
354             307.266000      10370.510277    292.520346      0.100135        35.452270      
355             307.296000      10401.281976    292.561963      0.100137        35.552407      
356             307.296000      10432.053061    292.603345      0.100135        35.652542      
357             307.325000      10462.827358    292.644578      0.100136        35.752678      
358             307.325000      10493.601654    292.685580      0.100136        35.852814      
359             307.355000      10524.379261    292.726437      0.100137        35.952951      
360             307.352000      10555.156569    292.767060      0.100137        36.053088      
361             307.352000      10585.940945    292.807466      0.100160        36.153248      
362             307.319000      10616.715255    292.847550      0.100138        36.253386      
363             307.352000      10647.493484    292.887504      0.100140        36.353526      
364             307.352000      10678.271714    292.927238      0.100140        36.453666      
365             307.319000      10709.047560    292.966666      0.100143        36.553809      
366             307.352000      10739.827019    293.005969      0.100144        36.653953      
367             307.320000      10770.602351    293.044969      0.100141        36.754094      
368             307.325000      10801.378184    293.083771      0.100141        36.854235      
369             307.287000      10832.149904    293.122260      0.100140        36.954375      
370             307.326000      10862.925222    293.160645      0.100139        37.054514      
371             307.326000      10893.699926    293.198823      0.100137        37.154651      
372             307.296000      10924.472547    293.236715      0.100140        37.254791      
373             307.231000      10955.238660    293.274231      0.100140        37.354931      
374             307.201000      10986.001153    293.311465      0.100138        37.455069      
375             307.231000      11016.787236    293.348605      0.100205        37.555274      
376             307.215000      11047.551131    293.385480      0.100138        37.655412      
377             307.231000      11078.316629    293.422202      0.100138        37.755550      
378             307.281000      11109.092972    293.458869      0.100157        37.855707      
379             307.320000      11139.867075    293.495438      0.100137        37.955844      
380             307.313000      11170.640477    293.531797      0.100137        38.055981      
381             307.346000      11201.417184    293.568051      0.100137        38.156118      
382             307.379000      11232.196272    293.604200      0.100134        38.256252      
383             307.349000      11262.972357    293.640083      0.100134        38.356386      
384             307.415000      11293.754743    293.675950      0.100133        38.456519      
385             307.450000      11324.555084    293.711738      0.100180        38.556699      
386             307.415000      11355.337471    293.747234      0.100133        38.656832      
387             307.385000      11386.117160    293.782469      0.100134        38.756966      
388             307.320000      11416.890034    293.817355      0.100133        38.857099      
389             307.287000      11447.659910    293.851976      0.100134        38.957233      
390             307.385000      11478.439600    293.886672      0.100134        39.057367      
391             307.319000      11509.213295    293.921022      0.100136        39.157503      
392             307.319000      11539.986991    293.955197      0.100136        39.257639      
393             307.352000      11570.763068    293.989280      0.100133        39.357772      
394             307.325000      11601.536750    294.023123      0.100134        39.457906      
395             307.352000      11632.313135    294.056863      0.100134        39.558040      
396             307.355000      11663.089513    294.090439      0.100133        39.658173      
397             307.385000      11693.868895    294.123922      0.100133        39.758306      
398             307.414000      11724.651182    294.157310      0.100133        39.858439      
399             307.444000      11755.436779    294.190605      0.100134        39.958573      
400             307.352000      11786.212857    294.223504      0.100133        40.058706      
401             307.414000      11816.994835    294.256393      0.100132        40.158838      
402             307.385000      11847.774525    294.289048      0.100134        40.258972      
403             307.414000      11878.556811    294.321611      0.100133        40.359105      
404             307.450000      11909.352848    294.354113      0.100166        40.459271      
405             307.474000      11940.141449    294.386504      0.100134        40.559405      
406             307.474000      11970.930358    294.418736      0.100135        40.659540      
407             307.503000      12001.721864    294.450880      0.100134        40.759674      
408             307.515000      12032.514571    294.482896      0.100134        40.859808      
409             307.483000      12063.304381    294.514677      0.100135        40.959943      
410             307.474000      12094.092982    294.546281      0.100134        41.060077      
411             307.503000      12124.884795    294.577802      0.100135        41.160212      
412             307.414000      12155.667389    294.608954      0.100134        41.260346      
413             307.444000      12186.452986    294.640028      0.100134        41.360480      
414             307.379000      12217.232075    294.670795      0.100134        41.460614      
415             307.409000      12248.014475    294.701486      0.100135        41.560749      
416             307.411000      12278.796768    294.732034      0.100134        41.660883      
417             307.411000      12309.579062    294.762435      0.100134        41.761017      
418             307.380000      12340.359480    294.792618      0.100138        41.861155      
419             307.380000      12371.138976    294.822656      0.100135        41.961290      
420             307.380000      12401.917858    294.852551      0.100133        42.061423      
421             307.380000      12432.697661    294.882304      0.100136        42.161559      
422             307.412000      12463.479747    294.911991      0.100133        42.261692      
423             307.412000      12494.262140    294.941539      0.100134        42.361826      
424             307.484000      12525.052051    294.971117      0.100135        42.461961      
425             307.451000      12555.838349    295.000478      0.100134        42.562095      
426             307.418000      12586.621036    295.029623      0.100133        42.662228      
427             307.386000      12617.414351    295.058570      0.100178        42.762406      
428             307.415000      12648.197352    295.087437      0.100135        42.862541      
429             307.444000      12678.982949    295.116236      0.100134        42.962675      
430             307.414000      12709.765543    295.144832      0.100134        43.062809      
431             307.444000      12740.551140    295.173365      0.100134        43.162943      
432             307.444000      12771.336738    295.201766      0.100134        43.263077      
433             307.415000      12802.119431    295.229969      0.100134        43.363211      
434             307.386000      12832.905061    295.257980      0.100153        43.463364      
435             307.353000      12863.681547    295.285781      0.100134        43.563498      
436             307.356000      12894.458025    295.313462      0.100133        43.663631      
437             307.353000      12925.234510    295.341009      0.100134        43.763765      
438             307.353000      12956.010688    295.368430      0.100133        43.863898      
439             307.386000      12986.790478    295.395802      0.100134        43.964032      
440             307.451000      13017.576161    295.423196      0.100132        44.064164      
441             307.475000      13048.364556    295.450521      0.100133        44.164297      
442             307.451000      13079.150854    295.477668      0.100134        44.264431      
443             307.411000      13109.932840    295.504602      0.100133        44.364564      
444             307.477000      13140.721742    295.531564      0.100134        44.464698      
445             307.509000      13171.513540    295.558476      0.100133        44.564831      
446             307.477000      13202.302442    295.585196      0.100134        44.664965      
447             307.509000      13233.094241    295.611868      0.100133        44.765098      
448             307.509000      13263.886040    295.638421      0.100133        44.865231      
449             307.509000      13294.677838    295.664855      0.100133        44.965364      
450             307.528000      13325.487838    295.691228      0.100186        45.065550      
451             307.509000      13356.279637    295.717429      0.100133        45.165683      
452             307.509000      13387.071436    295.743513      0.100133        45.265816      
453             307.581000      13417.870444    295.769641      0.100133        45.365949      
454             307.593000      13448.670654    295.795680      0.100133        45.466082      
455             307.533000      13479.464856    295.821473      0.100133        45.566215      
456             307.646000      13510.270680    295.847401      0.100134        45.666349      
457             307.622000      13541.073794    295.873163      0.100133        45.766482      
458             307.593000      13571.874004    295.898749      0.100133        45.866615      
459             307.563000      13602.671210    295.924158      0.100133        45.966748      
460             307.548000      13633.467221    295.949425      0.100134        46.066882      
461             307.533000      13664.265729    295.974552      0.100147        46.167029      
462             307.474000      13695.059557    295.999444      0.100151        46.267180      
463             307.503000      13725.851063    296.024287      0.100134        46.367314      
464             307.411000      13756.633048    296.048824      0.100133        46.467447      
465             307.379000      13787.411830    296.073187      0.100133        46.567580      
466             307.409000      13818.193615    296.097510      0.100133        46.667713      
467             307.346000      13848.969092    296.121594      0.100133        46.767846      
468             307.320000      13879.742273    296.145519      0.100134        46.867980      
469             307.379000      13910.521054    296.169468      0.100133        46.968113      
470             307.379000      13941.313361    296.193326      0.100177        47.068290      
471             307.346000      13972.088838    296.217002      0.100133        47.168423      
472             307.379000      14002.868234    296.240648      0.100135        47.268558      
473             307.438000      14033.652923    296.264318      0.100133        47.368691      
474             307.483000      14064.442118    296.287983      0.100133        47.468824      
475             307.504000      14095.233724    296.311593      0.100134        47.568958      
476             292.326000      14124.507834    296.303220      0.100142        47.669100      
477             274.085000      14151.959914    296.256635      0.100159        47.769259      
478             255.865000      14177.584282    296.172131      0.100148        47.869407      
479             237.550000      14201.376814    296.049731      0.100158        47.969565      
480             219.261000      14223.339970    295.889717      0.100169        48.069734      
481             210.612000      14244.438237    295.712370      0.100176        48.169910      
482             182.557000      14262.724242    295.477559      0.100166        48.270076      
483             164.193000      14279.170634    295.205695      0.100165        48.370241      
484             160.551000      14295.252225    294.927429      0.100165        48.470406      
485             127.443000      14308.018954    294.581995      0.100176        48.570582      
486             127.142000      14320.754133    294.237402      0.100165        48.670747      
487             124.285000      14333.204383    293.888321      0.100175        48.770922      
488             124.191000      14345.643850    293.540517      0.100164        48.871086      
489             124.066000      14358.074767    293.193770      0.100196        48.971282      
490             123.972000      14370.491679    292.848373      0.100159        49.071441      
491             123.898000      14382.903285    292.504175      0.100176        49.171617      
492             123.858000      14395.314104    292.161207      0.100202        49.271819      
493             123.828000      14407.718698    291.819658      0.100176        49.371995      
494             123.745000      14420.113739    291.479358      0.100166        49.472161      
495             123.745000      14432.508534    291.140440      0.100164        49.572325      
