#timestep       power           acc-energy      avg-power       dt              acc-time       
1               173.294000      17.344130       173.294000      0.100085        0.100085       
2               79.709000       25.540048       125.870091      0.102823        0.202908       
3               80.493000       33.870591       110.542983      0.103494        0.306402       
4               79.544000       42.008897       102.783112      0.102312        0.408714       
5               79.627000       50.156411       98.146724       0.102321        0.511035       
6               79.544000       58.350795       95.025821       0.103017        0.614052       
7               79.897000       66.520503       92.866172       0.102253        0.716305       
8               79.627000       74.749476       91.196934       0.103344        0.819649       
9               79.544000       83.018075       89.885410       0.103950        0.923599       
10              79.627000       91.169491       88.861838       0.102370        1.025969       
11              63.439000       97.715254       86.538695       0.103182        1.129151       
12              92.110000       107.166845      87.002812       0.102612        1.231763       
13              121.322000      119.743690      89.666901       0.103665        1.335428       
14              121.925000      132.430962      91.998784       0.104058        1.439486       
15              196.786000      152.668434      98.985840       0.102840        1.542326       
16              196.312000      172.830069      105.062083      0.102702        1.645028       
17              199.398000      193.333567      110.611903      0.102827        1.747855       
18              199.722000      213.941283      115.579150      0.103182        1.851037       
19              197.856000      234.231811      119.898203      0.102552        1.953589       
20              197.260000      254.475421      123.759271      0.102624        2.056213       
21              199.604000      274.952396      127.363475      0.102588        2.158801       
22              199.722000      295.451064      130.647488      0.102636        2.261437       
23              198.254000      315.786175      133.580840      0.102571        2.364008       
24              198.849000      336.179333      136.294591      0.102556        2.466564       
25              199.604000      356.651717      138.822035      0.102565        2.569129       
26              199.929000      377.156635      141.167813      0.102561        2.671690       
27              198.730000      397.875629      143.329692      0.104257        2.775947       
28              199.334000      418.594604      145.351001      0.103941        2.879888       
29              199.604000      439.068984      147.216909      0.102575        2.982463       
30              199.604000      459.550950      148.959361      0.102613        3.085076       
31              198.730000      480.008812      150.566484      0.102943        3.188019       
32              199.929000      500.536322      152.106660      0.102674        3.290693       
33              199.929000      521.059234      153.553319      0.102651        3.393344       
34              198.849000      541.473470      154.883450      0.102662        3.496006       
35              198.049000      562.138101      156.134423      0.104341        3.600347       
36              199.929000      582.863341      157.360088      0.103663        3.704010       
37              199.786000      603.429311      158.507286      0.102940        3.806950       
38              198.643000      623.803727      159.560265      0.102568        3.909518       
39              199.334000      644.258784      160.577544      0.102617        4.012135       
40              199.786000      665.156399      161.573771      0.104600        4.116735       
41              200.110000      685.699292      162.511359      0.102658        4.219393       
42              198.849000      706.526139      163.391512      0.104737        4.324130       
43              199.993000      727.221415      164.246945      0.103480        4.427610       
44              201.732000      748.002030      165.099228      0.103011        4.530621       
45              201.399000      768.727800      165.905433      0.102909        4.633530       
46              202.125000      789.472697      166.690321      0.102634        4.736164       
47              202.659000      810.282939      167.453618      0.102686        4.838850       
48              201.461000      831.122266      168.165385      0.103441        4.942291       
49              201.399000      852.143086      168.852715      0.104374        5.046665       
50              202.544000      873.226296      169.533584      0.104092        5.150757       
51              202.659000      894.031877      170.180925      0.102663        5.253420       
52              201.461000      914.703991      170.780190      0.102611        5.356031       
53              202.064000      935.428483      171.367995      0.102564        5.458595       
54              202.544000      956.282819      171.945162      0.102962        5.561557       
55              202.544000      977.054921      172.499193      0.102556        5.664113       
56              201.670000      997.732953      173.017865      0.102534        5.766647       
57              202.544000      1018.508499     173.533877      0.102573        5.869220       
58              202.869000      1039.320221     174.037811      0.102587        5.971807       
59              202.544000      1060.490727     174.528165      0.104523        6.076330       
60              201.670000      1081.177229     174.978747      0.102576        6.178906       
61              202.659000      1102.228027     175.436384      0.103873        6.282779       
62              202.930000      1123.041949     175.878010      0.102567        6.385346       
63              201.855000      1143.749648     176.288758      0.102587        6.487933       
64              201.523000      1164.419459     176.681478      0.102568        6.590501       
65              202.869000      1185.452714     177.087069      0.103679        6.694180       
66              202.719000      1206.245399     177.473877      0.102569        6.796749       
67              201.855000      1227.264358     177.841770      0.104129        6.900878       
68              202.334000      1248.024434     178.200588      0.102603        7.003481       
69              202.719000      1268.829485     178.554695      0.102630        7.106111       
70              202.719000      1289.638387     178.898782      0.102649        7.208760       
71              201.855000      1310.352344     179.220982      0.102618        7.311378       
72              202.659000      1331.153871     179.545468      0.102643        7.414021       
73              202.719000      1351.963788     179.861945      0.102654        7.516675       
74              202.125000      1372.698376     180.161687      0.102583        7.619258       
75              202.064000      1393.422060     180.452590      0.102560        7.721818       
76              202.930000      1414.712055     180.753888      0.104913        7.826731       
77              203.140000      1435.550157     181.043493      0.102580        7.929311       
78              202.064000      1456.286975     181.312074      0.102625        8.031936       
79              201.941000      1477.016016     181.572387      0.102649        8.134585       
80              202.719000      1497.828365     181.835951      0.102666        8.237251       
81              202.997000      1518.795316     182.098003      0.103287        8.340538       
82              201.855000      1539.498574     182.338007      0.102565        8.443103       
83              202.930000      1560.310872     182.585138      0.102559        8.545662       
84              202.997000      1581.131260     182.827215      0.102565        8.648227       
85              202.064000      1602.103280     183.055342      0.103789        8.752016       
86              202.719000      1623.188083     183.286282      0.104010        8.856026       
87              202.997000      1644.195228     183.513947      0.103485        8.959511       
88              202.544000      1665.108706     183.730761      0.103254        9.062765       
89              202.273000      1685.847554     183.938186      0.102529        9.165294       
90              202.869000      1706.661508     184.147755      0.102598        9.267892       
91              202.869000      1727.468564     184.352668      0.102564        9.370456       
92              202.273000      1748.227842     184.546814      0.102630        9.473086       
93              201.941000      1769.104907     184.734592      0.103382        9.576468       
94              203.140000      1789.940976     184.929636      0.102570        9.679038       
95              203.140000      1810.770139     185.120528      0.102536        9.781574       
96              202.273000      1831.518495     185.298533      0.102576        9.884150       
97              202.869000      1852.330014     185.479021      0.102586        9.986736       
98              203.140000      1873.167709     185.658580      0.102578        10.089314      
99              203.140000      1894.037500     185.834793      0.102736        10.192050      
100             202.273000      1914.801430     185.998705      0.102653        10.294703      
101             203.140000      1935.638312     186.167812      0.102574        10.397277      
102             203.140000      1956.936120     186.337246      0.104843        10.502120      
103             202.544000      1977.735970     186.494186      0.102693        10.604813      
104             202.544000      1998.935643     186.651046      0.104667        10.709480      
105             203.140000      2019.999027     186.809161      0.103689        10.813169      
106             203.140000      2040.844035     186.962679      0.102614        10.915783      
107             202.273000      2061.794461     187.106586      0.103575        11.019358      
108             202.273000      2082.571134     187.246653      0.102716        11.122074      
109             203.140000      2103.682052     187.393784      0.103923        11.225997      
110             203.140000      2124.574595     187.536734      0.102848        11.328845      
111             202.544000      2145.361888     187.671469      0.102631        11.431476      
112             202.869000      2166.189840     187.806744      0.102667        11.534143      
113             203.140000      2187.051302     187.942060      0.102695        11.636838      
114             203.140000      2207.885747     188.074837      0.102562        11.739400      
115             202.544000      2228.738665     188.200629      0.102955        11.842355      
116             202.869000      2249.555255     188.326635      0.102611        11.944966      
117             203.140000      2270.410014     188.452865      0.102662        12.047628      
118             202.544000      2291.520163     188.573723      0.104225        12.151853      
119             202.544000      2312.310697     188.690742      0.102647        12.254500      
120             203.140000      2333.150423     188.810699      0.102588        12.357088      
121             203.418000      2354.018669     188.930970      0.102588        12.459676      
122             202.544000      2374.795835     189.042131      0.102581        12.562257      
123             202.544000      2395.579482     189.151526      0.102613        12.664870      
124             203.140000      2416.418802     189.263922      0.102586        12.767456      
125             203.418000      2437.628180     189.378575      0.104265        12.871721      
126             203.140000      2458.977178     189.490024      0.105095        12.976816      
127             203.140000      2479.819749     189.597102      0.102602        13.079418      
128             203.140000      2500.663741     189.702520      0.102609        13.182027      
129             202.869000      2521.474043     189.804188      0.102580        13.284607      
130             203.140000      2542.307472     189.906351      0.102557        13.387164      
131             203.140000      2563.129728     190.006908      0.102502        13.489666      
132             202.544000      2583.904059     190.101513      0.102567        13.592233      
133             202.544000      2604.666439     190.194648      0.102508        13.694741      
134             203.140000      2625.499258     190.290869      0.102554        13.797295      
135             203.418000      2646.354892     190.387696      0.102526        13.899821      
136             202.334000      2667.197115     190.475576      0.103009        14.002830      
137             202.334000      2687.950514     190.561807      0.102570        14.105400      
138             203.140000      2708.874340     190.652991      0.103002        14.208402      
139             203.140000      2729.718739     190.742524      0.102611        14.311013      
140             202.544000      2750.493677     190.826506      0.102570        14.413583      
141             203.140000      2771.654770     190.914859      0.104170        14.517753      
142             203.208000      2792.500050     191.001112      0.102581        14.620334      
143             203.208000      2813.366667     191.086249      0.102686        14.723020      
144             202.449000      2834.421970     191.165952      0.104003        14.827023      
145             203.208000      2855.323336     191.248914      0.102857        14.929880      
146             203.208000      2876.168412     191.330522      0.102580        15.032460      
147             202.719000      2896.980964     191.407774      0.102667        15.135127      
148             202.719000      2917.789664     191.483971      0.102648        15.237775      
149             203.322000      2938.651111     191.563149      0.102603        15.340378      
150             203.532000      2959.535122     191.642673      0.102608        15.442986      
151             202.869000      2980.356176     191.716790      0.102633        15.545619      
152             202.544000      3001.127266     191.787747      0.102551        15.648170      
153             203.418000      3022.236562     191.864366      0.103773        15.751943      
154             203.418000      3043.218112     191.939528      0.103145        15.855088      
155             202.544000      3063.990822     192.007683      0.102559        15.957647      
156             203.140000      3084.921961     192.079103      0.103038        16.060685      
157             203.418000      3106.112421     192.152174      0.104172        16.164857      
158             203.140000      3126.968399     192.221521      0.102668        16.267525      
159             202.869000      3147.782149     192.288252      0.102597        16.370122      
160             203.140000      3168.625939     192.355847      0.102608        16.472730      
161             203.418000      3189.856879     192.425496      0.104371        16.577101      
162             202.869000      3210.666775     192.489722      0.102578        16.679679      
163             202.869000      3231.473831     192.553155      0.102564        16.782243      
164             203.418000      3252.373607     192.619266      0.102743        16.884986      
165             203.140000      3273.330545     192.683156      0.103165        16.988151      
166             203.140000      3294.177381     192.745945      0.102623        17.090774      
167             202.544000      3314.979662     192.804473      0.102705        17.193479      
168             203.418000      3335.865199     192.867477      0.102673        17.296152      
169             203.208000      3356.725313     192.928487      0.102654        17.398806      
170             203.140000      3377.875640     192.989230      0.104117        17.502923      
171             203.418000      3398.727002     193.049950      0.102505        17.605428      
172             203.418000      3419.756152     193.110476      0.103379        17.708807      
173             203.140000      3440.588565     193.168223      0.102552        17.811359      
174             203.418000      3461.450505     193.226903      0.102557        17.913916      
175             204.014000      3482.495977     193.288664      0.103157        18.017073      
176             202.869000      3503.351722     193.343019      0.102804        18.119877      
177             201.399000      3524.017072     193.388381      0.102609        18.222486      
178             203.418000      3545.341584     193.445750      0.104831        18.327317      
179             203.743000      3566.477679     193.503708      0.103739        18.431056      
180             202.869000      3587.287981     193.555543      0.102580        18.533636      
181             202.930000      3608.127472     193.607200      0.102693        18.636329      
182             203.532000      3629.173902     193.661965      0.103406        18.739735      
183             203.322000      3650.213256     193.715013      0.103478        18.843213      
184             202.719000      3671.199335     193.764210      0.103523        18.946736      
185             202.997000      3692.431400     193.814899      0.104593        19.051329      
186             203.322000      3713.348964     193.865962      0.102879        19.154208      
187             203.322000      3734.206345     193.916336      0.102583        19.256791      
188             202.869000      3755.150540     193.964077      0.103240        19.360031      
189             203.418000      3776.024278     194.013922      0.102615        19.462646      
190             203.418000      3796.900661     194.063250      0.102628        19.565274      
191             203.140000      3817.899039     194.110953      0.103369        19.668643      
192             202.273000      3838.638292     194.153281      0.102531        19.771174      
193             203.418000      3859.947345     194.202110      0.104755        19.875929      
194             203.418000      3880.808878     194.249417      0.102555        19.978484      
195             202.869000      3901.799936     194.293829      0.103471        20.081955      
196             202.869000      3922.615310     194.337420      0.102605        20.184560      
197             203.418000      3943.503898     194.383383      0.102688        20.287248      
198             203.743000      3964.406503     194.430477      0.102593        20.389841      
199             203.140000      3985.249277     194.474084      0.102603        20.492444      
200             203.418000      4006.118946     194.518639      0.102595        20.595039      
201             203.418000      4026.991667     194.562758      0.102610        20.697649      
202             203.532000      4048.036673     194.607343      0.103399        20.801048      
203             203.140000      4068.976547     194.649418      0.103081        20.904129      
204             203.418000      4089.840521     194.692232      0.102567        21.006696      
205             203.418000      4110.820850     194.734864      0.103139        21.109835      
206             203.140000      4131.999211     194.776170      0.104255        21.214090      
207             201.941000      4152.712501     194.810646      0.102571        21.316661      
208             203.418000      4173.584205     194.851878      0.102605        21.419266      
209             202.930000      4194.429986     194.890435      0.102724        21.521990      
210             202.869000      4215.781543     194.929262      0.105248        21.627238      
211             203.418000      4236.639211     194.969318      0.102536        21.729774      
212             203.418000      4257.764373     195.009504      0.103851        21.833625      
213             202.869000      4278.726421     195.046524      0.103328        21.936953      
214             203.140000      4299.562491     195.084190      0.102570        22.039523      
215             203.418000      4320.592658     195.123100      0.103384        22.142907      
216             203.418000      4341.477177     195.161383      0.102668        22.245575      
217             203.140000      4362.678899     195.198641      0.104370        22.349945      
218             203.418000      4383.547348     195.236197      0.102589        22.452534      
219             203.418000      4404.412136     195.273404      0.102571        22.555105      
220             203.140000      4425.638031     195.309679      0.104489        22.659594      
221             201.941000      4446.396758     195.339626      0.102796        22.762390      
222             203.208000      4467.250166     195.374941      0.102621        22.865011      
223             203.532000      4488.124001     195.411365      0.102558        22.967569      
224             202.930000      4509.086873     195.445030      0.103301        23.070870      
225             202.930000      4530.209248     195.478647      0.104087        23.174957      
226             203.532000      4551.085729     195.514134      0.102571        23.277528      
227             203.532000      4571.969130     195.549321      0.102605        23.380133      
228             202.930000      4592.791777     195.581571      0.102610        23.482743      
229             203.140000      4613.639020     195.614460      0.102625        23.585368      
230             203.418000      4634.500756     195.648245      0.102556        23.687924      
231             203.418000      4655.373477     195.681756      0.102610        23.790534      
232             202.930000      4676.196530     195.712885      0.102612        23.893146      
233             203.208000      4697.039575     195.744923      0.102570        23.995716      
234             203.532000      4718.255750     195.778604      0.104240        24.099956      
235             202.930000      4739.099705     195.808955      0.102715        24.202671      
236             202.334000      4759.941321     195.836607      0.103006        24.305677      
237             203.532000      4780.821669     195.868952      0.102590        24.408267      
238             203.532000      4801.728476     195.901066      0.102720        24.510987      
239             203.208000      4822.579649     195.931527      0.102610        24.613597      
240             203.140000      4843.424657     195.961454      0.102614        24.716211      
241             203.743000      4864.362510     195.993675      0.102766        24.818977      
242             203.418000      4885.240723     196.024251      0.102637        24.921614      
243             202.869000      4906.282499     196.052620      0.103721        25.025335      
244             203.418000      4927.150541     196.082690      0.102587        25.127922      
245             203.743000      4948.242220     196.114119      0.103521        25.231443      
246             203.743000      4969.325750     196.145280      0.103481        25.334924      
247             203.140000      4990.393196     196.173796      0.103709        25.438633      
248             203.418000      5011.452655     196.203158      0.103528        25.542161      
249             203.140000      5032.429704     196.231090      0.103264        25.645425      
250             202.273000      5053.605462     196.255654      0.104689        25.750114      
251             203.418000      5074.562398     196.284196      0.103024        25.853138      
252             203.418000      5095.789270     196.312874      0.104351        25.957489      
253             203.140000      5116.730972     196.339881      0.103090        26.060579      
254             203.140000      5137.597513     196.366579      0.102720        26.163299      
255             203.418000      5158.462097     196.394115      0.102570        26.265869      
256             203.532000      5179.338171     196.421880      0.102569        26.368438      
257             203.140000      5200.177288     196.447915      0.102585        26.471023      
258             203.418000      5221.220473     196.475048      0.103448        26.574471      
259             203.418000      5242.170900     196.501853      0.102992        26.677463      
260             203.418000      5263.031823     196.528337      0.102552        26.780015      
261             203.140000      5283.910755     196.553616      0.102781        26.882796      
262             203.418000      5304.772898     196.579704      0.102558        26.985354      
263             203.418000      5325.780689     196.605775      0.103274        27.088628      
264             203.140000      5346.632197     196.630441      0.102646        27.191274      
265             202.273000      5367.382980     196.651649      0.102588        27.293862      
266             203.418000      5388.289265     196.677032      0.102775        27.396637      
267             203.532000      5409.363375     196.702842      0.103542        27.500179      
268             202.930000      5430.515783     196.726356      0.104235        27.604414      
269             202.930000      5451.409253     196.749409      0.102959        27.707373      
270             203.532000      5472.366333     196.774521      0.102967        27.810340      
271             203.532000      5493.258485     196.799371      0.102648        27.912988      
272             202.930000      5514.077683     196.821822      0.102593        28.015581      
273             203.208000      5534.928043     196.845125      0.102606        28.118187      
274             203.532000      5555.829965     196.869459      0.102696        28.220883      
275             203.532000      5576.908757     196.893820      0.103565        28.324448      
276             203.140000      5597.823645     196.916442      0.102958        28.427406      
277             203.418000      5618.862762     196.940011      0.103428        28.530834      
278             203.418000      5639.736093     196.963226      0.102613        28.633447      
279             203.140000      5660.799273     196.985513      0.103688        28.737135      
280             202.544000      5681.683788     197.005386      0.103111        28.840246      
281             203.418000      5702.646013     197.028217      0.103050        28.943296      
282             203.418000      5723.516089     197.050787      0.102597        29.045893      
283             203.140000      5744.457995     197.072323      0.103091        29.148984      
284             203.140000      5765.298534     197.093604      0.102592        29.251576      
285             203.418000      5786.172475     197.115713      0.102616        29.354192      
286             203.418000      5807.043366     197.137664      0.102601        29.456793      
287             202.930000      5828.304545     197.158193      0.104771        29.561564      
288             203.208000      5849.150028     197.179114      0.102582        29.664146      
289             203.532000      5870.031393     197.201010      0.102595        29.766741      
290             203.208000      5890.968320     197.221730      0.103032        29.869773      
291             203.418000      5912.047510     197.243152      0.103625        29.973398      
292             203.418000      5933.071778     197.264372      0.103355        30.076753      
293             203.140000      5953.924302     197.284357      0.102651        30.179404      
294             202.273000      5975.084485     197.301589      0.104612        30.284016      
295             203.418000      5995.949883     197.322236      0.102574        30.386590      
296             203.743000      6016.848413     197.343837      0.102573        30.489163      
297             203.140000      6037.688343     197.363274      0.102589        30.591752      
298             202.869000      6058.511831     197.381686      0.102645        30.694397      
299             203.418000      6079.769623     197.402168      0.104503        30.798900      
300             203.418000      6100.750359     197.422247      0.103141        30.902041      
301             203.140000      6121.812523     197.441367      0.103683        31.005724      
302             203.140000      6142.651031     197.460158      0.102582        31.108306      
303             203.418000      6163.545314     197.479766      0.102716        31.211022      
304             203.418000      6184.409898     197.499217      0.102570        31.313592      
305             203.140000      6205.253890     197.517640      0.102609        31.416201      
306             203.418000      6226.148377     197.536869      0.102717        31.518918      
307             203.418000      6247.112026     197.556036      0.103057        31.621975      
308             203.140000      6267.942611     197.574085      0.102543        31.724518      
309             202.273000      6288.719689     197.589250      0.102718        31.827236      
310             203.418000      6309.583866     197.607974      0.102568        31.929804      
311             203.418000      6330.445196     197.626575      0.102554        32.032358      
312             203.140000      6351.277609     197.644170      0.102552        32.134910      
313             202.869000      6372.112256     197.660815      0.102700        32.237610      
314             203.418000      6393.178834     197.679250      0.103563        32.341173      
315             203.743000      6414.074309     197.698418      0.102558        32.443731      
316             203.140000      6435.116565     197.715737      0.103585        32.547316      
317             203.140000      6455.957511     197.732781      0.102594        32.649910      
318             203.743000      6477.076695     197.751802      0.103656        32.753566      
319             203.418000      6497.956129     197.769503      0.102643        32.856209      
320             203.418000      6518.826205     197.787086      0.102597        32.958806      
321             203.418000      6539.836030     197.804677      0.103284        33.062090      
322             203.418000      6560.705700     197.822042      0.102595        33.164685      
323             203.140000      6581.696359     197.838559      0.103331        33.268016      
324             202.273000      6602.748731     197.852389      0.104079        33.372095      
325             203.532000      6623.635388     197.869801      0.102621        33.474716      
326             203.532000      6644.509426     197.887096      0.102559        33.577275      
327             203.208000      6665.348813     197.903297      0.102552        33.679827      
328             202.997000      6686.171231     197.918763      0.102575        33.782402      
329             203.322000      6707.040404     197.935130      0.102641        33.885043      
330             202.997000      6727.862415     197.950407      0.102573        33.987616      
331             203.532000      6749.084493     197.967478      0.104269        34.091885      
332             203.322000      6769.942281     197.983542      0.102585        34.194470      
333             203.322000      6790.891156     197.999579      0.103033        34.297503      
334             203.140000      6811.875112     198.015015      0.103298        34.400801      
335             203.418000      6833.196573     198.031427      0.104816        34.505617      
336             203.418000      6854.057292     198.047388      0.102551        34.608168      
337             203.140000      6874.894581     198.062438      0.102576        34.710744      
338             202.544000      6896.011008     198.075858      0.104256        34.815000      
339             203.743000      6916.920745     198.092515      0.102628        34.917628      
340             203.743000      6938.179493     198.109349      0.104341        35.021969      
341             203.140000      6959.118149     198.124112      0.103075        35.125044      
342             203.140000      6979.973111     198.138730      0.102663        35.227707      
343             203.418000      7000.844611     198.154061      0.102604        35.330311      
344             203.418000      7021.719163     198.169306      0.102619        35.432930      
345             203.140000      7042.582047     198.183672      0.102702        35.535632      
346             203.418000      7063.442360     198.198734      0.102549        35.638181      
347             203.418000      7084.306334     198.213712      0.102567        35.740748      
348             203.418000      7105.202041     198.228627      0.102723        35.843471      
349             203.418000      7126.256414     198.243569      0.103503        35.946974      
350             203.418000      7147.118354     198.258290      0.102557        36.049531      
351             203.418000      7168.336682     198.273176      0.104309        36.153840      
352             203.140000      7189.187378     198.286954      0.102642        36.256482      
353             202.334000      7209.943002     198.298372      0.102581        36.359063      
354             203.418000      7230.809010     198.312775      0.102577        36.461640      
355             203.418000      7251.786695     198.327174      0.103126        36.564766      
356             203.140000      7272.870392     198.340796      0.103789        36.668555      
357             203.140000      7293.930932     198.354327      0.103675        36.772230      
358             203.418000      7314.811993     198.368423      0.102651        36.874881      
359             203.418000      7335.787033     198.382504      0.103113        36.977994      
360             203.140000      7356.632244     198.395669      0.102615        37.080609      
361             203.418000      7377.684583     198.409648      0.103493        37.184102      
362             203.418000      7398.556084     198.423430      0.102604        37.286706      
363             203.418000      7419.436738     198.437142      0.102649        37.389355      
364             203.418000      7440.315765     198.450778      0.102641        37.491996      
365             203.418000      7461.180960     198.464330      0.102573        37.594569      
366             203.532000      7482.199913     198.478213      0.103271        37.697840      
367             203.208000      7503.050882     198.491052      0.102609        37.800449      
368             202.659000      7523.845520     198.502335      0.102609        37.903058      
369             203.532000      7544.869154     198.516005      0.103294        38.006352      
370             203.532000      7565.995572     198.529667      0.103799        38.110151      
371             202.930000      7586.838107     198.541494      0.102708        38.212859      
372             203.532000      7607.779107     198.554895      0.102888        38.315747      
373             203.532000      7628.641951     198.568174      0.102504        38.418251      
374             202.997000      7649.828748     198.580173      0.104370        38.522621      
375             203.208000      7670.670167     198.592461      0.102562        38.625183      
376             203.532000      7691.539117     198.605539      0.102534        38.727717      
377             203.208000      7712.391306     198.617702      0.102615        38.830332      
378             203.208000      7733.242072     198.629800      0.102608        38.932940      
379             203.418000      7754.172564     198.642421      0.102894        39.035834      
380             203.418000      7775.041827     198.654939      0.102593        39.138427      
381             203.140000      7795.903289     198.666676      0.102695        39.241122      
382             202.869000      7816.714403     198.677634      0.102584        39.343706      
383             203.743000      7837.632697     198.690818      0.102670        39.446376      
384             203.418000      7858.807290     198.703259      0.104094        39.550470      
385             203.418000      7879.660076     198.715448      0.102512        39.652982      
386             203.140000      7900.498787     198.726865      0.102583        39.755565      
387             203.418000      7921.369066     198.738940      0.102598        39.858163      
388             203.418000      7942.242601     198.750955      0.102614        39.960777      
389             203.140000      7963.249105     198.762284      0.103409        40.064186      
390             203.418000      7984.120402     198.774176      0.102603        40.166789      
391             203.418000      8004.999633     198.786013      0.102642        40.269431      
392             203.418000      8025.897781     198.797800      0.102735        40.372166      
393             203.418000      8047.015010     198.809650      0.103812        40.475978      
394             203.418000      8067.882646     198.821300      0.102585        40.578563      
395             203.418000      8088.745806     198.832889      0.102563        40.681126      
396             203.208000      8109.582755     198.843889      0.102540        40.783666      
397             202.869000      8130.525327     198.854052      0.103232        40.886898      
398             203.418000      8151.386657     198.865470      0.102554        40.989452      
399             203.418000      8172.250021     198.876833      0.102564        41.092016      
400             203.140000      8193.516950     198.887667      0.104691        41.196707      
401             203.140000      8214.402789     198.898253      0.102815        41.299522      
402             203.418000      8235.493168     198.909571      0.103680        41.403202      
403             203.418000      8256.447866     198.920761      0.103013        41.506215      
404             203.140000      8277.423493     198.931231      0.103257        41.609472      
405             203.418000      8298.282788     198.942261      0.102544        41.712016      
406             203.418000      8319.156527     198.953245      0.102615        41.814631      
407             203.418000      8340.029451     198.964174      0.102611        41.917242      
408             203.208000      8360.873512     198.974534      0.102575        42.019817      
409             203.532000      8381.746736     198.985630      0.102555        42.122372      
410             203.532000      8402.653136     198.996690      0.102718        42.225090      
411             203.208000      8423.630907     199.006961      0.103233        42.328323      
412             202.930000      8444.445843     199.016444      0.102572        42.430895      
413             203.532000      8465.325784     199.027335      0.102588        42.533483      
414             203.532000      8486.198194     199.038170      0.102551        42.636034      
415             203.208000      8507.034736     199.048174      0.102538        42.738572      
416             203.322000      8528.024276     199.058473      0.103233        42.841805      
417             203.208000      8549.032935     199.068462      0.103385        42.945190      
418             203.208000      8569.861146     199.078319      0.102497        43.047687      
419             203.532000      8590.724600     199.088899      0.102507        43.150194      
420             203.532000      8611.925511     199.099599      0.104165        43.254359      
421             203.208000      8632.779122     199.109323      0.102622        43.356981      
422             202.273000      8653.535569     199.116793      0.102616        43.459597      
423             203.418000      8674.417647     199.126929      0.102656        43.562253      
424             203.418000      8695.295453     199.137015      0.102635        43.664888      
425             203.140000      8716.133554     199.146397      0.102580        43.767468      
426             202.869000      8736.945479     199.155102      0.102588        43.870056      
427             203.418000      8757.810064     199.165046      0.102570        43.972626      
428             203.418000      8778.829042     199.175016      0.103329        44.075955      
429             203.140000      8799.781105     199.184273      0.103141        44.179096      
430             203.140000      8820.853020     199.193539      0.103731        44.282827      
431             203.418000      8841.714960     199.203300      0.102557        44.385384      
432             203.418000      8862.576900     199.213016      0.102557        44.487941      
433             203.140000      8883.416829     199.222051      0.102589        44.590530      
434             203.140000      8904.254931     199.231043      0.102580        44.693110      
435             203.418000      8925.565407     199.240835      0.104762        44.797872      
436             203.140000      8946.412243     199.249746      0.102623        44.900495      
437             201.941000      8967.344842     199.255945      0.103657        45.004152      
438             203.418000      8988.296285     199.265449      0.102997        45.107149      
439             203.418000      9009.353100     199.274956      0.103515        45.210664      
440             203.140000      9030.194045     199.283707      0.102594        45.313258      
441             202.869000      9051.013476     199.291809      0.102625        45.415883      
442             203.418000      9071.910200     199.301121      0.102728        45.518611      
443             203.532000      9092.784646     199.310632      0.102561        45.621172      
444             203.140000      9113.612387     199.319219      0.102529        45.723701      
445             203.418000      9134.518875     199.328412      0.102776        45.826477      
446             203.418000      9155.458114     199.337577      0.102937        45.929414      
447             203.418000      9176.489501     199.346742      0.103390        46.032804      
448             203.140000      9197.322523     199.355174      0.102555        46.135359      
449             203.208000      9218.180605     199.363727      0.102644        46.238003      
450             203.532000      9239.277715     199.373050      0.103655        46.341658      
451             202.930000      9260.153124     199.380929      0.102870        46.444528      
452             202.334000      9280.942133     199.387447      0.102746        46.547274      
453             203.208000      9301.894097     199.395891      0.103106        46.650380      
454             203.208000      9322.826147     199.404290      0.103008        46.753388      
455             203.208000      9344.097757     199.412787      0.104679        46.858067      
456             202.930000      9364.916143     199.420471      0.102589        46.960656      
457             203.418000      9385.788864     199.429187      0.102610        47.063266      
458             203.208000      9406.646539     199.437410      0.102642        47.165908      
459             202.930000      9427.484812     199.444998      0.102687        47.268595      
460             203.208000      9448.386584     199.453168      0.102859        47.371454      
461             203.532000      9469.260419     199.461980      0.102558        47.474012      
462             203.208000      9490.121752     199.470063      0.102660        47.576672      
463             203.208000      9511.414089     199.478277      0.104781        47.681453      
464             203.208000      9532.251444     199.486281      0.102542        47.783995      
465             203.208000      9553.106478     199.494257      0.102629        47.886624      
466             202.273000      9573.878297     199.500203      0.102692        47.989316      
467             203.418000      9594.819163     199.508590      0.102945        48.092261      
468             203.418000      9615.883707     199.516989      0.103553        48.195814      
469             203.140000      9636.838614     199.524727      0.103155        48.298969      
470             202.869000      9657.863551     199.531888      0.103638        48.402607      
471             203.418000      9679.355273     199.540352      0.105653        48.508260      
472             203.418000      9700.450940     199.548624      0.103706        48.611966      
473             203.140000      9721.282541     199.556184      0.102548        48.714514      
474             203.140000      9742.114954     199.563713      0.102552        48.817066      
475             203.418000      9762.989506     199.571798      0.102619        48.919685      
476             203.418000      9783.877483     199.579855      0.102685        49.022370      
477             203.140000      9804.946961     199.587371      0.103719        49.126089      
478             203.140000      9826.117196     199.594892      0.104215        49.230304      
479             203.418000      9847.052163     199.602867      0.102916        49.333220      
480             203.140000      9868.112906     199.610285      0.103676        49.436896      
481             202.273000      9888.877443     199.615803      0.102656        49.539552      
482             203.418000      9909.758097     199.623665      0.102649        49.642201      
483             203.418000      9930.616782     199.631486      0.102541        49.744742      
484             203.140000      9951.601347     199.638757      0.103301        49.848043      
485             202.869000      9972.532559     199.645429      0.103176        49.951219      
486             203.418000      9993.702677     199.653273      0.104072        50.055291      
487             203.208000      10014.545519    199.660542      0.102569        50.157860      
488             203.208000      10035.561290    199.667842      0.103420        50.261280      
489             203.208000      10056.402099    199.675051      0.102559        50.363839      
490             203.208000      10077.247582    199.682232      0.102582        50.466421      
491             203.208000      10098.095504    199.689385      0.102594        50.569015      
492             202.930000      10118.922413    199.695949      0.102631        50.671646      
493             203.208000      10139.976997    199.703115      0.103611        50.775257      
494             203.140000      10160.821802    199.710047      0.102613        50.877870      
495             203.140000      10181.668232    199.716951      0.102621        50.980491      
496             202.544000      10202.448436    199.722629      0.102596        51.083087      
497             203.208000      10223.468271    199.729672      0.103440        51.186527      
498             203.208000      10244.319444    199.736631      0.102610        51.289137      
499             202.659000      10265.114082    199.742466      0.102609        51.391746      
500             203.208000      10285.957329    199.749369      0.102571        51.494317      
501             203.140000      10306.799493    199.756111      0.102600        51.596917      
502             202.930000      10327.606921    199.762406      0.102535        51.699452      
503             202.930000      10348.417595    199.768677      0.102551        51.802003      
504             203.418000      10369.552522    199.775982      0.103899        51.905902      
505             203.418000      10390.414259    199.783163      0.102556        52.008458      
506             202.930000      10411.229194    199.789357      0.102572        52.111030      
507             203.208000      10432.081993    199.796076      0.102618        52.213648      
508             203.208000      10452.940888    199.802771      0.102648        52.316296      
509             202.930000      10473.755215    199.808890      0.102569        52.418865      
510             202.334000      10494.568302    199.813835      0.102865        52.521730      
511             203.208000      10515.510715    199.820482      0.103059        52.624789      
512             203.140000      10536.340894    199.826938      0.102541        52.727330      
513             202.869000      10557.509463    199.832946      0.104346        52.831676      
514             202.869000      10578.316722    199.838829      0.102565        52.934241      
515             203.140000      10599.220234    199.845234      0.102902        53.037143      
516             203.418000      10620.084818    199.852130      0.102570        53.139713      
517             203.140000      10640.928810    199.858466      0.102609        53.242322      
518             203.140000      10661.766912    199.864776      0.102580        53.344902      
519             203.418000      10682.656923    199.871604      0.102695        53.447597      
520             203.140000      10703.513510    199.877870      0.102671        53.550268      
521             203.140000      10724.351205    199.884107      0.102578        53.652846      
522             203.140000      10745.389399    199.890380      0.103565        53.756411      
523             203.418000      10766.629493    199.897218      0.104416        53.860827      
524             203.140000      10787.477751    199.903386      0.102630        53.963457      
525             201.399000      10808.133031    199.906223      0.102559        54.066016      
526             203.140000      10828.967679    199.912345      0.102563        54.168579      
527             203.418000      10849.858097    199.918979      0.102697        54.271276      
528             202.930000      10870.767396    199.924685      0.103037        54.374313      
529             202.659000      10891.560614    199.929835      0.102602        54.476915      
530             202.930000      10912.769235    199.935579      0.104512        54.581427      
531             203.208000      10933.791102    199.941770      0.103450        54.684877      
532             202.930000      10954.807142    199.947419      0.103563        54.788440      
533             202.930000      10975.633036    199.952995      0.102626        54.891066      
534             203.140000      10996.788036    199.959030      0.104140        54.995206      
535             203.418000      11018.055794    199.965593      0.104552        55.099758      
536             203.140000      11039.461062    199.971652      0.105372        55.205130      
537             203.418000      11060.444239    199.978080      0.103153        55.308283      
538             203.418000      11081.522413    199.984513      0.103620        55.411903      
539             202.064000      11102.279033    199.988360      0.102723        55.514626      
540             203.208000      11123.111307    199.994295      0.102517        55.617143      
541             203.208000      11144.094362    200.000251      0.103259        55.720402      
542             203.418000      11164.988849    200.006539      0.102717        55.823119      
543             202.930000      11185.793030    200.011898      0.102519        55.925638      
544             203.140000      11207.000439    200.017727      0.104398        56.030036      
545             203.208000      11227.877826    200.023566      0.102739        56.132775      
546             202.930000      11248.995939    200.028944      0.104066        56.236841      
547             203.208000      11269.843861    200.034733      0.102594        56.339435      
548             203.208000      11290.689344    200.040501      0.102582        56.442017      
549             203.208000      11311.537672    200.046248      0.102596        56.544613      
550             202.930000      11332.511096    200.051509      0.103353        56.647966      
551             203.208000      11353.350889    200.057213      0.102554        56.750520      
552             203.208000      11374.615184    200.063012      0.104643        56.855163      
553             203.140000      11395.459583    200.068556      0.102611        56.957774      
554             202.544000      11416.232090    200.073005      0.102558        57.060332      
555             203.140000      11437.219296    200.078548      0.103314        57.163646      
556             203.140000      11458.213409    200.084073      0.103348        57.266994      
557             202.869000      11479.038318    200.089056      0.102652        57.369646      
558             202.869000      11499.855314    200.094020      0.102613        57.472259      
559             203.140000      11520.710886    200.099451      0.102666        57.574925      
560             203.418000      11541.573436    200.105352      0.102560        57.677485      
561             203.140000      11562.469229    200.110754      0.102864        57.780349      
562             202.869000      11583.285617    200.115644      0.102610        57.882959      
563             203.140000      11604.117827    200.120993      0.102551        57.985510      
564             203.140000      11624.956944    200.126324      0.102585        58.088095      
565             203.140000      11645.813124    200.131642      0.102669        58.190764      
566             202.930000      11666.986638    200.136650      0.104339        58.295103      
567             203.140000      11687.900510    200.141945      0.102953        58.398056      
568             202.869000      11708.714667    200.146728      0.102599        58.500655      
569             202.064000      11729.875819    200.150154      0.104725        58.605380      
570             202.930000      11750.684870    200.155009      0.102543        58.707923      
571             203.208000      11771.537262    200.160336      0.102616        58.810539      
572             202.930000      11792.358083    200.165160      0.102601        58.913140      
573             202.930000      11813.169975    200.169965      0.102557        59.015697      
574             203.208000      11834.228217    200.175290      0.103629        59.119326      
575             203.208000      11855.081219    200.180545      0.102619        59.221945      
576             202.930000      11875.913201    200.185303      0.102656        59.324601      
577             203.140000      11896.755568    200.190404      0.102601        59.427202      
578             203.140000      11917.795590    200.195536      0.103574        59.530776      
579             202.930000      11938.751968    200.200271      0.103269        59.634045      
580             202.930000      11959.560816    200.204957      0.102542        59.736587      
581             203.140000      11980.612215    200.210040      0.103630        59.840217      
582             202.930000      12001.415381    200.214691      0.102514        59.942731      
583             202.334000      12022.153806    200.218309      0.102496        60.045227      
584             202.930000      12042.955958    200.222930      0.102509        60.147736      
585             203.208000      12063.797173    200.228012      0.102561        60.250297      
586             202.930000      12085.009446    200.232691      0.104530        60.354827      
587             202.930000      12105.823976    200.237268      0.102570        60.457397      
588             202.930000      12126.642159    200.241829      0.102588        60.559985      
589             203.208000      12147.483172    200.246844      0.102560        60.662545      
590             202.930000      12168.325503    200.251379      0.102707        60.765252      
591             202.930000      12189.229322    200.255912      0.103010        60.868262      
592             203.140000      12210.070877    200.260765      0.102597        60.970859      
593             203.140000      12230.916901    200.265603      0.102619        61.073478      
594             203.140000      12251.778972    200.270428      0.102698        61.176176      
595             203.140000      12273.020510    200.275325      0.104566        61.280742      
596             203.140000      12293.871815    200.280115      0.102645        61.383387      
597             202.869000      12314.687392    200.284435      0.102606        61.485993      
598             202.544000      12335.482584    200.288202      0.102670        61.588663      
599             203.140000      12356.327186    200.292946      0.102612        61.691275      
600             203.140000      12377.172397    200.297673      0.102615        61.793890      
601             203.140000      12398.016186    200.302385      0.102608        61.896498      
602             202.869000      12419.107259    200.306689      0.103964        62.000462      
603             203.140000      12439.945157    200.311369      0.102579        62.103041      
604             203.140000      12460.864311    200.316052      0.102979        62.206020      
605             203.140000      12481.717038    200.320704      0.102652        62.308672      
606             202.869000      12502.524297    200.324892      0.102565        62.411237      
607             203.140000      12523.387588    200.329517      0.102704        62.513941      
608             202.869000      12544.222437    200.333682      0.102701        62.616642      
609             202.869000      12565.058300    200.337834      0.102706        62.719348      
610             203.140000      12586.004269    200.342433      0.103111        62.822459      
611             203.140000      12606.850699    200.346995      0.102621        62.925080      
612             202.869000      12627.662421    200.351100      0.102587        63.027667      
613             202.273000      12648.616488    200.354254      0.103593        63.131260      
614             203.140000      12669.464340    200.358775      0.102628        63.233888      
615             203.140000      12690.318692    200.363283      0.102660        63.336548      
616             202.930000      12711.138701    200.367434      0.102597        63.439145      
617             202.930000      12731.970683    200.371574      0.102656        63.541801      
618             202.930000      12752.791707    200.375699      0.102602        63.644403      
619             203.208000      12773.697950    200.380270      0.102881        63.747284      
620             202.930000      12794.519988    200.384367      0.102607        63.849891      
621             202.930000      12815.343650    200.388452      0.102615        63.952506      
622             203.208000      12836.443346    200.393022      0.103833        64.056339      
623             203.208000      12857.349995    200.397536      0.102883        64.159222      
624             203.208000      12878.266601    200.402038      0.102932        64.262154      
625             203.208000      12899.188084    200.406526      0.102956        64.365110      
626             202.930000      12920.075060    200.410555      0.102927        64.468037      
627             202.544000      12940.928180    200.413956      0.102956        64.570993      
628             202.930000      12961.833217    200.417964      0.103016        64.674009      
629             202.930000      12982.917847    200.421993      0.103901        64.777910      
630             202.930000      13003.967775    200.426003      0.103730        64.881640      
631             202.869000      13024.780309    200.429860      0.102591        64.984231      
632             203.140000      13045.622067    200.434132      0.102598        65.086829      
633             203.140000      13066.470528    200.438392      0.102631        65.189460      
634             203.140000      13087.382572    200.442651      0.102944        65.292404      
635             202.869000      13108.214784    200.446461      0.102688        65.395092      
636             203.140000      13129.300310    200.450730      0.103798        65.498890      
637             202.869000      13150.134348    200.454516      0.102697        65.601587      
638             203.140000      13171.208497    200.458756      0.103742        65.705329      
639             203.140000      13192.054927    200.462937      0.102621        65.807950      
640             203.208000      13212.909352    200.467211      0.102626        65.910576      
641             203.140000      13233.752531    200.471365      0.102605        66.013181      
642             202.544000      13254.534356    200.474582      0.102604        66.115785      
643             202.930000      13275.358830    200.478387      0.102619        66.218404      
644             202.997000      13296.201344    200.482286      0.102674        66.321078      
645             202.719000      13317.000516    200.485741      0.102601        66.423679      
646             202.719000      13337.806783    200.489187      0.102636        66.526315      
647             202.997000      13358.998858    200.493116      0.104396        66.630711      
648             203.322000      13379.855019    200.497464      0.102577        66.733288      
649             202.930000      13400.869841    200.501233      0.103557        66.836845      
650             202.930000      13421.683153    200.504954      0.102564        66.939409      
651             202.930000      13442.494842    200.508664      0.102556        67.041965      
652             202.930000      13463.400082    200.512379      0.103017        67.144982      
653             203.140000      13484.250575    200.516390      0.102641        67.247623      
654             203.140000      13505.114068    200.520390      0.102705        67.350328      
655             203.140000      13525.964155    200.524377      0.102639        67.452967      
656             202.869000      13546.921131    200.527962      0.103303        67.556270      
657             202.544000      13567.702146    200.531019      0.102600        67.658870      
658             203.140000      13588.535981    200.534968      0.102559        67.761429      
659             203.140000      13609.379364    200.538906      0.102606        67.864035      
660             202.869000      13630.201432    200.542425      0.102638        67.966673      
661             202.869000      13651.007474    200.545931      0.102559        68.069232      
662             203.140000      13671.845169    200.549834      0.102578        68.171810      
663             203.140000      13692.689567    200.553727      0.102611        68.274421      
664             203.140000      13713.535794    200.557608      0.102620        68.377041      
665             203.140000      13734.737313    200.561544      0.104369        68.481410      
666             202.869000      13755.547006    200.564995      0.102577        68.583987      
667             203.140000      13776.745884    200.568907      0.104356        68.688343      
668             203.140000      13797.721917    200.572766      0.103259        68.791602      
669             203.140000      13818.598615    200.576596      0.102770        68.894372      
670             202.869000      13839.388630    200.580001      0.102480        68.996852      
671             202.273000      13860.126467    200.582513      0.102524        69.099376      
672             202.869000      13881.662635    200.586020      0.106158        69.205534      
673             203.140000      13902.517800    200.589803      0.102664        69.308198      
674             202.869000      13923.335811    200.593173      0.102618        69.410816      
675             202.869000      13944.238418    200.596546      0.103035        69.513851      
676             202.869000      13965.064138    200.599897      0.102656        69.616507      
677             202.869000      13985.874846    200.603236      0.102582        69.719089      
678             202.869000      14006.721259    200.606570      0.102758        69.821847      
679             202.869000      14027.535821    200.609890      0.102601        69.924448      
680             203.140000      14048.383470    200.613598      0.102627        70.027075      
681             202.869000      14069.485091    200.616943      0.104016        70.131091      
682             202.869000      14090.294785    200.620232      0.102577        70.233668      
683             203.140000      14111.372794    200.623949      0.103761        70.337429      
684             203.140000      14132.207442    200.627613      0.102563        70.439992      
685             202.869000      14153.393863    200.630931      0.104434        70.544426      
686             202.334000      14174.145643    200.633403      0.102562        70.646988      
687             202.869000      14195.237730    200.636689      0.103969        70.750957      
688             202.659000      14216.333113    200.639660      0.104093        70.855050      
689             202.869000      14237.153356    200.642884      0.102629        70.957679      
690             202.719000      14257.943811    200.645880      0.102558        71.060237      
691             203.140000      14278.777443    200.649475      0.102558        71.162795      
692             203.140000      14299.902175    200.653109      0.103991        71.266786      
693             203.140000      14320.772372    200.656689      0.102738        71.369524      
694             203.140000      14341.625303    200.660256      0.102653        71.472177      
695             202.930000      14362.462358    200.663512      0.102681        71.574858      
696             202.869000      14383.283818    200.666670      0.102635        71.677493      
697             202.719000      14404.184958    200.669618      0.103104        71.780597      
698             202.997000      14425.014480    200.672940      0.102610        71.883207      
699             202.930000      14445.822110    200.676155      0.102536        71.985743      
700             202.719000      14466.614187    200.679061      0.102566        72.088309      
701             202.449000      14487.478379    200.681588      0.103059        72.191368      
702             202.930000      14508.630179    200.684830      0.104232        72.295600      
703             202.997000      14529.453408    200.688106      0.102579        72.398179      
704             202.997000      14550.270547    200.691372      0.102549        72.500728      
705             202.719000      14571.364473    200.694278      0.104055        72.604783      
706             202.930000      14592.628899    200.697500      0.104787        72.709570      
707             202.719000      14613.618829    200.700374      0.103542        72.813112      
708             202.930000      14634.429504    200.703510      0.102551        72.915663      
709             202.930000      14655.242208    200.706637      0.102561        73.018224      
710             202.869000      14676.034454    200.709668      0.102491        73.120715      
711             202.334000      14696.784211    200.711943      0.102552        73.223267      
712             203.140000      14717.702349    200.715353      0.102974        73.326241      
713             203.140000      14738.661522    200.718760      0.103176        73.429417      
714             203.140000      14759.488653    200.722136      0.102526        73.531943      
715             202.544000      14780.280200    200.724676      0.102652        73.634595      
716             203.140000      14801.115863    200.728035      0.102568        73.737163      
717             203.140000      14822.048425    200.731401      0.103045        73.840208      
718             203.140000      14842.881854    200.734742      0.102557        73.942765      
719             202.869000      14863.685867    200.737698      0.102549        74.045314      
720             203.140000      14884.522749    200.741021      0.102574        74.147888      
721             202.930000      14905.347020    200.744046      0.102618        74.250506      
722             203.140000      14926.440468    200.747392      0.103837        74.354343      
723             202.719000      14947.232545    200.750108      0.102566        74.456909      
724             202.997000      14968.117282    200.753209      0.102882        74.559791      
725             202.659000      14988.905435    200.755827      0.102577        74.662368      
726             202.449000      15010.015197    200.758188      0.104272        74.766640      
727             202.997000      15030.872530    200.761261      0.102747        74.869387      
728             203.208000      15051.715777    200.764608      0.102571        74.971958      
729             202.719000      15072.512517    200.767279      0.102589        75.074547      
730             202.449000      15093.636653    200.769613      0.104343        75.178890      
731             202.930000      15114.453821    200.772557      0.102583        75.281473      
732             202.719000      15135.260494    200.775207      0.102638        75.384111      
733             202.719000      15156.062098    200.777849      0.102613        75.486724      
734             202.719000      15176.969523    200.780498      0.103135        75.589859      
735             202.997000      15197.804120    200.783503      0.102635        75.692494      
736             202.930000      15218.754207    200.786427      0.103238        75.795732      
737             202.930000      15239.583754    200.789326      0.102644        75.898376      
738             203.140000      15260.983740    200.792584      0.105346        76.003722      
739             203.140000      15281.820420    200.795748      0.102573        76.106295      
740             203.140000      15302.716009    200.798912      0.102863        76.209158      
741             202.273000      15323.634274    200.800910      0.103416        76.312574      
742             203.140000      15344.624933    200.804073      0.103331        76.415905      
743             203.140000      15365.461409    200.807204      0.102572        76.518477      
744             203.140000      15386.299714    200.810327      0.102581        76.621058      
745             202.544000      15407.071209    200.812644      0.102553        76.723611      
746             202.930000      15427.929774    200.815477      0.102787        76.826398      
747             203.140000      15448.797128    200.818581      0.102724        76.929122      
748             202.869000      15469.834440    200.821341      0.103699        77.032821      
749             203.140000      15490.655884    200.824422      0.102498        77.135319      
750             203.140000      15511.490532    200.827497      0.102563        77.237882      
751             202.997000      15532.302596    200.830373      0.102524        77.340406      
752             202.997000      15553.114458    200.833241      0.102523        77.442929      
753             202.930000      15573.913565    200.836013      0.102494        77.545423      
754             202.997000      15594.974098    200.838900      0.103748        77.649171      
755             201.732000      15615.690966    200.840080      0.102695        77.751866      
756             202.997000      15636.782151    200.842958      0.103899        77.855765      
757             202.997000      15657.710533    200.845807      0.103097        77.958862      
758             202.719000      15678.683232    200.848289      0.103457        78.062319      
759             202.659000      15700.042072    200.850731      0.105393        78.167712      
760             202.997000      15720.875857    200.853545      0.102631        78.270343      
761             203.140000      15741.721881    200.856539      0.102619        78.372962      
762             203.208000      15762.604754    200.859618      0.102766        78.475728      
763             202.869000      15783.790770    200.862289      0.104432        78.580160      
764             202.997000      15804.611766    200.865071      0.102568        78.682728      
765             202.930000      15825.702484    200.867795      0.103931        78.786659      
766             203.140000      15846.940771    200.870806      0.104550        78.891209      
767             202.869000      15868.358665    200.873477      0.105575        78.996784      
768             203.140000      15889.910397    200.876517      0.106093        79.102877      
769             202.869000      15910.897398    200.879119      0.103451        79.206328      
770             201.670000      15931.577245    200.880142      0.102543        79.308871      
771             202.930000      15952.456916    200.882798      0.102891        79.411762      
772             203.140000      15973.339911    200.885716      0.102801        79.514563      
773             202.869000      15994.170906    200.888274      0.102682        79.617245      
774             202.544000      16014.958604    200.890405      0.102633        79.719878      
775             203.140000      16036.024019    200.893328      0.103699        79.823577      
776             203.140000      16057.184909    200.896256      0.104169        79.927746      
777             202.869000      16078.018947    200.898787      0.102697        80.030443      
778             202.930000      16098.888471    200.901394      0.102841        80.133284      
779             203.140000      16119.788936    200.904265      0.102887        80.236171      
780             202.930000      16140.693162    200.906862      0.103012        80.339183      
781             203.140000      16161.564578    200.909714      0.102744        80.441927      
782             202.997000      16182.451142    200.912381      0.102891        80.544818      
783             203.208000      16203.383192    200.915313      0.103008        80.647826      
784             201.855000      16224.571104    200.916534      0.104966        80.752792      
785             203.140000      16245.852050    200.919415      0.104760        80.857552      
786             202.997000      16266.658431    200.922045      0.102496        80.960048      
787             202.997000      16287.626600    200.924689      0.103293        81.063341      
788             202.659000      16308.709013    200.926912      0.104029        81.167370      
789             202.719000      16329.514672    200.929175      0.102633        81.270003      
790             203.208000      16350.379053    200.932051      0.102675        81.372678      
791             202.930000      16371.534100    200.934607      0.104248        81.476926      
792             202.719000      16392.689044    200.936889      0.104356        81.581282      
793             203.208000      16413.682056    200.939762      0.103308        81.684590      
794             202.997000      16434.507924    200.942342      0.102592        81.787182      
795             202.930000      16455.318193    200.944831      0.102549        81.889731      
796             202.930000      16476.143478    200.947316      0.102623        81.992354      
797             203.140000      16497.348247    200.950104      0.104385        82.096739      
798             202.869000      16518.536900    200.952542      0.104445        82.201184      
799             201.941000      16539.258470    200.953775      0.102612        82.303796      
800             203.140000      16560.121354    200.956499      0.102702        82.406498      
801             203.140000      16580.957424    200.959214      0.102570        82.509068      
802             203.140000      16601.796744    200.961922      0.102586        82.611654      
803             202.869000      16622.922101    200.964323      0.104133        82.715787      
804             203.140000      16643.758984    200.967017      0.102574        82.818361      
805             203.140000      16664.730751    200.969723      0.103238        82.921599      
806             203.140000      16685.980414    200.972457      0.104606        83.026205      
807             203.140000      16706.818515    200.975132      0.102580        83.128785      
808             203.140000      16727.663117    200.977801      0.102612        83.231397      
809             203.140000      16748.530064    200.980466      0.102722        83.334119      
810             203.140000      16769.388885    200.983124      0.102682        83.436801      
811             202.930000      16790.206459    200.985514      0.102585        83.539386      
812             202.930000      16811.272623    200.987928      0.103810        83.643196      
813             202.997000      16832.095243    200.990388      0.102576        83.745772      
814             202.125000      16853.152423    200.991798      0.104179        83.849951      
815             203.140000      16873.999463    200.994424      0.102624        83.952575      
816             202.997000      16894.819038    200.996868      0.102561        84.055136      
817             203.208000      16915.659441    200.999562      0.102557        84.157693      
818             202.930000      16936.487770    201.001914      0.102638        84.260331      
819             202.997000      16957.464262    201.004357      0.103334        84.363665      
820             203.208000      16978.305884    201.007033      0.102563        84.466228      
821             202.997000      16999.129723    201.009447      0.102582        84.568810      
822             202.997000      17019.956606    201.011855      0.102597        84.671407      
823             202.997000      17040.976539    201.014280      0.103548        84.774955      
824             203.140000      17061.811187    201.016849      0.102563        84.877518      
825             202.997000      17082.905620    201.019270      0.103915        84.981433      
826             202.997000      17103.942808    201.021679      0.103633        85.085066      
827             202.930000      17124.978735    201.024001      0.103661        85.188727      
828             202.273000      17146.031511    201.025525      0.104081        85.292808      
829             203.140000      17167.674047    201.028163      0.106540        85.399348      
830             203.418000      17188.703603    201.031053      0.103381        85.502729      
831             203.140000      17209.563847    201.033582      0.102689        85.605418      
832             202.869000      17230.677438    201.035811      0.104075        85.709493      
833             203.418000      17251.782462    201.038691      0.103752        85.813245      
834             203.418000      17272.699732    201.041539      0.102829        85.916074      
835             203.418000      17294.138158    201.044450      0.105391        86.021465      
836             203.140000      17315.146084    201.046967      0.103416        86.124881      
837             203.140000      17336.444501    201.049512      0.104846        86.229727      
838             202.930000      17357.276483    201.051748      0.102656        86.332383      
839             203.208000      17378.122575    201.054307      0.102585        86.434968      
840             203.208000      17398.964807    201.056859      0.102566        86.537534      
841             202.997000      17419.788239    201.059156      0.102580        86.640114      
842             202.930000      17440.602364    201.061369      0.102568        86.742682      
843             202.125000      17461.563333    201.062639      0.103703        86.846385      
844             203.208000      17482.405564    201.065169      0.102566        86.948951      
845             203.208000      17503.547121    201.067730      0.104039        87.052990      
846             202.997000      17524.377253    201.070002      0.102613        87.155603      
847             203.140000      17545.454246    201.072463      0.103756        87.259359      
848             202.997000      17566.298587    201.074725      0.102683        87.362042      
849             203.208000      17587.164594    201.077230      0.102683        87.464725      
850             203.322000      17608.018519    201.079859      0.102566        87.567291      
851             202.997000      17629.142386    201.082134      0.104060        87.671351      
852             203.418000      17650.002496    201.084863      0.102548        87.773899      
853             202.997000      17670.828161    201.087096      0.102591        87.876490      
854             203.418000      17691.827815    201.089831      0.103234        87.979724      
855             203.208000      17712.672688    201.092298      0.102579        88.082303      
856             203.418000      17733.536662    201.095003      0.102567        88.184870      
857             203.140000      17754.382889    201.097380      0.102620        88.287490      
858             202.869000      17775.216926    201.099438      0.102697        88.390187      
859             203.418000      17796.082935    201.102126      0.102577        88.492764      
860             203.140000      17817.474186    201.104548      0.105303        88.598067      
861             202.869000      17838.286314    201.106588      0.102589        88.700656      
862             203.140000      17859.120352    201.108937      0.102560        88.803216      
863             203.140000      17880.159359    201.111303      0.103569        88.906785      
864             203.208000      17901.077387    201.113728      0.102939        89.009724      
865             203.140000      17922.284391    201.116101      0.104396        89.114120      
866             202.997000      17943.207698    201.118274      0.103072        89.217192      
867             202.997000      17964.291981    201.120459      0.103865        89.321057      
868             202.930000      17985.120716    201.122536      0.102640        89.423697      
869             202.997000      18005.931969    201.124682      0.102520        89.526217      
870             203.418000      18026.814860    201.127309      0.102660        89.628877      
871             203.208000      18047.666643    201.129689      0.102613        89.731490      
872             202.273000      18068.425314    201.130995      0.102627        89.834117      
873             203.418000      18089.457515    201.133624      0.103394        89.937511      
874             203.418000      18110.329219    201.136227      0.102605        90.040116      
875             203.140000      18131.294079    201.138521      0.103204        90.143320      
876             202.997000      18152.260624    201.140648      0.103285        90.246605      
877             203.418000      18173.131515    201.143234      0.102601        90.349206      
878             203.532000      18194.010031    201.145943      0.102581        90.451787      
879             203.208000      18214.893310    201.148284      0.102768        90.554555      
880             203.208000      18235.739606    201.150614      0.102586        90.657141      
881             202.997000      18256.841144    201.152729      0.103950        90.761091      
882             203.208000      18277.981482    201.155082      0.104033        90.865124      
883             202.997000      18298.799840    201.157159      0.102555        90.967679      
884             203.418000      18319.862553    201.159729      0.103544        91.071223      
885             203.532000      18340.734963    201.162397      0.102551        91.173774      
886             203.418000      18361.691289    201.164943      0.103021        91.276795      
887             202.544000      18382.485266    201.166493      0.102664        91.379459      
888             203.418000      18403.364903    201.169019      0.102644        91.482103      
889             203.418000      18424.723590    201.171597      0.104999        91.587102      
890             203.418000      18445.611771    201.174113      0.102686        91.689788      
891             202.869000      18466.423696    201.176007      0.102588        91.792376      
892             203.418000      18487.467898    201.178531      0.103453        91.895829      
893             203.322000      18508.439342    201.180934      0.103144        91.998973      
894             203.208000      18529.283606    201.183192      0.102576        92.101549      
895             202.997000      18550.175042    201.185216      0.102915        92.204464      
896             203.322000      18571.040759    201.187592      0.102624        92.307088      
897             203.208000      18591.931964    201.189840      0.102807        92.409895      
898             202.997000      18612.755803    201.191844      0.102582        92.512477      
899             203.532000      18633.654265    201.194438      0.102679        92.615156      
900             202.997000      18654.734082    201.196457      0.103843        92.718999      
901             202.659000      18675.796229    201.198094      0.103929        92.822928      
902             203.532000      18696.672100    201.200670      0.102568        92.925496      
903             203.208000      18717.510674    201.202883      0.102548        93.028044      
904             202.997000      18738.332076    201.204859      0.102570        93.130614      
905             202.997000      18759.169109    201.206832      0.102647        93.233261      
906             203.208000      18780.008496    201.209031      0.102552        93.335813      
907             203.208000      18800.867391    201.211227      0.102648        93.438461      
908             203.418000      18821.722414    201.213646      0.102523        93.540984      
909             203.418000      18842.609171    201.216063      0.102679        93.643663      
910             203.418000      18863.506912    201.218476      0.102733        93.746396      
911             203.418000      18884.374548    201.220880      0.102585        93.848981      
912             203.418000      18905.249506    201.223280      0.102621        93.951602      
913             203.418000      18926.110836    201.225673      0.102554        94.054156      
914             203.418000      18947.066348    201.228072      0.103017        94.157173      
915             203.418000      18967.944561    201.230456      0.102637        94.259810      
916             202.869000      18988.765616    201.232238      0.102633        94.362443      
917             203.418000      19009.623690    201.234611      0.102538        94.464981      
918             203.418000      19030.511668    201.236982      0.102685        94.567666      
919             203.418000      19051.378286    201.239345      0.102580        94.670246      
920             203.140000      19072.557256    201.241436      0.104258        94.774504      
921             203.208000      19093.410258    201.243563      0.102619        94.877123      
922             203.322000      19114.262556    201.245807      0.102558        94.979681      
923             203.208000      19135.151728    201.247928      0.102797        95.082478      
924             202.997000      19155.968665    201.249813      0.102548        95.185026      
925             203.532000      19177.085720    201.252298      0.103753        95.288779      
926             203.208000      19198.014722    201.254409      0.102993        95.391772      
927             203.208000      19218.895157    201.256511      0.102754        95.494526      
928             84.394000       19227.679559    201.129271      0.104088        95.598614      
929             83.292000       19236.247641    201.002610      0.102868        95.701482      
930             83.108000       19244.756321    200.876621      0.102381        95.803863      
931             82.751000       19253.233334    200.750448      0.102440        95.906303      
932             82.923000       19261.722742    200.624805      0.102377        96.008680      
933             82.149000       19270.161498    200.498177      0.102725        96.111405      
934             82.149000       19278.571337    200.372252      0.102373        96.213778      
935             81.963000       19286.989429    200.245987      0.102706        96.316484      
936             82.751000       19295.464290    200.121187      0.102414        96.418898      
937             82.512000       19304.008903    199.995007      0.103556        96.522454      
938             82.234000       19312.429911    199.870204      0.102403        96.624857      
939             82.048000       19320.836303    199.745403      0.102457        96.727314      
