#timestep       power           acc-energy      avg-power       dt              acc-time       
1               135.596000      13.575872       135.596000      0.100120        0.100120       
2               135.655000      28.681598       135.627067      0.111354        0.211474       
3               135.582000      42.258373       135.612585      0.100137        0.311611       
4               135.579000      55.834847       135.604417      0.100137        0.411748       
5               135.614000      69.411572       135.606291      0.100113        0.511861       
6               135.601000      82.988622       135.605426      0.100125        0.611986       
7               135.576000      96.565067       135.601288      0.100139        0.712125       
8               135.488000      110.133242      135.587321      0.100143        0.812268       
9               135.463000      123.698913      135.573676      0.100143        0.912411       
10              135.472000      137.265079      135.563620      0.100140        1.012551       
11              132.844000      150.567147      135.318875      0.100133        1.112684       
12              132.824000      163.867213      135.112892      0.100133        1.212817       
13              144.496000      178.335886      135.828495      0.100132        1.312949       
14              160.499000      194.407293      137.576698      0.100134        1.413083       
15              176.458000      212.080268      140.150068      0.100154        1.513237       
16              195.572000      231.667586      143.590479      0.100154        1.613391       
17              206.874000      252.390982      147.289996      0.100174        1.713565       
18              222.543000      274.673990      151.444505      0.100129        1.813694       
19              243.512000      299.061960      156.262373      0.100151        1.913845       
20              253.945000      324.492774      161.119517      0.100143        2.013988       
21              272.637000      351.797097      166.402223      0.100149        2.114137       
22              291.397000      380.972056      172.054050      0.100121        2.214258       
23              291.397000      410.147598      177.216974      0.100123        2.314381       
24              292.516000      439.438980      181.998710      0.100136        2.414517       
25              292.516000      468.729778      186.399535      0.100134        2.514651       
26              292.632000      498.032776      190.467818      0.100136        2.614787       
27              292.632000      527.336066      194.236032      0.100137        2.714924       
28              292.681000      556.643093      197.737770      0.100133        2.815057       
29              292.680000      585.950312      200.998944      0.100134        2.915191       
30              292.695000      615.260789      204.044196      0.100140        3.015331       
31              292.733000      644.574486      206.894848      0.100138        3.115469       
32              292.813000      673.896780      209.570498      0.100140        3.215609       
33              292.862000      703.221638      212.085817      0.100132        3.315741       
34              292.804000      732.540102      214.451922      0.100130        3.415871       
35              292.828000      761.859799      216.683859      0.100126        3.515997       
36              292.855000      791.181906      218.792924      0.100125        3.616122       
37              292.885000      820.506723      220.789131      0.100124        3.716246       
38              292.905000      849.834129      222.681156      0.100126        3.816372       
39              292.968000      879.171066      224.478245      0.100137        3.916509       
40              293.001000      908.509256      226.186435      0.100130        4.016639       
41              293.020000      937.852572      227.812167      0.100141        4.116780       
42              293.019000      967.192564      229.360495      0.100130        4.216910       
43              293.000000      996.552629      230.837638      0.100205        4.317115       
44              293.111000      1025.895678     232.248960      0.100109        4.417224       
45              293.157000      1055.242160     233.598695      0.100105        4.517329       
46              293.156000      1084.593232     234.890087      0.100121        4.617450       
47              293.181000      1113.947979     236.127243      0.100125        4.717575       
48              293.195000      1143.304129     237.313268      0.100125        4.817700       
49              293.195000      1172.661158     238.451031      0.100128        4.917828       
50              293.115000      1202.011935     239.541857      0.100134        5.017962       
51              293.130000      1231.363922     240.590282      0.100133        5.118095       
52              293.185000      1260.721122     241.599517      0.100132        5.218227       
53              293.188000      1290.078036     242.570786      0.100130        5.318357       
54              293.192000      1319.503665     243.508368      0.100363        5.418720       
55              293.168000      1348.889946     244.410302      0.100237        5.518957       
56              293.154000      1378.242870     245.278879      0.100128        5.619085       
57              293.168000      1407.597195     246.117288      0.100128        5.719213       
58              293.193000      1436.966924     246.927626      0.100172        5.819385       
59              293.255000      1466.333480     247.711342      0.100140        5.919525       
60              293.255000      1495.699742     248.468975      0.100139        6.019664       
61              293.416000      1525.080073     249.204397      0.100132        6.119796       
62              293.416000      1554.460698     249.916148      0.100133        6.219929       
63              293.424000      1583.842416     250.605479      0.100134        6.320063       
64              293.430000      1613.224149     251.273388      0.100132        6.420195       
65              293.403000      1642.604059     251.920387      0.100135        6.520330       
66              293.403000      1671.985142     252.547839      0.100139        6.620469       
67              293.449000      1701.369657     253.157255      0.100135        6.720604       
68              293.456000      1730.749005     253.748762      0.100115        6.820719       
69              293.470000      1760.130047     254.323365      0.100116        6.920835       
70              293.450000      1789.512609     254.881362      0.100128        7.020963       
71              293.436000      1818.906093     255.423694      0.100170        7.121133       
72              293.423000      1848.284777     255.950561      0.100124        7.221257       
73              293.429000      1877.664649     256.463109      0.100126        7.321383       
74              293.490000      1907.050042     256.962641      0.100124        7.421507       
75              293.523000      1936.438739     257.449314      0.100124        7.521631       
76              293.536000      1965.834021     257.923454      0.100142        7.621773       
77              293.556000      1995.225729     258.385470      0.100123        7.721896       
78              293.562000      2024.619798     258.835762      0.100129        7.822025       
79              293.570000      2054.016724     259.274802      0.100136        7.922161       
80              293.580000      2083.413476     259.702990      0.100132        8.022293       
81              293.577000      2112.806699     260.120538      0.100121        8.122414       
82              293.604000      2142.204974     260.528279      0.100129        8.222543       
83              293.646000      2171.614502     260.926808      0.100153        8.322696       
84              293.647000      2201.017376     261.315784      0.100130        8.422826       
85              293.660000      2230.420671     261.695761      0.100127        8.522953       
86              293.674000      2259.849449     262.067377      0.100209        8.623162       
87              293.676000      2289.254639     262.430189      0.100128        8.723290       
88              293.657000      2318.664388     262.784627      0.100150        8.823440       
89              293.597000      2348.070476     263.130463      0.100158        8.923598       
90              293.625000      2377.464394     263.468763      0.100107        9.023705       
91              293.673000      2406.868403     263.800225      0.100125        9.123830       
92              293.687000      2436.275576     264.124661      0.100131        9.223961       
93              293.687000      2465.682162     264.442124      0.100129        9.324090       
94              293.708000      2495.089675     264.753051      0.100125        9.424215       
95              293.715000      2524.497596     265.057512      0.100124        9.524339       
96              293.722000      2553.905630     265.355705      0.100122        9.624461       
97              293.741000      2583.315566     265.647953      0.100122        9.724583       
98              293.816000      2612.736831     265.935046      0.100135        9.824718       
99              293.851000      2642.160132     266.216685      0.100130        9.924848       
100             293.841000      2671.582431     266.492598      0.100130        10.024978      
101             293.837000      2701.003449     266.763006      0.100127        10.125105      
102             293.828000      2730.435024     267.028133      0.100166        10.225271      
103             293.845000      2759.859193     267.288201      0.100135        10.325406      
104             293.844000      2789.273271     267.543178      0.100101        10.425507      
105             293.824000      2818.693575     267.793184      0.100129        10.525636      
106             293.824000      2848.108589     268.038434      0.100111        10.625747      
107             293.832000      2877.531750     268.279241      0.100136        10.725883      
108             293.846000      2906.956020     268.515720      0.100135        10.826018      
109             293.844000      2936.379795     268.747844      0.100134        10.926152      
110             293.846000      2965.803182     268.975766      0.100132        11.026284      
111             293.862000      2995.227290     269.199722      0.100129        11.126413      
112             293.874000      3024.653188     269.419795      0.100131        11.226544      
113             293.893000      3054.081576     269.636150      0.100133        11.326677      
114             293.809000      3083.497439     269.847947      0.100119        11.426796      
115             293.803000      3112.942376     270.056221      0.100220        11.527016      
116             293.583000      3142.339722     270.258833      0.100133        11.627149      
117             293.580000      3171.732952     270.457935      0.100120        11.727269      
118             293.594000      3201.127289     270.653782      0.100119        11.827388      
119             293.625000      3230.523850     270.846595      0.100116        11.927504      
120             293.637000      3259.927191     271.036335      0.100135        12.027639      
121             293.653000      3289.328904     271.223053      0.100124        12.127763      
122             293.653000      3318.730617     271.406713      0.100124        12.227887      
123             293.741000      3348.140553     271.588101      0.100122        12.328009      
124             293.769000      3377.553881     271.766796      0.100124        12.428133      
125             293.992000      3406.989536     271.944416      0.100124        12.528257      
126             294.082000      3436.434790     272.119937      0.100126        12.628383      
127             294.096000      3465.881446     272.292807      0.100126        12.728509      
128             294.089000      3495.324460     272.462907      0.100116        12.828625      
129             294.088000      3524.783255     272.630454      0.100170        12.928795      
130             294.073000      3554.216140     272.795175      0.100087        13.028882      
131             294.056000      3583.679375     272.957429      0.100196        13.129078      
132             294.068000      3613.142048     273.117307      0.100190        13.229268      
133             294.074000      3642.589442     273.274742      0.100136        13.329404      
134             294.074000      3672.033601     273.429813      0.100125        13.429529      
135             294.081000      3701.487578     273.582687      0.100156        13.529685      
136             294.094000      3730.937563     273.733383      0.100138        13.629823      
137             294.108000      3760.385126     273.881964      0.100125        13.729948      
138             294.100000      3789.837182     274.028362      0.100143        13.830091      
139             294.094000      3819.277756     274.172559      0.100106        13.930197      
140             294.106000      3848.717179     274.314772      0.100098        14.030295      
141             294.166000      3878.167608     274.455420      0.100115        14.130410      
142             294.187000      3907.651617     274.594383      0.100222        14.230632      
143             294.208000      3937.112430     274.731433      0.100136        14.330768      
144             294.193000      3966.594687     274.866581      0.100214        14.430982      
145             294.169000      3996.050711     274.999593      0.100133        14.531115      
146             294.169000      4025.511443     275.130805      0.100149        14.631264      
147             294.154000      4054.965377     275.260108      0.100131        14.731395      
148             294.154000      4084.423723     275.387684      0.100146        14.831541      
149             294.223000      4113.895158     275.514038      0.100167        14.931708      
150             294.201000      4143.355270     275.638522      0.100136        15.031844      
151             294.195000      4172.818311     275.761335      0.100148        15.131992      
152             294.195000      4202.276056     275.882510      0.100130        15.232122      
153             294.214000      4231.736881     276.002232      0.100134        15.332256      
154             294.223000      4261.215966     276.120528      0.100193        15.432449      
155             294.246000      4290.729428     276.237572      0.100302        15.532751      
156             294.289000      4320.242200     276.353371      0.100285        15.633036      
157             294.262000      4349.737552     276.467465      0.100235        15.733271      
158             294.261000      4379.263701     276.580225      0.100340        15.833611      
159             294.242000      4408.755576     276.691325      0.100230        15.933841      
160             294.288000      4438.287966     276.801456      0.100352        16.034193      
161             294.301000      4467.840495     276.910367      0.100416        16.134609      
162             294.323000      4497.353439     277.017915      0.100274        16.234883      
163             294.321000      4526.876779     277.124169      0.100310        16.335193      
164             294.307000      4556.429322     277.229148      0.100414        16.435607      
165             294.299000      4585.925145     277.332609      0.100224        16.535831      
166             294.309000      4615.466705     277.435037      0.100376        16.636207      
167             294.374000      4644.967984     277.536467      0.100217        16.736424      
168             294.389000      4674.495790     277.636863      0.100302        16.836726      
169             294.381000      4704.024854     277.736030      0.100309        16.937035      
170             294.395000      4733.537069     277.834051      0.100247        17.037282      
171             294.368000      4763.075720     277.930862      0.100346        17.137628      
172             294.340000      4792.542392     278.026161      0.100111        17.237739      
173             294.333000      4822.040151     278.120419      0.100219        17.337958      
174             294.374000      4851.512876     278.213739      0.100120        17.438078      
175             294.382000      4880.982281     278.306025      0.100106        17.538184      
176             294.394000      4910.472905     278.397394      0.100174        17.638358      
177             294.388000      4939.949387     278.487656      0.100128        17.738486      
178             294.401000      4969.425698     278.576973      0.100123        17.838609      
179             294.319000      4998.893211     278.664834      0.100121        17.938730      
180             294.332000      5028.364085     278.751797      0.100128        18.038858      
181             294.385000      5057.834379     278.838076      0.100108        18.138966      
182             294.419000      5087.303365     278.923581      0.100092        18.239058      
183             294.432000      5116.777775     279.008235      0.100106        18.339164      
184             294.445000      5146.262908     279.092067      0.100138        18.439302      
185             294.445000      5175.741564     279.174975      0.100116        18.539418      
186             294.451000      5205.266460     279.257152      0.100271        18.639689      
187             294.451000      5234.768389     279.338386      0.100193        18.739882      
188             294.462000      5264.254636     279.418769      0.100136        18.840018      
189             294.462000      5293.733227     279.498281      0.100110        18.940128      
190             294.589000      5323.250750     279.577696      0.100199        19.040327      
191             294.599000      5352.750716     279.656282      0.100136        19.140463      
192             294.592000      5382.240848     279.733990      0.100105        19.240568      
193             294.596000      5411.732264     279.810916      0.100108        19.340676      
194             294.576000      5441.254376     279.887031      0.100219        19.440895      
195             294.548000      5470.736864     279.962128      0.100094        19.540989      
196             294.556000      5500.223981     280.036510      0.100107        19.641096      
197             294.593000      5529.722757     280.110346      0.100134        19.741230      
198             294.577000      5559.216690     280.183347      0.100123        19.841353      
199             294.559000      5588.702635     280.255510      0.100102        19.941455      
200             294.523000      5618.179086     280.326758      0.100082        20.041537      
201             294.510000      5647.656886     280.397239      0.100091        20.141628      
202             294.529000      5677.155733     280.467163      0.100156        20.241784      
203             294.529000      5706.641914     280.536369      0.100113        20.341897      
204             294.569000      5736.120907     280.605066      0.100075        20.441972      
205             294.619000      5765.614037     280.673359      0.100106        20.542078      
206             294.632000      5795.106700     280.741049      0.100100        20.642178      
207             294.580000      5824.602406     280.807853      0.100128        20.742306      
208             294.561000      5854.120659     280.873978      0.100211        20.842517      
209             294.594000      5883.642512     280.939629      0.100212        20.942729      
210             294.615000      5913.153213     281.004725      0.100167        21.042896      
211             294.622000      5942.642813     281.069191      0.100093        21.142989      
212             294.618000      5972.130834     281.133028      0.100089        21.243078      
213             294.651000      6001.628640     281.196434      0.100111        21.343189      
214             294.644000      6031.183791     281.259339      0.100308        21.443497      
215             294.657000      6060.703118     281.321640      0.100182        21.543679      
216             294.680000      6090.229170     281.383481      0.100197        21.643876      
217             294.745000      6119.767630     281.445063      0.100217        21.744093      
218             294.742000      6149.277494     281.506009      0.100121        21.844214      
219             294.760000      6178.787096     281.566476      0.100114        21.944328      
220             294.764000      6208.301816     281.626421      0.100130        22.044458      
221             294.756000      6237.805417     281.685768      0.100095        22.144553      
222             294.721000      6267.304042     281.744420      0.100090        22.244643      
223             294.675000      6296.796000     281.802337      0.100083        22.344726      
224             294.675000      6326.301513     281.859763      0.100129        22.444855      
225             294.670000      6355.802400     281.916649      0.100115        22.544970      
226             294.670000      6385.294447     281.973016      0.100085        22.645055      
227             294.682000      6414.787695     282.028939      0.100085        22.745140      
228             294.682000      6444.280649     282.084371      0.100084        22.845224      
229             294.675000      6473.773491     282.139291      0.100086        22.945310      
230             294.682000      6503.266739     282.193763      0.100085        23.045395      
231             294.688000      6532.796539     282.247856      0.100207        23.145602      
232             294.693000      6562.290888     282.301439      0.100085        23.245687      
233             294.633000      6591.780705     282.354308      0.100090        23.345777      
234             294.675000      6621.272663     282.406901      0.100083        23.445860      
235             294.707000      6650.770181     282.459187      0.100091        23.545951      
236             294.714000      6680.273116     282.511069      0.100107        23.646058      
237             294.713000      6709.773592     282.562504      0.100099        23.746157      
238             294.720000      6739.278896     282.613545      0.100113        23.846270      
239             294.721000      6768.779584     282.664155      0.100097        23.946367      
240             294.714000      6798.281044     282.714316      0.100102        24.046469      
241             294.741000      6827.788450     282.764180      0.100113        24.146582      
242             294.833000      6857.380838     282.814138      0.100370        24.246952      
243             294.865000      6886.935452     282.863749      0.100231        24.347183      
244             294.868000      6916.447316     282.912893      0.100085        24.447268      
245             294.862000      6945.965951     282.961624      0.100110        24.547378      
246             294.859000      6975.519373     283.010005      0.100229        24.647607      
247             294.828000      7005.038437     283.057817      0.100123        24.747730      
248             294.795000      7034.561272     283.105123      0.100147        24.847877      
249             294.813000      7064.077655     283.152108      0.100119        24.947996      
250             294.845000      7093.603728     283.198855      0.100141        25.048137      
251             294.841000      7123.165961     283.245272      0.100265        25.148402      
252             294.734000      7152.687108     283.290848      0.100162        25.248564      
253             294.728000      7182.215022     283.336052      0.100187        25.348751      
254             294.728000      7211.714053     283.380856      0.100089        25.448840      
255             294.747000      7241.214985     283.425383      0.100089        25.548929      
256             294.747000      7270.722402     283.469572      0.100111        25.649040      
257             294.714000      7300.276912     283.513364      0.100282        25.749322      
258             294.714000      7329.782204     283.556745      0.100115        25.849437      
259             294.727000      7359.282608     283.599831      0.100094        25.949531      
260             294.727000      7388.782128     283.642585      0.100091        26.049622      
261             294.708000      7418.281810     283.684942      0.100098        26.149720      
262             294.806000      7447.794838     283.727355      0.100110        26.249830      
263             294.826000      7477.304857     283.769515      0.100093        26.349923      
264             294.832000      7506.809875     283.811370      0.100074        26.449997      
265             294.820000      7536.316934     283.852868      0.100085        26.550082      
266             294.819000      7565.822125     283.894049      0.100079        26.650161      
267             294.820000      7595.335966     283.934938      0.100108        26.750269      
268             294.873000      7624.853343     283.975716      0.100102        26.850371      
269             294.923000      7654.385457     284.016391      0.100135        26.950506      
270             294.920000      7683.914912     284.056751      0.100127        27.050633      
271             294.933000      7713.446848     284.096862      0.100131        27.150764      
272             294.920000      7742.977483     284.136630      0.100131        27.250895      
273             294.933000      7772.501456     284.176145      0.100104        27.350999      
274             294.900000      7802.015932     284.215243      0.100083        27.451082      
275             294.879000      7831.535974     284.253990      0.100109        27.551191      
276             294.865000      7861.058743     284.292412      0.100123        27.651314      
277             294.889000      7890.584504     284.330643      0.100125        27.751439      
278             294.908000      7920.111283     284.368667      0.100122        27.851561      
279             294.885000      7949.634874     284.406335      0.100119        27.951680      
280             294.889000      7979.153853     284.443742      0.100102        28.051782      
281             294.889000      8008.678729     284.480891      0.100122        28.151904      
282             294.883000      8038.204479     284.517757      0.100127        28.252031      
283             294.831000      8067.723549     284.554176      0.100122        28.352153      
284             294.804000      8097.242568     284.590248      0.100131        28.452284      
285             294.846000      8126.768151     284.626217      0.100139        28.552423      
286             294.853000      8156.290013     284.661954      0.100124        28.652547      
287             294.839000      8185.809589     284.697392      0.100121        28.752668      
288             294.846000      8215.333108     284.732612      0.100132        28.852800      
289             294.846000      8244.850731     284.767582      0.100112        28.952912      
290             294.845000      8274.370907     284.802310      0.100121        29.053033      
291             294.838000      8303.885665     284.836770      0.100105        29.153138      
292             294.825000      8333.402365     284.870954      0.100116        29.253254      
293             294.873000      8362.927999     284.905073      0.100130        29.353384      
294             294.920000      8392.451555     284.939111      0.100107        29.453491      
295             294.926000      8421.998127     284.972966      0.100183        29.553674      
296             294.910000      8451.527760     285.006520      0.100131        29.653805      
297             294.926000      8481.049557     285.039891      0.100099        29.753904      
298             294.926000      8510.569291     285.073036      0.100092        29.853996      
299             294.906000      8540.109435     285.105918      0.100168        29.954164      
300             294.891000      8569.635691     285.138517      0.100126        30.054290      
301             294.891000      8599.161358     285.170899      0.100124        30.154414      
302             294.859000      8628.685000     285.202962      0.100128        30.254542      
303             294.878000      8658.209659     285.234875      0.100125        30.354667      
304             294.872000      8687.724872     285.266550      0.100095        30.454762      
305             294.886000      8717.237358     285.298058      0.100081        30.554843      
306             294.886000      8746.760754     285.329371      0.100118        30.654961      
307             294.892000      8776.287111     285.360503      0.100126        30.755087      
308             294.871000      8805.811659     285.391366      0.100127        30.855214      
309             294.791000      8835.328493     285.421770      0.100128        30.955342      
310             294.790000      8864.844636     285.451974      0.100126        31.055468      
311             294.831000      8894.356040     285.482107      0.100096        31.155564      
312             294.858000      8923.878992     285.512142      0.100126        31.255690      
313             294.865000      8953.397927     285.542003      0.100110        31.355800      
314             294.878000      8982.911087     285.571708      0.100086        31.455886      
315             294.870000      9012.426394     285.601202      0.100096        31.555982      
316             294.829000      9041.940251     285.630383      0.100105        31.656087      
317             294.835000      9071.460016     285.659404      0.100123        31.756210      
318             294.858000      9100.987096     285.688319      0.100140        31.856350      
319             294.952000      9130.519165     285.717344      0.100125        31.956475      
320             294.972000      9160.053532     285.746250      0.100126        32.056601      
321             294.974000      9189.586623     285.774981      0.100121        32.156722      
322             294.954000      9219.117713     285.803472      0.100121        32.256843      
323             294.897000      9248.644570     285.831611      0.100126        32.356969      
324             294.874000      9278.175906     285.859512      0.100149        32.457118      
325             294.889000      9307.701962     285.887281      0.100126        32.557244      
326             294.926000      9337.228774     285.914990      0.100116        32.657360      
327             294.943000      9366.750798     285.942577      0.100094        32.757454      
328             294.952000      9396.273724     285.970022      0.100094        32.857548      
329             294.921000      9425.801804     285.997214      0.100122        32.957670      
330             294.927000      9455.323407     286.024253      0.100098        33.057768      
331             294.911000      9484.848422     286.051085      0.100115        33.157883      
332             294.924000      9514.378572     286.077799      0.100128        33.258011      
333             294.985000      9543.905980     286.104527      0.100098        33.358109      
334             295.030000      9573.436123     286.131228      0.100092        33.458201      
335             295.011000      9602.963479     286.157712      0.100089        33.558290      
336             295.017000      9632.492026     286.184057      0.100091        33.658381      
337             295.004000      9662.021631     286.210209      0.100099        33.758480      
338             295.005000      9691.554877     286.236213      0.100111        33.858591      
339             294.965000      9721.082643     286.261945      0.100106        33.958697      
340             294.929000      9750.601792     286.287415      0.100089        34.058786      
341             294.932000      9780.140706     286.312761      0.100155        34.158941      
342             294.932000      9809.701151     286.337977      0.100228        34.259169      
343             294.943000      9839.234383     286.363054      0.100132        34.359301      
344             294.943000      9868.767026     286.387986      0.100130        34.459431      
345             294.982000      9898.302983     286.412885      0.100128        34.559559      
346             294.982000      9927.843071     286.437643      0.100142        34.659701      
347             294.942000      9957.374139     286.462140      0.100125        34.759826      
348             294.942000      9986.905206     286.486496      0.100125        34.859951      
349             294.893000      10016.431073    286.510572      0.100124        34.960075      
350             294.936000      10045.955052    286.534628      0.100103        35.060178      
351             294.953000      10075.491350    286.558604      0.100139        35.160317      
352             294.959000      10105.025890    286.582459      0.100131        35.260448      
353             294.950000      10134.562183    286.606155      0.100140        35.360588      
354             294.966000      10164.099193    286.629763      0.100137        35.460725      
355             294.951000      10193.632932    286.653193      0.100131        35.560856      
356             294.951000      10223.165490    286.676492      0.100127        35.660983      
357             294.931000      10252.691623    286.699600      0.100112        35.761095      
358             295.018000      10282.222629    286.722819      0.100099        35.861194      
359             295.038000      10311.760064    286.745968      0.100114        35.961308      
360             295.064000      10341.304822    286.769064      0.100130        36.061438      
361             295.084000      10370.855124    286.792090      0.100142        36.161580      
362             295.097000      10400.404957    286.815024      0.100136        36.261716      
363             295.084000      10429.950243    286.837794      0.100125        36.361841      
364             295.064000      10459.492935    286.860382      0.100123        36.461964      
365             295.030000      10489.031929    286.882754      0.100122        36.562086      
366             295.056000      10518.573526    286.905075      0.100122        36.662208      
367             295.076000      10548.118896    286.927330      0.100128        36.762336      
368             295.069000      10577.664155    286.949445      0.100130        36.862466      
369             295.069000      10607.207938    286.971439      0.100125        36.962591      
370             295.069000      10636.751427    286.993315      0.100124        37.062715      
371             295.055000      10666.293809    287.015035      0.100125        37.162840      
372             295.068000      10695.837787    287.036673      0.100126        37.262966      
373             295.035000      10725.378757    287.058107      0.100127        37.363093      
374             294.987000      10754.914330    287.079298      0.100125        37.463218      
375             295.014000      10784.461162    287.100454      0.100154        37.563372      
376             294.995000      10813.998127    287.121442      0.100127        37.663499      
377             294.882000      10843.522892    287.142017      0.100124        37.763623      
378             294.882000      10873.054735    287.162489      0.100148        37.863771      
379             294.795000      10902.575801    287.182622      0.100141        37.963912      
380             294.788000      10932.091449    287.202628      0.100125        38.064037      
381             294.782000      10961.606497    287.222512      0.100125        38.164162      
382             294.802000      10991.114113    287.242339      0.100093        38.264255      
383             294.810000      11020.629017    287.262088      0.100115        38.364370      
384             294.810000      11050.148047    287.281736      0.100129        38.464499      
385             294.903000      11079.700867    287.301540      0.100212        38.564711      
386             294.903000      11109.230094    287.321226      0.100132        38.664843      
387             295.017000      11138.770441    287.341104      0.100131        38.764974      
388             295.017000      11168.310493    287.360880      0.100130        38.865104      
389             295.089000      11197.857755    287.380739      0.100130        38.965234      
390             295.123000      11227.421406    287.400593      0.100174        39.065408      
391             295.129000      11256.963524    287.420345      0.100099        39.165507      
392             295.134000      11286.506437    287.440009      0.100100        39.265607      
393             295.115000      11316.054236    287.459530      0.100123        39.365730      
394             295.121000      11345.615327    287.478975      0.100166        39.465896      
395             295.109000      11375.163115    287.498283      0.100125        39.566021      
396             295.115000      11404.718587    287.517514      0.100149        39.666170      
397             295.129000      11434.275166    287.536683      0.100148        39.766318      
398             295.141000      11463.828520    287.555783      0.100133        39.866451      
399             295.129000      11493.379787    287.574756      0.100130        39.966581      
400             295.117000      11522.929557    287.593605      0.100129        40.066710      
401             295.103000      11552.478811    287.612325      0.100132        40.166842      
402             295.070000      11582.022989    287.630869      0.100126        40.266968      
403             295.043000      11611.552368    287.649246      0.100085        40.367053      
404             295.056000      11641.095145    287.667572      0.100126        40.467179      
405             295.089000      11670.642702    287.685890      0.100131        40.567310      
406             295.096000      11700.189189    287.704134      0.100125        40.667435      
407             295.095000      11729.734100    287.722286      0.100120        40.767555      
408             295.075000      11759.285566    287.740304      0.100149        40.867704      
409             295.108000      11788.835616    287.758312      0.100133        40.967837      
410             295.108000      11818.384780    287.776232      0.100130        41.067967      
411             295.124000      11847.933185    287.794102      0.100122        41.168089      
412             295.127000      11877.482186    287.811892      0.100123        41.268212      
413             295.141000      11907.028161    287.829628      0.100108        41.368320      
414             295.151000      11936.582221    287.847307      0.100132        41.468452      
415             295.162000      11966.138268    287.864927      0.100135        41.568587      
416             295.153000      11995.693118    287.882441      0.100134        41.668721      
417             295.135000      12025.243510    287.899826      0.100125        41.768846      
418             295.119000      12054.792005    287.917090      0.100124        41.868970      
419             295.075000      12084.335209    287.934166      0.100121        41.969091      
420             295.055000      12113.870509    287.951109      0.100101        42.069192      
421             295.055000      12143.408465    287.967974      0.100110        42.169302      
422             295.117000      12172.951153    287.984905      0.100105        42.269407      
423             295.117000      12202.495611    288.001757      0.100111        42.369518      
424             295.150000      12232.049275    288.018610      0.100131        42.469649      
425             295.160000      12261.606007    288.035409      0.100138        42.569787      
426             295.129000      12291.158455    288.052056      0.100134        42.669921      
427             295.154000      12320.732295    288.068693      0.100198        42.770119      
428             295.157000      12350.284890    288.085248      0.100125        42.870244      
429             295.108000      12379.834349    288.101613      0.100131        42.970375      
430             295.137000      12409.385236    288.117968      0.100126        43.070501      
431             295.172000      12438.939333    288.134328      0.100125        43.170626      
432             295.184000      12468.494926    288.150641      0.100126        43.270752      
433             295.169000      12498.046065    288.166842      0.100116        43.370868      
434             295.163000      12527.598966    288.182956      0.100124        43.470992      
435             295.169000      12557.150696    288.199008      0.100118        43.571110      
436             295.196000      12586.705129    288.215049      0.100118        43.671228      
437             295.184000      12616.253933    288.230987      0.100103        43.771331      
438             295.176000      12645.829682    288.246848      0.100197        43.871528      
439             295.238000      12675.391568    288.262768      0.100129        43.971657      
440             295.267000      12704.952814    288.278680      0.100117        44.071774      
441             295.273000      12734.516728    288.294534      0.100124        44.171898      
442             295.264000      12764.074426    288.310293      0.100106        44.272004      
443             295.271000      12793.633415    288.325997      0.100108        44.372112      
444             295.257000      12823.188346    288.341597      0.100099        44.472211      
445             295.230000      12852.744707    288.357069      0.100113        44.572324      
446             295.210000      12882.304084    288.372429      0.100130        44.672454      
447             295.216000      12911.857272    288.387731      0.100107        44.772561      
448             295.245000      12941.416906    288.403031      0.100119        44.872680      
449             295.260000      12970.980700    288.418297      0.100128        44.972808      
450             295.250000      13000.543492    288.433474      0.100128        45.072936      
451             295.257000      13030.106689    288.448598      0.100127        45.173063      
452             295.248000      13059.673415    288.463638      0.100142        45.273205      
453             295.248000      13089.228625    288.478606      0.100103        45.373308      
454             295.238000      13118.789920    288.493489      0.100127        45.473435      
455             295.279000      13148.355616    288.508397      0.100128        45.573563      
456             295.279000      13177.921016    288.523240      0.100127        45.673690      
457             295.287000      13207.487809    288.538035      0.100129        45.773819      
458             295.275000      13237.053399    288.552740      0.100129        45.873948      
459             295.282000      13266.612308    288.567393      0.100104        45.974052      
460             295.269000      13296.177298    288.581957      0.100129        46.074181      
461             295.268000      13325.741597    288.596455      0.100127        46.174308      
462             295.260000      13355.305390    288.610873      0.100128        46.274436      
463             295.269000      13384.863589    288.625246      0.100106        46.374542      
464             295.314000      13414.432494    288.639656      0.100127        46.474669      
465             295.300000      13443.999997    288.653975      0.100127        46.574796      
466             295.286000      13473.565803    288.668202      0.100126        46.674922      
467             295.293000      13503.131719    288.682382      0.100124        46.775046      
468             295.293000      13532.691139    288.696499      0.100102        46.875148      
469             295.283000      13562.249263    288.710535      0.100101        46.975249      
470             295.271000      13591.830988    288.724497      0.100185        47.075434      
471             295.243000      13621.390126    288.738331      0.100118        47.175552      
472             295.267000      13650.961412    288.752161      0.100151        47.275703      
473             295.282000      13680.518254    288.765958      0.100097        47.375800      
474             295.300000      13710.085757    288.779738      0.100127        47.475927      
475             295.292000      13739.654231    288.793444      0.100133        47.576060      
476             295.310000      13769.222735    288.807130      0.100127        47.676187      
477             295.289000      13798.787956    288.820714      0.100123        47.776310      
478             295.268000      13828.350779    288.834197      0.100122        47.876432      
479             295.222000      13857.903387    288.847525      0.100103        47.976535      
480             295.248000      13887.459483    288.860852      0.100106        48.076641      
481             295.265000      13917.016690    288.874159      0.100104        48.176745      
482             295.264000      13946.574979    288.887409      0.100108        48.276853      
483             295.257000      13976.131090    288.900589      0.100103        48.376956      
484             295.246000      14005.684329    288.913691      0.100097        48.477053      
485             295.245000      14035.238944    288.926738      0.100102        48.577155      
486             295.245000      14064.791197    288.939730      0.100094        48.677249      
487             295.252000      14094.346218    288.952684      0.100101        48.777350      
488             295.273000      14123.905112    288.965629      0.100107        48.877457      
489             295.334000      14153.467750    288.978645      0.100099        48.977556      
490             295.348000      14183.031789    288.991636      0.100099        49.077655      
491             295.356000      14212.598106    289.004591      0.100104        49.177759      
492             295.371000      14242.166220    289.017524      0.100105        49.277864      
493             295.363000      14271.730875    289.030387      0.100096        49.377960      
494             295.364000      14301.295335    289.043200      0.100095        49.478055      
495             295.364000      14330.861271    289.055962      0.100100        49.578155      
496             295.345000      14360.423829    289.068633      0.100095        49.678250      
497             295.334000      14389.984104    289.081231      0.100091        49.778341      
498             295.341000      14419.546262    289.093793      0.100095        49.878436      
499             295.368000      14449.113485    289.106360      0.100103        49.978539      
500             295.368000      14478.678049    289.118875      0.100094        50.078633      
501             295.383000      14508.243820    289.131371      0.100093        50.178726      
502             295.375000      14537.808790    289.143800      0.100093        50.278819      
503             295.375000      14567.374646    289.156181      0.100096        50.378915      
504             295.367000      14596.939701    289.168496      0.100096        50.479011      
505             295.218000      14626.489252    289.180468      0.100094        50.579105      
506             295.255000      14656.046344    289.192467      0.100107        50.679212      
507             295.124000      14685.586485    289.204159      0.100094        50.779306      
508             295.130000      14715.126637    289.215817      0.100092        50.879398      
509             295.016000      14744.656264    289.227205      0.100095        50.979493      
510             295.001000      14774.184684    289.238519      0.100096        51.079589      
511             294.982000      14803.715627    289.249754      0.100111        51.179700      
512             294.968000      14833.242514    289.260916      0.100102        51.279802      
513             294.945000      14862.788039    289.271998      0.100173        51.379975      
514             294.947000      14892.309579    289.283032      0.100091        51.480066      
515             295.105000      14921.846639    289.294329      0.100090        51.580156      
516             295.092000      14951.384463    289.305559      0.100097        51.680253      
517             295.235000      14980.938077    289.317021      0.100102        51.780355      
518             295.227000      15010.490890    289.328425      0.100102        51.880457      
519             295.335000      15040.054514    289.339992      0.100102        51.980559      
520             295.318000      15069.616732    289.351482      0.100103        52.080662      
521             295.272000      15099.173459    289.362839      0.100100        52.180762      
522             295.238000      15128.727669    289.374089      0.100103        52.280865      
523             295.251000      15158.283179    289.385320      0.100103        52.380968      
524             295.229000      15187.836783    289.396466      0.100104        52.481072      
525             295.197000      15217.385413    289.407509      0.100098        52.581170      
526             295.206000      15246.926677    289.418523      0.100070        52.681240      
527             295.184000      15276.513560    289.429472      0.100232        52.781472      
528             295.190000      15306.082742    289.440384      0.100170        52.881642      
529             295.189000      15335.635294    289.451246      0.100114        52.981756      
530             295.147000      15365.177737    289.461986      0.100094        53.081850      
531             295.212000      15394.731115    289.472810      0.100109        53.181959      
532             295.276000      15424.289129    289.483713      0.100103        53.282062      
533             295.299000      15453.843539    289.494615      0.100083        53.382145      
534             295.323000      15483.436085    289.505535      0.100204        53.482349      
535             295.339000      15513.004539    289.516435      0.100117        53.582466      
536             295.320000      15542.607711    289.527272      0.100241        53.682707      
537             295.320000      15572.168948    289.538053      0.100099        53.782806      
538             295.337000      15601.729228    289.548825      0.100090        53.882896      
539             295.327000      15631.288803    289.559539      0.100091        53.982987      
540             295.420000      15660.857096    289.570384      0.100089        54.083076      
541             295.420000      15690.431592    289.581192      0.100110        54.183186      
542             295.388000      15720.001112    289.591900      0.100104        54.283290      
543             295.385000      15749.572991    289.602565      0.100113        54.383403      
544             295.329000      15779.129812    289.613084      0.100081        54.483484      
545             295.320000      15808.696660    289.623551      0.100118        54.583602      
546             295.308000      15838.252266    289.633955      0.100084        54.683686      
547             295.261000      15867.804644    289.644236      0.100089        54.783775      
548             295.223000      15897.355285    289.654410      0.100096        54.883871      
549             295.223000      15926.904451    289.664547      0.100091        54.983962      
550             295.272000      15956.470331    289.674740      0.100131        55.084093      
551             295.261000      15986.022414    289.684872      0.100088        55.184181      
552             295.277000      16015.574327    289.694996      0.100082        55.284263      
553             295.306000      16045.143612    289.705140      0.100131        55.384394      
554             295.326000      16074.708993    289.715282      0.100111        55.484505      
555             295.209000      16104.275060    289.725180      0.100153        55.584658      
556             295.247000      16133.832828    289.735108      0.100112        55.684770      
557             295.295000      16163.388905    289.745083      0.100090        55.784860      
558             295.342000      16192.948504    289.755107      0.100086        55.884946      
559             295.326000      16222.504435    289.765065      0.100079        55.985025      
560             295.323000      16252.079557    289.774990      0.100145        56.085170      
561             295.301000      16281.638891    289.784835      0.100099        56.185269      
562             295.290000      16311.196239    289.794625      0.100096        56.285365      
563             295.266000      16340.767129    289.804343      0.100150        56.385515      
564             295.276000      16370.330162    289.814041      0.100120        56.485635      
565             295.395000      16399.915744    289.823920      0.100156        56.585791      
566             295.399000      16429.496704    289.833768      0.100139        56.685930      
567             295.400000      16459.076583    289.843584      0.100135        56.786065      
568             295.395000      16488.656848    289.853356      0.100138        56.886203      
569             295.402000      16518.236927    289.863106      0.100135        56.986338      
570             295.297000      16547.806492    289.872637      0.100135        57.086473      
571             295.287000      16577.374170    289.882118      0.100132        57.186605      
572             295.322000      16606.944467    289.891626      0.100129        57.286734      
573             295.340000      16636.517747    289.901133      0.100133        57.386867      
574             295.357000      16666.085345    289.910634      0.100108        57.486975      
575             295.362000      16695.656103    289.920111      0.100117        57.587092      
576             295.354000      16725.226059    289.929542      0.100117        57.687209      
577             295.354000      16754.797788    289.938940      0.100123        57.787332      
578             295.346000      16784.370487    289.948293      0.100129        57.887461      
579             295.346000      16813.946731    289.957614      0.100141        57.987602      
580             295.400000      16843.517157    289.966993      0.100103        58.087705      
581             295.461000      16873.093985    289.976445      0.100104        58.187809      
582             295.456000      16902.668244    289.985855      0.100097        58.287906      
583             295.442000      16932.244352    289.995210      0.100108        58.388014      
584             295.430000      16961.818372    290.004511      0.100105        58.488119      
585             295.415000      16991.390596    290.013756      0.100104        58.588223      
586             295.409000      17020.963104    290.022959      0.100107        58.688330      
587             295.382000      17050.532910    290.032084      0.100107        58.788437      
588             295.342000      17080.099302    290.041111      0.100109        58.888546      
589             295.363000      17109.669274    290.050143      0.100114        58.988660      
590             295.391000      17139.242048    290.059192      0.100114        59.088774      
591             295.360000      17168.811719    290.068158      0.100114        59.188888      
592             295.364000      17198.380019    290.077100      0.100108        59.288996      
593             295.354000      17227.946431    290.085995      0.100105        59.389101      
594             295.178000      17257.494929    290.094563      0.100104        59.489205      
595             294.835000      17287.007913    290.102526      0.100100        59.589305      
596             294.582000      17316.501168    290.110040      0.100119        59.689424      
597             294.350000      17345.980615    290.117142      0.100151        59.789575      
598             294.156000      17375.450046    290.123898      0.100183        59.889758      
599             293.915000      17404.872701    290.130224      0.100106        59.989864      
600             293.724000      17434.276235    290.136211      0.100106        60.089970      
601             293.454000      17463.653328    290.141729      0.100108        60.190078      
602             293.255000      17493.009034    290.146899      0.100103        60.290181      
603             292.977000      17522.367966    290.151595      0.100209        60.390390      
604             292.909000      17551.693722    290.156159      0.100119        60.490509      
605             292.937000      17581.026968    290.160754      0.100135        60.590644      
606             292.979000      17610.362370    290.165404      0.100128        60.690772      
607             293.007000      17639.700868    290.170084      0.100129        60.790901      
608             292.994000      17669.038943    290.174728      0.100132        60.891033      
609             292.918000      17698.369408    290.179232      0.100132        60.991165      
610             292.863000      17727.692902    290.183630      0.100127        61.091292      
611             292.587000      17756.986712    290.187563      0.100120        61.191412      
612             292.599000      17786.283187    290.191502      0.100125        61.291537      
613             292.599000      17815.586977    290.195430      0.100150        61.391687      
614             292.639000      17844.886871    290.199408      0.100123        61.491810      
615             292.639000      17874.183547    290.203374      0.100112        61.591922      
616             292.585000      17903.479205    290.207239      0.100127        61.692049      
617             292.585000      17932.775156    290.211092      0.100128        61.792177      
618             292.565000      17962.079637    290.214901      0.100164        61.892341      
619             292.550000      17991.371206    290.218673      0.100125        61.992466      
620             292.598000      18020.668166    290.222510      0.100127        62.092593      
621             292.634000      18049.969023    290.226392      0.100128        62.192721      
622             292.915000      18079.298016    290.230714      0.100128        62.292849      
623             292.904000      18108.628251    290.235004      0.100136        62.392985      
624             292.852000      18137.947422    290.239197      0.100116        62.493101      
625             292.871000      18167.267030    290.243406      0.100111        62.593212      
626             292.865000      18196.591310    290.247593      0.100129        62.693341      
627             292.969000      18225.928640    290.251933      0.100138        62.793479      
628             292.967000      18255.260496    290.256255      0.100120        62.893599      
629             292.956000      18284.589786    290.260545      0.100115        62.993714      
630             292.954000      18313.919754    290.264819      0.100118        63.093832      
631             292.954000      18343.251773    290.269080      0.100125        63.193957      
632             292.980000      18372.602217    290.273371      0.100179        63.294136      
633             292.967000      18401.938760    290.277626      0.100136        63.394272      
634             293.015000      18431.283334    290.281943      0.100147        63.494419      
635             293.013000      18460.630637    290.286244      0.100157        63.594576      
636             292.976000      18489.967788    290.290473      0.100135        63.694711      
637             292.944000      18519.302615    290.294638      0.100138        63.794849      
638             292.961000      18548.644417    290.298818      0.100156        63.895005      
639             292.915000      18577.975460    290.302911      0.100135        63.995140      
640             292.902000      18607.305788    290.306972      0.100137        64.095277      
641             292.895000      18636.649180    290.311011      0.100184        64.195461      
642             292.873000      18665.975140    290.315001      0.100132        64.295593      
643             292.836000      18695.299151    290.318921      0.100138        64.395731      
644             292.828000      18724.622654    290.322817      0.100139        64.495870      
645             292.842000      18753.953416    290.326723      0.100159        64.596029      
646             292.855000      18783.277573    290.330636      0.100132        64.696161      
647             292.862000      18812.602723    290.334548      0.100133        64.796294      
648             292.862000      18841.926117    290.338447      0.100127        64.896421      
649             292.902000      18871.257030    290.342397      0.100139        64.996560      
650             292.902000      18900.626314    290.346340      0.100270        65.096830      
651             292.899000      18929.949604    290.350259      0.100114        65.196944      
652             292.899000      18959.271723    290.354167      0.100110        65.297054      
653             292.865000      18988.588388    290.358010      0.100103        65.397157      
654             292.910000      19017.908679    290.361911      0.100100        65.497257      
655             292.929000      19047.231458    290.365828      0.100102        65.597359      
656             292.917000      19076.551278    290.369715      0.100096        65.697455      
657             292.914000      19105.870505    290.373585      0.100095        65.797550      
658             292.904000      19135.189609    290.377429      0.100098        65.897648      
659             292.923000      19164.511788    290.381290      0.100102        65.997750      
660             292.923000      19193.836895    290.385140      0.100112        66.097862      
661             292.919000      19223.157501    290.388971      0.100098        66.197960      
662             292.876000      19252.477610    290.392727      0.100111        66.298071      
663             292.938000      19281.801876    290.396564      0.100104        66.398175      
664             292.966000      19311.128358    290.400432      0.100102        66.498277      
665             292.977000      19340.456235    290.404305      0.100103        66.598380      
666             292.977000      19369.784698    290.408166      0.100105        66.698485      
667             292.960000      19399.110287    290.411990      0.100101        66.798586      
668             292.973000      19428.437177    290.415822      0.100101        66.898687      
669             292.973000      19457.763774    290.419643      0.100100        66.998787      
670             292.951000      19487.088462    290.423419      0.100101        67.098888      
671             292.999000      19516.423229    290.427256      0.100119        67.199007      
672             293.039000      19545.757898    290.431141      0.100105        67.299112      
673             293.059000      19575.093690    290.435044      0.100102        67.399214      
674             293.052000      19604.470688    290.438931      0.100245        67.499459      
675             293.033000      19633.815013    290.442773      0.100140        67.599599      
676             293.020000      19663.149245    290.446584      0.100110        67.699709      
677             293.027000      19692.484178    290.450395      0.100110        67.799819      
678             292.963000      19721.812411    290.454099      0.100109        67.899928      
679             292.963000      19751.138593    290.457792      0.100102        68.000030      
680             292.995000      19780.468271    290.461522      0.100103        68.100133      
681             293.000000      19809.801673    290.465248      0.100114        68.200247      
682             293.001000      19839.135468    290.468965      0.100115        68.300362      
683             293.002000      19868.490460    290.472675      0.100187        68.400549      
684             293.019000      19897.826057    290.476397      0.100115        68.500664      
685             292.952000      19927.152017    290.480009      0.100105        68.600769      
686             292.895000      19956.472564    290.483528      0.100106        68.700875      
687             292.895000      19985.795454    290.487037      0.100114        68.800989      
688             292.895000      20015.112486    290.490535      0.100094        68.901083      
689             292.970000      20044.442592    290.494133      0.100113        69.001196      
690             292.970000      20073.776213    290.497720      0.100125        69.101321      
691             292.970000      20103.107783    290.501297      0.100118        69.201439      
692             292.972000      20132.435452    290.504866      0.100104        69.301543      
693             292.940000      20161.764898    290.508379      0.100121        69.401664      
694             292.940000      20191.091707    290.511881      0.100112        69.501776      
695             292.951000      20220.421962    290.515390      0.100120        69.601896      
696             292.980000      20249.752189    290.518930      0.100110        69.702006      
697             293.052000      20279.089918    290.522563      0.100111        69.802117      
698             293.065000      20308.433344    290.526204      0.100126        69.902243      
699             293.052000      20337.769608    290.529816      0.100106        70.002349      
700             293.032000      20367.101818    290.533389      0.100099        70.102448      
701             292.968000      20396.428501    290.536861      0.100102        70.202550      
702             292.907000      20425.752592    290.540236      0.100114        70.302664      
703             292.942000      20455.074036    290.543651      0.100093        70.402757      
704             292.934000      20484.392042    290.547044      0.100084        70.502841      
705             292.922000      20513.715585    290.550411      0.100107        70.602948      
706             292.923000      20543.038642    290.553771      0.100105        70.703053      
707             292.902000      20572.363697    290.557091      0.100119        70.803172      
708             292.860000      20601.678105    290.560342      0.100097        70.903269      
709             292.843000      20630.984953    290.563560      0.100077        71.003346      
710             292.854000      20660.295832    290.566784      0.100087        71.103433      
711             292.918000      20689.611358    290.570088      0.100081        71.203514      
712             292.984000      20718.938178    290.573477      0.100097        71.303611      
713             292.988000      20748.265104    290.576862      0.100096        71.403707      
714             292.977000      20777.588000    290.580221      0.100086        71.503793      
715             292.997000      20806.912312    290.583599      0.100084        71.603877      
716             292.956000      20836.230763    290.586911      0.100078        71.703955      
717             292.979000      20865.552101    290.590245      0.100080        71.804035      
718             293.046000      20894.880438    290.593663      0.100081        71.904116      
719             293.063000      20924.213993    290.597095      0.100093        72.004209      
720             293.057000      20953.545189    290.600510      0.100087        72.104296      
721             293.063000      20982.875813    290.603923      0.100083        72.204379      
722             293.056000      21012.207202    290.607318      0.100088        72.304467      
723             293.063000      21041.538119    290.610712      0.100084        72.404551      
724             293.043000      21070.868500    290.614070      0.100089        72.504640      
725             293.083000      21100.203177    290.617473      0.100090        72.604730      
726             293.123000      21129.556515    290.620924      0.100140        72.704870      
727             293.123000      21158.894023    290.624364      0.100086        72.804956      
728             293.123000      21188.230066    290.627794      0.100081        72.905037      
729             293.122000      21217.565130    290.631213      0.100078        73.005115      
730             293.122000      21246.916022    290.634625      0.100132        73.105247      
731             293.078000      21276.238183    290.637964      0.100049        73.205296      
732             293.052000      21305.570636    290.641260      0.100093        73.305389      
733             293.052000      21334.898694    290.644547      0.100078        73.405467      
734             293.058000      21364.231749    290.647833      0.100093        73.505560      
735             293.071000      21393.566691    290.651129      0.100095        73.605655      
736             293.071000      21422.900167    290.654415      0.100090        73.705745      
737             293.091000      21452.233300    290.657719      0.100082        73.805827      
738             293.098000      21481.566841    290.661023      0.100081        73.905908      
739             293.099000      21510.901362    290.664320      0.100084        74.005992      
740             293.039000      21540.232807    290.667528      0.100094        74.106086      
741             293.013000      21569.559892    290.670691      0.100088        74.206174      
742             293.077000      21598.892797    290.673932      0.100086        74.306260      
743             293.109000      21628.231542    290.677208      0.100095        74.406355      
744             293.084000      21657.567785    290.680442      0.100095        74.506450      
745             293.091000      21686.905901    290.683676      0.100099        74.606549      
746             293.104000      21716.245905    290.686919      0.100101        74.706650      
747             293.091000      21745.627105    290.690140      0.100246        74.806896      
748             293.057000      21774.971782    290.693304      0.100133        74.907029      
749             293.057000      21804.318217    290.696460      0.100139        75.007168      
750             293.116000      21833.669094    290.699686      0.100134        75.107302      
751             293.137000      21863.022075    290.702931      0.100134        75.207436      
752             293.136000      21892.381111    290.706167      0.100155        75.307591      
753             293.111000      21921.724746    290.709359      0.100111        75.407702      
754             293.129000      21951.077512    290.712568      0.100136        75.507838      
755             293.110000      21980.426030    290.715743      0.100128        75.607966      
756             293.091000      22009.773232    290.718885      0.100130        75.708096      
757             293.045000      22039.116707    290.721957      0.100133        75.808229      
758             293.045000      22068.459595    290.725022      0.100131        75.908360      
759             293.058000      22097.803493    290.728095      0.100130        76.008490      
760             293.071000      22127.148692    290.731177      0.100130        76.108620      
761             293.077000      22156.494492    290.734259      0.100130        76.208750      
762             293.071000      22185.839691    290.737326      0.100130        76.308880      
763             293.071000      22215.179909    290.740383      0.100113        76.408993      
764             293.044000      22244.515371    290.743397      0.100106        76.509099      
765             293.010000      22273.853583    290.746360      0.100127        76.609226      
766             293.018000      22303.185271    290.749324      0.100102        76.709328      
767             293.070000      22332.613016    290.752358      0.100412        76.809740      
768             293.070000      22361.947272    290.755374      0.100093        76.909833      
769             293.064000      22391.294701    290.758376      0.100140        77.009973      
770             293.078000      22420.631222    290.761387      0.100098        77.110071      
771             292.986000      22449.960586    290.764272      0.100105        77.210176      
772             293.006000      22479.297519    290.767175      0.100124        77.310300      
773             293.011000      22508.638175    290.770077      0.100135        77.410435      
774             293.011000      22537.979124    290.772972      0.100136        77.510571      
775             293.025000      22567.321476    290.775878      0.100136        77.610707      
776             293.086000      22596.668763    290.778855      0.100132        77.710839      
777             292.992000      22626.006931    290.781703      0.100133        77.810972      
778             292.992000      22655.344513    290.784543      0.100131        77.911103      
779             292.988000      22684.681402    290.787372      0.100130        78.011233      
780             293.005000      22714.020871    290.790214      0.100133        78.111366      
781             293.006000      22743.361906    290.793051      0.100138        78.211504      
782             293.069000      22772.722438    290.795963      0.100183        78.311687      
783             293.052000      22802.077163    290.798845      0.100169        78.411856      
784             293.008000      22831.416934    290.801663      0.100133        78.511989      
785             292.972000      22860.745775    290.804426      0.100108        78.612097      
786             292.946000      22890.073770    290.807150      0.100114        78.712211      
787             293.007000      22919.417249    290.809946      0.100146        78.812357      
788             293.020000      22948.757342    290.812750      0.100130        78.912487      
789             293.001000      22978.125711    290.815526      0.100233        79.012720      
790             292.997000      23007.461157    290.818287      0.100122        79.112842      
791             292.953000      23036.820321    290.820987      0.100218        79.213060      
792             292.915000      23066.148435    290.823631      0.100125        79.313185      
793             292.914000      23095.479671    290.826267      0.100136        79.413321      
794             292.886000      23124.807225    290.828861      0.100133        79.513454      
795             292.847000      23154.130288    290.831399      0.100131        79.613585      
796             292.869000      23183.455261    290.833958      0.100130        79.713715      
797             292.865000      23212.794184    290.836508      0.100179        79.813894      
798             292.872000      23242.119164    290.839058      0.100129        79.914023      
799             292.789000      23271.436420    290.841498      0.100131        80.014154      
800             292.811000      23300.757049    290.843960      0.100135        80.114289      
801             292.873000      23330.088280    290.846493      0.100150        80.214439      
802             292.903000      23359.417243    290.849057      0.100132        80.314571      
803             292.880000      23388.742439    290.851586      0.100127        80.414698      
804             292.861000      23418.066318    290.854085      0.100129        80.514827      
805             292.952000      23447.396087    290.856690      0.100118        80.614945      
806             292.974000      23476.729815    290.859317      0.100124        80.715069      
807             293.012000      23506.070865    290.861984      0.100136        80.815205      
808             293.027000      23535.412245    290.864663      0.100132        80.915337      
809             293.037000      23564.753160    290.867348      0.100127        81.015464      
810             293.021000      23594.095990    290.870007      0.100139        81.115603      
811             293.005000      23623.463002    290.872641      0.100227        81.215830      
812             292.974000      23652.797610    290.875229      0.100127        81.315957      
813             292.974000      23682.137491    290.877811      0.100145        81.416102      
814             293.065000      23711.483555    290.880497      0.100135        81.516237      
815             293.065000      23740.829033    290.883177      0.100133        81.616370      
816             293.065000      23770.173631    290.885851      0.100130        81.716500      
817             293.046000      23799.516913    290.888495      0.100132        81.816632      
818             293.046000      23828.859316    290.891132      0.100129        81.916761      
819             293.052000      23858.205836    290.893770      0.100141        82.016902      
820             293.013000      23887.544056    290.896354      0.100126        82.117028      
821             292.985000      23916.892656    290.898899      0.100171        82.217199      
822             293.006000      23946.221092    290.901461      0.100095        82.317294      
823             293.018000      23975.575928    290.904034      0.100181        82.417475      
824             293.018000      24004.922560    290.906599      0.100153        82.517628      
825             293.032000      24034.263854    290.909175      0.100130        82.617758      
826             293.013000      24063.603246    290.911722      0.100130        82.717888      
827             293.039000      24092.943776    290.914294      0.100125        82.818013      
828             292.993000      24122.279407    290.916804      0.100124        82.918137      
829             292.992000      24151.614645    290.919307      0.100123        83.018260      
830             292.964000      24180.954404    290.921770      0.100148        83.118408      
831             292.986000      24210.301932    290.924255      0.100167        83.218575      
832             292.883000      24239.639437    290.926610      0.100168        83.318743      
833             292.831000      24268.974075    290.928897      0.100176        83.418919      
834             292.731000      24298.310990    290.931059      0.100218        83.519137      
835             292.731000      24327.621267    290.933214      0.100127        83.619264      
836             292.724000      24356.942552    290.935357      0.100167        83.719431      
837             292.750000      24386.267319    290.937526      0.100170        83.819601      
838             292.730000      24415.582765    290.939665      0.100145        83.919746      
839             292.810000      24444.902709    290.941894      0.100133        84.019879      
840             292.834000      24474.223592    290.944146      0.100128        84.120007      
841             292.841000      24503.543711    290.946401      0.100123        84.220130      
842             292.944000      24532.873557    290.948773      0.100121        84.320251      
843             292.959000      24562.196703    290.951156      0.100093        84.420344      
844             293.051000      24591.534624    290.953644      0.100112        84.520456      
845             293.051000      24620.878114    290.956125      0.100131        84.620587      
846             292.970000      24650.219938    290.958506      0.100153        84.720740      
847             292.970000      24679.560298    290.960881      0.100148        84.820888      
848             293.010000      24708.900561    290.963297      0.100134        84.921022      
849             293.010000      24738.243462    290.965708      0.100143        85.021165      
850             293.030000      24767.589244    290.968137      0.100146        85.121311      
851             293.030000      24796.933561    290.970559      0.100141        85.221452      
852             293.024000      24826.268487    290.972969      0.100111        85.321563      
853             293.009000      24855.604841    290.975355      0.100121        85.421684      
854             293.030000      24884.967912    290.977763      0.100205        85.521889      
855             293.030000      24914.309885    290.980163      0.100133        85.622022      
856             293.121000      24943.664488    290.982664      0.100145        85.722167      
857             293.109000      24973.013199    290.985144      0.100129        85.822296      
858             293.109000      25002.362789    290.987620      0.100132        85.922428      
859             293.095000      25031.706874    290.990072      0.100118        86.022546      
860             293.077000      25061.056778    290.992499      0.100144        86.122690      
861             293.036000      25090.404040    290.994872      0.100149        86.222839      
862             293.024000      25119.747170    290.997226      0.100139        86.322978      
863             293.044000      25149.092303    290.999598      0.100139        86.423117      
864             293.052000      25178.437065    291.001973      0.100135        86.523252      
865             293.052000      25207.774794    291.004342      0.100111        86.623363      
866             293.065000      25237.112066    291.006721      0.100105        86.723468      
867             293.079000      25266.456894    291.009111      0.100126        86.823594      
868             293.073000      25295.800535    291.011488      0.100124        86.923718      
869             293.007000      25325.136396    291.013784      0.100120        87.023838      
870             293.018000      25354.467791    291.016087      0.100101        87.123939      
871             293.020000      25383.807883    291.018387      0.100130        87.224069      
872             293.039000      25413.147534    291.020704      0.100122        87.324191      
873             293.045000      25442.488665    291.023022      0.100125        87.424316      
874             293.038000      25471.829974    291.025327      0.100128        87.524444      
875             293.030000      25501.164914    291.027618      0.100109        87.624553      
876             293.004000      25530.501646    291.029873      0.100124        87.724677      
877             292.983000      25559.837741    291.032100      0.100129        87.824806      
878             293.011000      25589.168728    291.034353      0.100102        87.924908      
879             293.006000      25618.504782    291.036596      0.100121        88.025029      
880             293.098000      25647.855029    291.038938      0.100138        88.125167      
881             293.098000      25677.203811    291.041275      0.100133        88.225300      
882             293.097000      25706.548976    291.043605      0.100121        88.325421      
883             293.078000      25735.893704    291.045909      0.100126        88.425547      
884             293.078000      25765.239604    291.048207      0.100130        88.525677      
885             293.066000      25794.576976    291.050487      0.100105        88.625782      
886             293.012000      25823.915389    291.052700      0.100127        88.725909      
887             293.071000      25853.259123    291.054975      0.100125        88.826034      
888             293.071000      25882.603736    291.057245      0.100128        88.926162      
889             293.064000      25911.949406    291.059502      0.100134        89.026296      
890             293.064000      25941.294784    291.061754      0.100133        89.126429      
891             293.077000      25970.640877    291.064016      0.100131        89.226560      
892             293.104000      25999.993777    291.066303      0.100145        89.326705      
893             293.098000      26029.342266    291.068578      0.100132        89.426837      
894             293.030000      26058.683067    291.070772      0.100129        89.526966      
895             293.043000      26088.039235    291.072976      0.100177        89.627143      
896             293.103000      26117.380311    291.075241      0.100105        89.727248      
897             293.096000      26146.737100    291.077494      0.100161        89.827409      
898             293.082000      26176.078711    291.079726      0.100114        89.927523      
899             293.082000      26205.438493    291.081953      0.100176        90.027699      
900             293.036000      26234.785170    291.084125      0.100147        90.127846      
901             293.029000      26264.125870    291.086283      0.100129        90.227975      
902             293.023000      26293.469194    291.088430      0.100140        90.328115      
903             293.043000      26322.837084    291.090596      0.100217        90.428332      
904             293.044000      26352.179580    291.092757      0.100130        90.528462      
905             293.130000      26381.530393    291.095008      0.100129        90.628591      
906             293.149000      26410.884575    291.097275      0.100134        90.728725      
907             293.083000      26440.233614    291.099464      0.100139        90.828864      
908             293.097000      26469.583175    291.101664      0.100136        90.929000      
909             293.155000      26498.936785    291.103922      0.100130        91.029130      
910             293.163000      26528.291783    291.106185      0.100132        91.129262      
911             293.150000      26557.646944    291.108428      0.100137        91.229399      
912             293.182000      26587.001499    291.110701      0.100124        91.329523      
913             293.180000      26616.359665    291.112968      0.100137        91.429660      
914             293.166000      26645.712324    291.115214      0.100123        91.529783      
915             293.143000      26675.062681    291.117429      0.100123        91.629906      
916             293.116000      26704.424990    291.119612      0.100173        91.730079      
917             293.196000      26733.780653    291.121876      0.100123        91.830202      
918             293.192000      26763.135915    291.124130      0.100123        91.930325      
919             293.204000      26792.492673    291.126393      0.100124        92.030449      
920             293.193000      26821.849208    291.128639      0.100127        92.130576      
921             293.171000      26851.217906    291.130857      0.100176        92.230752      
922             293.138000      26880.571280    291.133034      0.100135        92.330887      
923             293.128000      26909.921600    291.135195      0.100128        92.431015      
924             293.082000      26939.265556    291.137302      0.100122        92.531137      
925             293.094000      26968.611593    291.139417      0.100125        92.631262      
926             293.094000      26997.958216    291.141527      0.100127        92.731389      
927             293.110000      27027.304682    291.143650      0.100121        92.831510      
928             293.109000      27056.671566    291.145769      0.100191        92.931701      
929             293.099000      27086.091378    291.147877      0.100375        93.032076      
930             293.111000      27115.453773    291.149988      0.100175        93.132251      
931             293.097000      27144.842316    291.152082      0.100269        93.232520      
932             293.110000      27174.422684    291.154199      0.100919        93.333439      
933             293.102000      27203.925159    291.156297      0.100656        93.434095      
934             293.049000      27233.347278    291.158329      0.100400        93.534495      
935             293.087000      27262.691149    291.160391      0.100120        93.634615      
936             293.093000      27292.036206    291.162456      0.100122        93.734737      
937             293.072000      27321.379161    291.164493      0.100122        93.834859      
938             293.089000      27350.723525    291.166544      0.100121        93.934980      
939             293.100000      27380.216712    291.168613      0.100625        94.035605      
940             293.081000      27409.655233    291.170654      0.100445        94.136050      
941             293.113000      27439.030139    291.172720      0.100217        94.236267      
942             293.113000      27468.495030    291.174787      0.100524        94.336791      
943             293.139000      27498.107639    291.176888      0.101019        94.437810      
944             293.206000      27527.537018    291.179042      0.100371        94.538181      
945             293.227000      27557.235635    291.181234      0.101282        94.639463      
946             293.217000      27586.691335    291.183393      0.100457        94.739920      
947             293.217000      27616.225911    291.185553      0.100726        94.840646      
948             293.210000      27645.732513    291.187698      0.100633        94.941279      
949             293.223000      27675.177966    291.189849      0.100420        95.041699      
950             293.218000      27704.663675    291.191992      0.100559        95.142258      
951             293.199000      27734.090593    291.194107      0.100365        95.242623      
952             293.177000      27763.441129    291.196190      0.100112        95.342735      
953             293.212000      27792.851172    291.198308      0.100303        95.443038      
954             293.198000      27822.235182    291.200406      0.100219        95.543257      
955             293.198000      27851.637664    291.202500      0.100282        95.643539      
956             293.222000      27881.004141    291.204612      0.100151        95.743690      
957             293.235000      27910.355205    291.206733      0.100094        95.843784      
958             293.222000      27939.738981    291.208838      0.100210        95.943994      
959             293.120000      27969.086449    291.210830      0.100121        96.044115      
960             293.079000      27998.429225    291.212775      0.100119        96.144234      
961             293.124000      28027.776800    291.214764      0.100120        96.244354      
962             293.116000      28057.115660    291.216739      0.100093        96.344447      
963             293.117000      28086.479828    291.218713      0.100179        96.444626      
964             293.118000      28115.822698    291.220682      0.100106        96.544732      
965             293.117000      28145.335477    291.222658      0.100686        96.645418      
966             293.117000      28174.684989    291.224618      0.100129        96.745547      
967             292.960000      28204.005304    291.226412      0.100083        96.845630      
968             292.958000      28233.330400    291.228200      0.100100        96.945730      
969             292.958000      28262.658133    291.229984      0.100109        97.045839      
970             293.071000      28291.995126    291.231881      0.100102        97.145941      
971             293.071000      28321.330068    291.233774      0.100095        97.246036      
972             293.059000      28350.663808    291.235651      0.100095        97.346131      
973             293.059000      28379.996670    291.237524      0.100092        97.446223      
974             293.053000      28409.328637    291.239386      0.100091        97.546314      
975             293.053000      28438.661191    291.241245      0.100093        97.646407      
976             293.078000      28467.998006    291.243126      0.100099        97.746506      
977             293.154000      28497.341549    291.245081      0.100096        97.846602      
978             293.163000      28526.683940    291.247041      0.100089        97.946691      
979             293.126000      28556.029077    291.248960      0.100111        98.046802      
980             293.176000      28585.383911    291.250926      0.100127        98.146929      
981             293.144000      28614.728505    291.252854      0.100103        98.247032      
982             293.136000      28644.082557    291.254772      0.100138        98.347170      
983             293.119000      28673.426700    291.256668      0.100110        98.447280      
984             293.133000      28702.769900    291.258573      0.100102        98.547382      
985             293.095000      28732.114864    291.260437      0.100121        98.647503      
986             293.055000      28761.468719    291.262258      0.100165        98.747668      
987             293.039000      28790.811007    291.264057      0.100131        98.847799      
988             293.061000      28820.152567    291.265876      0.100121        98.947920      
989             293.106000      28849.541426    291.267738      0.100267        99.048187      
990             293.084000      28879.044434    291.269582      0.100664        99.148851      
991             293.122000      28908.402654    291.271452      0.100157        99.249008      
992             293.088000      28937.741349    291.273282      0.100102        99.349110      
993             293.102000      28967.080859    291.275123      0.100100        99.449210      
994             293.090000      28996.420341    291.276948      0.100104        99.549314      
995             293.118000      29025.761453    291.278797      0.100100        99.649414      
996             290.758000      29054.866619    291.278275      0.100101        99.749515      
997             275.177000      29082.411011    291.262133      0.100097        99.849612      
998             263.138000      29108.751388    291.233967      0.100101        99.949713      
999             243.568000      29133.200744    291.186144      0.100380        100.050093     
1000            229.018000      29156.129797    291.123995      0.100119        100.150212     
1001            211.870000      29177.345823    291.044830      0.100137        100.250349     
1002            192.841000      29196.657114    290.946832      0.100141        100.350490     
1003            180.156000      29214.703521    290.836349      0.100171        100.450661     
1004            161.112000      29230.832765    290.707191      0.100112        100.550773     
1005            148.442000      29245.698044    290.565645      0.100142        100.650915     
1006            135.729000      29259.285060    290.411803      0.100104        100.751019     
1007            134.687000      29272.768845    290.257219      0.100112        100.851131     
1008            134.577000      29286.244982    290.102795      0.100137        100.951268     
