#timestep       power           acc-energy      avg-power       dt              acc-time       
1               78.392000       7.845785        78.392000       0.100084        0.100084       
2               75.443000       15.861076       76.873485       0.106243        0.206327       
3               75.443000       23.672444       76.395498       0.103540        0.309867       
4               75.171000       31.394009       76.090640       0.102720        0.412587       
5               75.171000       39.181649       75.906067       0.103599        0.516186       
6               75.171000       47.039650       75.782276       0.104535        0.620721       
7               75.171000       54.770912       75.695388       0.102849        0.723570       
8               75.443000       62.533167       75.663967       0.102889        0.826459       
9               75.714000       70.489118       75.669611       0.105079        0.931538       
10              75.443000       78.269706       75.647023       0.103132        1.034670       
11              76.048000       86.064474       75.683165       0.102498        1.137168       
12              75.443000       93.795797       75.663311       0.102479        1.239647       
13              176.455000      111.922843      83.376671       0.102729        1.342376       
14              177.746000      130.208818      90.094134       0.102877        1.445253       
15              178.350000      148.707101      96.003738       0.103719        1.548972       
16              178.893000      167.086926      101.159720      0.102742        1.651714       
17              174.800000      185.044130      105.471665      0.102730        1.754444       
18              173.653000      203.250258      109.316296      0.104842        1.859286       
19              176.877000      221.432329      112.855855      0.102795        1.962081       
20              177.149000      239.800909      116.083007      0.103690        2.065771       
21              177.149000      258.055582      118.984434      0.103047        2.168818       
22              174.203000      276.124962      121.504782      0.103726        2.272544       
23              173.932000      293.985865      123.771380      0.102689        2.375233       
24              175.676000      312.047115      125.924818      0.102810        2.478043       
25              176.183000      330.141109      127.924830      0.102700        2.580743       
26              176.001000      348.407021      129.783441      0.103783        2.684526       
27              176.001000      366.488132      131.486931      0.102733        2.787259       
28              174.383000      384.732779      133.038847      0.104624        2.891883       
29              174.203000      402.628827      134.450993      0.102731        2.994614       
30              176.001000      420.923779      135.844879      0.103948        3.098562       
31              175.676000      439.269799      137.143540      0.104431        3.202993       
32              175.857000      457.773297      138.374837      0.105219        3.308212       
33              176.001000      475.876232      139.509412      0.102857        3.411069       
34              174.383000      493.792516      140.529088      0.102741        3.513810       
35              174.709000      511.740721      141.500008      0.102732        3.616542       
36              176.183000      529.837357      142.457850      0.102715        3.719257       
37              175.676000      547.882796      143.350626      0.102720        3.821977       
38              176.455000      566.026252      144.217896      0.102822        3.924799       
39              176.183000      584.338361      145.042568      0.103938        4.028737       
40              174.383000      602.526333      145.782987      0.104299        4.133036       
41              175.306000      620.589162      146.501089      0.103036        4.236072       
42              176.001000      638.675201      147.199766      0.102761        4.338833       
43              176.001000      656.793096      147.867259      0.102942        4.441775       
44              176.001000      674.952175      148.505930      0.103176        4.544951       
45              176.001000      693.362408      149.124498      0.104603        4.649554       
46              174.203000      711.268386      149.666919      0.102788        4.752342       
47              175.676000      729.762325      150.230581      0.105273        4.857615       
48              176.001000      747.917180      150.766440      0.103152        4.960767       
49              176.001000      766.401334      151.289598      0.105023        5.065790       
50              176.001000      784.541229      151.782343      0.103067        5.168857       
51              176.001000      802.632019      152.254566      0.102788        5.271645       
52              174.529000      820.568888      152.680511      0.102773        5.374418       
53              176.001000      838.679743      153.118632      0.102902        5.477320       
54              176.001000      857.057944      153.546706      0.104421        5.581741       
55              178.350000      876.528413      154.022513      0.109170        5.690911       
56              178.025000      895.057611      154.453614      0.104082        5.794993       
57              176.552000      913.451152      154.843881      0.104182        5.899175       
58              178.350000      931.758244      155.245898      0.102647        6.001822       
59              178.350000      952.129024      155.677370      0.114218        6.116040       
60              178.025000      970.736019      156.052859      0.104519        6.220559       
61              178.350000      989.067189      156.415286      0.102782        6.323341       
62              177.474000      1007.323939     156.752391      0.102870        6.426211       
63              176.877000      1025.873207     157.075536      0.104871        6.531082       
64              178.025000      1044.498005     157.405827      0.104619        6.635701       
65              178.350000      1062.826856     157.725249      0.102769        6.738470       
66              178.350000      1081.150535     158.034987      0.102740        6.841210       
67              178.622000      1099.513591     158.339772      0.102804        6.944014       
68              177.149000      1117.744880     158.614466      0.102915        7.046929       
69              176.877000      1135.951714     158.877388      0.102935        7.149864       
70              178.350000      1154.764429     159.160491      0.105482        7.255346       
71              178.350000      1173.089178     159.428447      0.102746        7.358092       
72              178.622000      1191.475634     159.693248      0.102935        7.461027       
73              178.622000      1209.831366     159.950417      0.102763        7.563790       
74              177.149000      1228.108537     160.181858      0.103174        7.666964       
75              176.877000      1246.288132     160.402707      0.102781        7.769745       
76              178.350000      1264.622155     160.637059      0.102798        7.872543       
77              178.350000      1283.206225     160.868443      0.104200        7.976743       
78              178.806000      1301.730348     161.098422      0.103599        8.080342       
79              178.622000      1320.080186     161.318413      0.102730        8.183072       
80              176.877000      1338.250937     161.511315      0.102731        8.285803       
81              176.552000      1356.413371     161.695764      0.102873        8.388676       
82              178.534000      1375.158013     161.903905      0.104992        8.493668       
83              178.350000      1393.490788     162.100557      0.102791        8.596459       
84              178.806000      1411.862747     162.297868      0.102748        8.699207       
85              177.149000      1430.059138     162.471180      0.102718        8.801925       
86              177.746000      1448.994241     162.653839      0.106529        8.908454       
87              178.350000      1467.306149     162.832683      0.102674        9.011128       
88              178.806000      1485.671135     163.012695      0.102709        9.113837       
89              178.622000      1504.009898     163.186576      0.102668        9.216505       
90              178.622000      1522.558185     163.358548      0.103841        9.320346       
91              177.332000      1540.794476     163.511043      0.102837        9.423183       
92              178.350000      1559.113340     163.671044      0.102713        9.525896       
93              178.350000      1577.631242     163.829314      0.103829        9.629725       
94              178.350000      1596.224229     163.984829      0.104250        9.733975       
95              178.350000      1614.545768     164.134850      0.102728        9.836703       
96              178.806000      1632.999620     164.287180      0.103206        9.939909       
97              177.149000      1651.205223     164.418799      0.102770        10.042679      
98              178.622000      1669.558991     164.562648      0.102752        10.145431      
99              178.622000      1687.907043     164.703569      0.102720        10.248151      
100             178.622000      1706.694683     164.844968      0.105181        10.353332      
101             178.622000      1725.044164     164.980324      0.102728        10.456060      
102             178.622000      1743.400611     165.113096      0.102767        10.558827      
103             177.149000      1761.716223     165.229807      0.103391        10.662218      
104             178.622000      1780.069991     165.357636      0.102752        10.764970      
105             178.350000      1798.449672     165.480834      0.103054        10.868024      
106             178.622000      1817.063156     165.605639      0.104206        10.972230      
107             178.622000      1835.474261     165.726776      0.103073        11.075303      
108             178.025000      1853.852672     165.840352      0.103235        11.178538      
109             177.332000      1872.285802     165.946226      0.103947        11.282485      
110             178.806000      1890.680648     166.062424      0.102876        11.385361      
111             178.622000      1909.110866     166.175223      0.103180        11.488541      
112             178.622000      1927.704701     166.286989      0.104096        11.592637      
113             178.622000      1946.065614     166.395402      0.102792        11.695429      
114             177.474000      1964.302842     166.491895      0.102760        11.798189      
115             177.149000      1982.911991     166.585946      0.105048        11.903237      
116             178.622000      2001.517437     166.690355      0.104161        12.007398      
117             178.622000      2019.866739     166.791568      0.102727        12.110125      
118             178.893000      2038.236545     166.893318      0.102686        12.212811      
119             178.622000      2056.602817     166.991239      0.102822        12.315633      
120             177.149000      2074.829677     167.075398      0.102890        12.418523      
121             177.149000      2093.034394     167.158075      0.102765        12.521288      
122             178.806000      2111.404029     167.252866      0.102735        12.624023      
123             178.622000      2129.888548     167.345306      0.103484        12.727507      
124             178.622000      2148.228026     167.435546      0.102672        12.830179      
125             177.149000      2166.428314     167.512710      0.102740        12.932919      
126             177.149000      2184.628779     167.588659      0.102741        13.035660      
127             178.622000      2203.279060     167.676331      0.104412        13.140072      
128             178.806000      2221.637072     167.762618      0.102670        13.242742      
129             178.622000      2239.974228     167.846154      0.102659        13.345401      
130             178.806000      2258.359418     167.929950      0.102822        13.448223      
131             177.149000      2276.836059     168.000900      0.104300        13.552523      
132             177.657000      2295.088006     168.073549      0.102737        13.655260      
133             178.893000      2313.467115     168.154343      0.102738        13.757998      
134             178.622000      2331.816953     168.231925      0.102730        13.860728      
135             178.622000      2350.529751     168.309866      0.104762        13.965490      
136             178.893000      2368.909218     168.387154      0.102740        14.068230      
137             177.149000      2387.110746     168.450682      0.102747        14.170977      
138             178.350000      2406.107875     168.524535      0.106516        14.277493      
139             178.806000      2424.740890     168.599034      0.104208        14.381701      
140             178.893000      2443.401219     168.673158      0.104310        14.486011      
141             178.622000      2461.761596     168.743255      0.102789        14.588800      
142             178.622000      2480.173773     168.812565      0.103079        14.691879      
143             177.474000      2498.409404     168.872720      0.102751        14.794630      
144             178.622000      2517.652531     168.943198      0.107731        14.902361      
145             178.806000      2536.126588     169.011107      0.103319        15.005680      
146             178.893000      2554.592102     169.078618      0.103221        15.108901      
147             178.622000      2573.426363     169.144758      0.105442        15.214343      
148             178.622000      2591.789419     169.208366      0.102804        15.317147      
149             177.149000      2610.022657     169.261368      0.102926        15.420073      
150             178.622000      2628.699016     169.324412      0.104558        15.524631      
151             178.622000      2647.259271     169.386228      0.103908        15.628539      
152             178.622000      2665.612146     169.446550      0.102747        15.731286      
153             178.893000      2683.990718     169.507841      0.102735        15.834021      
154             178.622000      2702.662612     169.567616      0.104533        15.938554      
155             177.474000      2721.026911     169.618615      0.103476        16.042030      
156             178.893000      2739.416575     169.677667      0.102797        16.144827      
157             178.893000      2757.986742     169.736540      0.103806        16.248633      
158             178.893000      2776.591614     169.794773      0.104000        16.352633      
159             177.746000      2794.914738     169.844583      0.103086        16.455719      
160             177.149000      2813.106523     169.889884      0.102692        16.558411      
161             178.622000      2831.675888     169.944365      0.103959        16.662370      
162             178.622000      2850.022332     169.997528      0.102711        16.765081      
163             178.893000      2868.613071     170.052329      0.103921        16.869002      
164             178.893000      2887.338517     170.106848      0.104674        16.973676      
165             177.474000      2905.570776     170.151169      0.102732        17.076408      
166             177.474000      2923.927267     170.195256      0.103432        17.179840      
167             178.893000      2942.597971     170.247776      0.104368        17.284208      
168             178.893000      2961.056330     170.299079      0.103181        17.387389      
169             178.893000      2979.689467     170.350254      0.104158        17.491547      
170             178.893000      2998.502392     170.401308      0.105163        17.596710      
171             177.149000      3017.024383     170.441164      0.104556        17.701266      
172             177.746000      3036.033962     170.485034      0.106948        17.808214      
173             178.893000      3054.739372     170.534113      0.104562        17.912776      
174             178.893000      3073.246031     170.582111      0.103451        18.016227      
175             178.893000      3091.838739     170.629780      0.103932        18.120159      
176             178.893000      3110.796209     170.677824      0.105971        18.226130      
177             177.657000      3129.294389     170.717468      0.104123        18.330253      
178             177.474000      3147.883015     170.755856      0.104740        18.434993      
179             178.893000      3166.399156     170.801288      0.103504        18.538497      
180             178.893000      3185.144817     170.846768      0.104787        18.643284      
181             178.893000      3203.531082     170.890883      0.102778        18.746062      
182             179.218000      3221.941968     170.936267      0.102729        18.848791      
183             177.746000      3240.213012     170.973203      0.102793        18.951584      
184             178.025000      3258.499562     171.011218      0.102719        19.054303      
185             178.893000      3276.885469     171.053503      0.102776        19.157079      
186             178.893000      3295.589806     171.096057      0.104556        19.261635      
187             179.218000      3314.454651     171.140201      0.105262        19.366897      
188             177.474000      3332.703593     171.173652      0.102826        19.469723      
189             178.622000      3351.050930     171.212741      0.102716        19.572439      
190             178.893000      3369.417874     171.252819      0.102670        19.675109      
191             179.218000      3388.371432     171.295404      0.105757        19.780866      
192             178.893000      3406.738734     171.334635      0.102672        19.883538      
193             179.218000      3425.142989     171.375141      0.102692        19.986230      
194             177.474000      3443.713691     171.406906      0.104639        20.090869      
195             178.893000      3462.100314     171.445008      0.102780        20.193649      
196             178.893000      3480.474950     171.482700      0.102713        20.296362      
197             179.218000      3498.911644     171.521709      0.102873        20.399235      
198             179.218000      3517.329340     171.560287      0.102767        20.502002      
199             179.218000      3535.885392     171.598765      0.103539        20.605541      
200             177.474000      3554.116587     171.627910      0.102726        20.708267      
201             178.893000      3572.489613     171.663764      0.102704        20.810971      
202             178.893000      3591.177670     171.699871      0.104465        20.915436      
203             179.218000      3609.815446     171.737068      0.103995        21.019431      
204             179.218000      3628.231888     171.773463      0.102760        21.122191      
205             178.350000      3646.567695     171.805318      0.102808        21.224999      
206             177.474000      3664.807230     171.832634      0.102773        21.327772      
207             178.893000      3683.214962     171.866533      0.102898        21.430670      
208             178.893000      3701.665628     171.900187      0.103138        21.533808      
209             178.893000      3720.045990     171.933394      0.102745        21.636553      
210             178.893000      3738.569644     171.966542      0.103546        21.740099      
211             177.746000      3756.832335     171.993728      0.102746        21.842845      
212             177.474000      3775.316429     172.019735      0.104151        21.946996      
213             179.218000      3794.011555     172.053787      0.104315        22.051311      
214             178.893000      3812.398178     172.085516      0.102780        22.154091      
215             178.893000      3830.779612     172.116943      0.102751        22.256842      
216             179.218000      3849.199997     172.149585      0.102782        22.359624      
217             177.474000      3867.873811     172.174523      0.105220        22.464844      
218             177.474000      3886.441141     172.199089      0.104620        22.569464      
219             178.893000      3904.818461     172.229419      0.102728        22.672192      
220             179.078000      3923.556287     172.260881      0.104635        22.776827      
221             179.218000      3942.027570     172.292221      0.103066        22.879893      
222             179.218000      3960.465697     172.323223      0.102881        22.982774      
223             177.474000      3978.754925     172.346216      0.103053        23.085827      
224             178.893000      3997.599871     172.375954      0.105342        23.191169      
225             178.893000      4016.944287     172.406200      0.108134        23.299303      
226             179.218000      4035.498010     172.436333      0.103526        23.402829      
227             179.218000      4053.918753     172.465987      0.102784        23.505613      
228             177.474000      4072.158820     172.487789      0.102776        23.608389      
229             177.929000      4090.598314     172.511570      0.103634        23.712023      
230             179.218000      4109.012068     172.540504      0.102745        23.814768      
231             179.218000      4127.432632     172.569200      0.102783        23.917551      
232             179.218000      4145.948002     172.597796      0.103312        24.020863      
233             179.218000      4164.359246     172.625988      0.102731        24.123594      
234             177.746000      4182.637578     172.647721      0.102834        24.226428      
235             178.622000      4201.222125     172.673269      0.104044        24.330472      
236             179.218000      4219.669034     172.700839      0.102930        24.433402      
237             179.218000      4238.194261     172.728294      0.103367        24.536769      
238             179.218000      4256.606581     172.755354      0.102737        24.639506      
239             179.218000      4275.110481     172.782322      0.103248        24.742754      
240             177.474000      4293.537961     172.801928      0.103832        24.846586      
241             178.893000      4312.118146     172.827283      0.103862        24.950448      
242             179.218000      4330.536380     172.853498      0.102770        25.053218      
243             179.218000      4348.959811     172.879507      0.102799        25.156017      
244             179.218000      4367.358152     172.905268      0.102659        25.258676      
245             179.218000      4386.560106     172.931933      0.107143        25.365819      
246             177.746000      4404.853724     172.951387      0.102920        25.468739      
247             179.218000      4423.275901     172.976577      0.102792        25.571531      
248             179.218000      4441.695031     173.001562      0.102775        25.674306      
249             179.218000      4460.111831     173.026344      0.102762        25.777068      
250             179.218000      4478.531140     173.050933      0.102776        25.879844      
251             179.218000      4497.350643     173.075855      0.105009        25.984853      
252             177.929000      4515.631247     173.094968      0.102741        26.087594      
253             179.218000      4534.331570     173.119361      0.104344        26.191938      
254             178.893000      4552.703702     173.141911      0.102699        26.294637      
255             179.218000      4571.142187     173.165592      0.102883        26.397520      
256             179.498000      4589.581837     173.190140      0.102729        26.500249      
257             177.746000      4608.050002     173.207933      0.103902        26.604151      
258             179.218000      4626.847820     173.231535      0.104888        26.709039      
259             179.218000      4645.256913     173.254470      0.102719        26.811758      
260             179.218000      4663.883757     173.277498      0.103934        26.915692      
261             179.218000      4682.295539     173.300086      0.102734        27.018426      
262             178.025000      4700.620721     173.318018      0.102936        27.121362      
263             177.746000      4718.898697     173.334744      0.102832        27.224194      
264             179.218000      4737.311017     173.356862      0.102737        27.326931      
265             179.403000      4755.771765     173.379544      0.102901        27.429832      
266             179.218000      4774.422803     173.401611      0.104069        27.533901      
267             179.218000      4792.841395     173.423241      0.102772        27.636673      
268             177.746000      4811.103908     173.439252      0.102745        27.739418      
269             177.746000      4829.363755     173.455143      0.102730        27.842148      
270             179.218000      4848.167307     173.476778      0.104920        27.947068      
271             179.498000      4867.071678     173.499384      0.105318        28.052386      
272             179.218000      4885.898887     173.520719      0.105052        28.157438      
273             179.403000      4904.333980     173.542108      0.102758        28.260196      
274             177.746000      4922.639863     173.557372      0.102989        28.363185      
275             177.929000      4940.946800     173.573173      0.102889        28.466074      
276             179.218000      4959.519878     173.593650      0.103634        28.569708      
277             179.403000      4977.950845     173.614465      0.102735        28.672443      
278             179.218000      4996.636293     173.634767      0.104261        28.776704      
279             179.218000      5015.405794     173.655013      0.104730        28.881434      
280             177.746000      5033.738695     173.669571      0.103141        28.984575      
281             178.350000      5052.068081     173.686108      0.102772        29.087347      
282             179.218000      5070.495634     173.705594      0.102822        29.190169      
283             179.498000      5089.982834     173.727057      0.108565        29.298734      
284             179.498000      5108.455153     173.747256      0.102911        29.401645      
285             179.498000      5127.020093     173.767415      0.103427        29.505072      
286             178.025000      5145.307889     173.782187      0.102726        29.607798      
287             178.893000      5163.686282     173.799859      0.102734        29.710532      
288             179.403000      5182.116173     173.819166      0.102729        29.813261      
289             179.218000      5200.537812     173.837716      0.102789        29.916050      
290             179.683000      5218.995928     173.857719      0.102726        30.018776      
291             177.929000      5237.439514     173.871729      0.103657        30.122433      
292             179.218000      5255.942160     173.889990      0.103241        30.225674      
293             179.403000      5274.585720     173.908880      0.103920        30.329594      
294             179.218000      5293.024026     173.926828      0.102882        30.432476      
295             179.218000      5311.575777     173.944765      0.103515        30.535991      
296             179.403000      5330.003874     173.963064      0.102719        30.638710      
297             177.746000      5348.471150     173.975849      0.103897        30.742607      
298             179.218000      5367.088674     173.993503      0.103882        30.846489      
299             179.403000      5385.734208     174.011668      0.103931        30.950420      
300             179.218000      5404.889744     174.029586      0.106884        31.057304      
301             179.683000      5423.356126     174.048232      0.102772        31.160076      
302             178.893000      5441.785861     174.064197      0.103021        31.263097      
303             177.929000      5460.062906     174.076854      0.102721        31.365818      
304             179.218000      5478.500854     174.093661      0.102880        31.468698      
305             179.218000      5496.917833     174.110341      0.102763        31.571461      
306             179.683000      5515.381340     174.128419      0.102756        31.674217      
307             179.403000      5533.890527     174.145544      0.103171        31.777388      
308             178.208000      5552.198904     174.158636      0.102736        31.880124      
309             177.746000      5570.498032     174.170183      0.102951        31.983075      
310             179.683000      5589.341388     174.188200      0.104870        32.087945      
311             179.218000      5608.160712     174.204607      0.105008        32.192953      
312             179.403000      5626.584503     174.221137      0.102695        32.295648      
313             179.683000      5645.084305     174.238494      0.102958        32.398606      
314             178.025000      5663.413581     174.250489      0.102959        32.501565      
315             177.746000      5681.920850     174.261651      0.104122        32.605687      
316             179.498000      5700.371091     174.278107      0.102788        32.708475      
317             179.683000      5718.835136     174.295034      0.102759        32.811234      
318             179.683000      5737.594940     174.312124      0.104405        32.915639      
319             179.683000      5756.128702     174.328902      0.103147        33.018786      
320             178.208000      5774.537945     174.341000      0.103302        33.122088      
321             177.929000      5793.169069     174.352307      0.104711        33.226799      
322             179.403000      5811.606674     174.367881      0.102772        33.329571      
323             179.498000      5830.082044     174.383675      0.102928        33.432499      
324             179.498000      5848.536233     174.399354      0.102810        33.535309      
325             179.683000      5867.270163     174.415730      0.104261        33.639570      
326             177.657000      5885.530815     174.425604      0.102786        33.742356      
327             179.683000      5903.993423     174.441565      0.102751        33.845107      
328             179.683000      5922.455132     174.457428      0.102746        33.947853      
329             179.683000      5940.935529     174.473212      0.102850        34.050703      
330             179.498000      5959.452543     174.488389      0.103160        34.153863      
331             177.929000      5977.740263     174.498712      0.102781        34.256644      
332             178.622000      5996.447167     174.511279      0.104729        34.361373      
333             179.218000      6014.937984     174.525370      0.103175        34.464548      
334             179.403000      6033.585490     174.540036      0.103942        34.568490      
335             179.498000      6052.197818     174.554863      0.103691        34.672181      
336             179.683000      6071.009550     174.570301      0.104694        34.776875      
337             178.208000      6089.317214     174.581016      0.102732        34.879607      
338             178.893000      6107.697933     174.593680      0.102747        34.982354      
339             179.498000      6126.966684     174.608684      0.107348        35.089702      
340             179.683000      6145.435042     174.623504      0.102783        35.192485      
341             179.683000      6163.880580     174.638219      0.102656        35.295141      
342             179.498000      6182.707587     174.652619      0.104887        35.400028      
343             177.929000      6200.987300     174.662100      0.102736        35.502764      
344             179.403000      6219.415577     174.675777      0.102720        35.605484      
345             179.218000      6237.828076     174.688845      0.102738        35.708222      
346             179.683000      6256.315300     174.703194      0.102888        35.811110      
347             179.498000      6274.783490     174.716930      0.102888        35.913998      
348             179.683000      6293.242325     174.731095      0.102730        36.016728      
349             178.208000      6311.563889     174.740992      0.102810        36.119538      
350             179.403000      6330.308812     174.754439      0.104485        36.224023      
351             179.498000      6348.756001     174.767859      0.102771        36.326794      
352             179.498000      6367.232627     174.781224      0.102935        36.429729      
353             179.683000      6385.706555     174.795019      0.102814        36.532543      
354             178.806000      6404.452755     174.806497      0.104841        36.637384      
355             177.746000      6422.924653     174.814811      0.103923        36.741307      
356             179.498000      6441.884847     174.828237      0.105629        36.846936      
357             179.498000      6460.524278     174.841360      0.103842        36.950778      
358             179.683000      6478.986707     174.854786      0.102750        37.053528      
359             179.498000      6497.450230     174.867640      0.102862        37.156390      
360             178.208000      6515.769121     174.876856      0.102795        37.259185      
361             179.683000      6534.637992     174.890363      0.105012        37.364197      
362             179.498000      6553.097028     174.903010      0.102837        37.467034      
363             179.683000      6571.745608     174.916214      0.103786        37.570820      
364             179.683000      6590.208396     174.929216      0.102752        37.673572      
365             178.208000      6608.519089     174.938134      0.102749        37.776321      
366             178.025000      6626.810446     174.946507      0.102746        37.879067      
367             179.218000      6645.232264     174.958067      0.102790        37.981857      
368             179.683000      6663.830892     174.970908      0.103508        38.085365      
369             179.498000      6682.300518     174.983106      0.102896        38.188261      
370             179.498000      6700.734963     174.995215      0.102700        38.290961      
371             178.025000      6719.403911     175.003490      0.104867        38.395828      
372             177.746000      6737.664824     175.010809      0.102736        38.498564      
373             179.218000      6756.077681     175.022007      0.102740        38.601304      
374             179.498000      6774.520562     175.033889      0.102747        38.704051      
375             179.683000      6792.977420     175.046195      0.102719        38.806770      
376             179.683000      6811.603180     175.058547      0.103659        38.910429      
377             178.025000      6829.890086     175.066358      0.102721        39.013150      
378             178.208000      6848.897217     175.074923      0.106657        39.119807      
379             179.498000      6867.552803     175.086643      0.103932        39.223739      
380             179.683000      6886.010560     175.098649      0.102724        39.326463      
381             179.498000      6904.573884     175.110188      0.103418        39.429881      
382             179.498000      6923.018739     175.121594      0.102758        39.532639      
383             178.208000      6941.336918     175.129598      0.102791        39.635430      
384             179.078000      6959.736645     175.139807      0.102747        39.738177      
385             179.498000      6978.183296     175.151049      0.102768        39.840945      
386             179.683000      6997.044440     175.162958      0.104969        39.945914      
387             179.683000      7015.835688     175.174760      0.104580        40.050494      
388             179.498000      7034.282339     175.185825      0.102768        40.153262      
389             178.025000      7052.582063     175.193075      0.102793        40.256055      
390             179.403000      7071.387265     175.204009      0.104821        40.360876      
391             179.683000      7090.021470     175.215488      0.103706        40.464582      
392             179.683000      7108.692869     175.226931      0.103913        40.568495      
393             179.498000      7127.344507     175.237843      0.103910        40.672405      
394             179.683000      7146.101435     175.249222      0.104389        40.776794      
395             178.025000      7164.393860     175.256199      0.102752        40.879546      
396             179.498000      7182.843024     175.266838      0.102782        40.982328      
397             179.498000      7201.526791     175.277557      0.104089        41.086417      
398             179.498000      7220.539757     175.288409      0.105923        41.192340      
399             179.683000      7239.002904     175.299344      0.102754        41.295094      
400             178.025000      7257.454662     175.306168      0.103647        41.398741      
401             179.683000      7275.915113     175.317003      0.102739        41.501480      
402             179.683000      7294.515179     175.327866      0.103516        41.604996      
403             179.683000      7312.976709     175.338595      0.102745        41.707741      
404             179.683000      7331.437520     175.349271      0.102741        41.810482      
405             178.534000      7349.808847     175.357089      0.102901        41.913383      
406             178.208000      7368.213278     175.364097      0.103275        42.016658      
407             179.498000      7386.655262     175.374181      0.102742        42.119400      
408             179.498000      7405.108912     175.384222      0.102807        42.222207      
409             179.683000      7423.770250     175.394770      0.103857        42.326064      
410             179.683000      7442.263763     175.405172      0.102923        42.428987      
411             178.350000      7460.593684     175.412288      0.102775        42.531762      
412             178.025000      7479.171839     175.418683      0.104357        42.636119      
413             179.683000      7498.011602     175.429144      0.104850        42.740969      
414             179.683000      7516.477983     175.439348      0.102772        42.843741      
415             179.683000      7534.952989     175.449508      0.102820        42.946561      
416             179.683000      7553.598335     175.459712      0.103768        43.050329      
417             178.025000      7572.055433     175.465875      0.103677        43.154006      
418             178.025000      7590.415863     175.471977      0.103134        43.257140      
419             179.498000      7608.925517     175.481551      0.103119        43.360259      
420             180.009000      7627.603611     175.492360      0.103762        43.464021      
421             179.823000      7646.269778     175.502678      0.103803        43.567824      
422             179.683000      7665.040902     175.512678      0.104468        43.672292      
423             178.208000      7683.356407     175.519006      0.102776        43.775068      
424             177.929000      7701.645195     175.524651      0.102787        43.877855      
425             179.683000      7720.116069     175.534371      0.102797        43.980652      
426             179.683000      7738.582809     175.544043      0.102774        44.083426      
427             180.009000      7757.089535     175.554431      0.102810        44.186236      
428             179.823000      7775.577497     175.564340      0.102812        44.289048      
429             178.025000      7793.902322     175.570046      0.102934        44.391982      
430             179.078000      7812.504945     175.578236      0.103880        44.495862      
431             179.498000      7830.943877     175.587264      0.102725        44.598587      
432             179.683000      7849.409000     175.596680      0.102765        44.701352      
433             179.683000      7867.873046     175.606052      0.102759        44.804111      
434             178.208000      7886.821368     175.612212      0.106327        44.910438      
435             179.403000      7905.243544     175.620860      0.102686        45.013124      
436             179.683000      7923.762393     175.630140      0.103064        45.116188      
437             179.498000      7942.214967     175.638933      0.102801        45.218989      
438             179.683000      7960.976208     175.648249      0.104413        45.323402      
439             179.683000      7979.463971     175.657388      0.102891        45.426293      
440             178.208000      7997.779299     175.663146      0.102775        45.529068      
441             179.683000      8016.242266     175.672197      0.102753        45.631821      
442             179.498000      8034.685506     175.680793      0.102749        45.734570      
443             179.683000      8053.154762     175.689767      0.102788        45.837358      
444             179.683000      8071.839997     175.698806      0.103990        45.941348      
445             179.498000      8090.336548     175.707309      0.103046        46.044394      
446             178.025000      8108.724929     175.712496      0.103291        46.147685      
447             179.683000      8127.404414     175.721421      0.103958        46.251643      
448             179.683000      8145.865405     175.730201      0.102742        46.354385      
449             179.498000      8164.333415     175.738546      0.102887        46.457272      
450             179.498000      8182.779707     175.746843      0.102766        46.560038      
451             179.218000      8201.205109     175.754491      0.102810        46.662848      
452             178.534000      8219.588398     175.760611      0.102968        46.765816      
453             180.009000      8238.410859     175.770089      0.104564        46.870380      
454             179.683000      8257.279192     175.778836      0.105009        46.975389      
455             180.009000      8275.857020     175.788109      0.103205        47.078594      
456             179.823000      8294.458451     175.796955      0.103443        47.182037      
457             178.534000      8313.564088     175.803149      0.107014        47.289051      
458             178.208000      8332.136570     175.808437      0.104218        47.393269      
459             179.498000      8350.579092     175.816419      0.102745        47.496014      
460             179.498000      8369.173290     175.824431      0.103590        47.599604      
461             179.683000      8387.836603     175.832833      0.103868        47.703472      
462             179.823000      8406.546467     175.841517      0.104046        47.807518      
463             178.534000      8425.283075     175.847414      0.104947        47.912465      
464             178.025000      8443.763672     175.852122      0.103809        48.016274      
465             179.498000      8462.308688     175.859950      0.103316        48.119590      
466             179.823000      8480.804562     175.868403      0.102856        48.222446      
467             180.009000      8499.424333     175.877266      0.103438        48.325884      
468             178.025000      8517.940713     175.881878      0.104010        48.429894      
469             178.208000      8536.265129     175.886806      0.102826        48.532720      
470             179.498000      8555.135574     175.894612      0.105129        48.637849      
471             179.683000      8574.048648     175.902793      0.105258        48.743107      
472             179.683000      8592.760116     175.910852      0.104136        48.847243      
473             179.823000      8611.380428     175.919127      0.103548        48.950791      
474             178.025000      8629.671429     175.923538      0.102744        49.053535      
475             178.350000      8648.054142     175.928626      0.103071        49.156606      
476             179.498000      8666.882764     175.936226      0.104896        49.261502      
477             179.498000      8685.317747     175.943637      0.102703        49.364205      
478             179.498000      8703.787194     175.951030      0.102895        49.467100      
479             179.498000      8722.384623     175.958443      0.103608        49.570708      
480             178.208000      8740.689970     175.963095      0.102719        49.673427      
481             179.218000      8759.101215     175.969813      0.102731        49.776158      
482             179.498000      8777.650358     175.977123      0.103339        49.879497      
483             179.823000      8796.584462     175.985224      0.105293        49.984790      
484             179.823000      8815.277962     175.993189      0.103955        50.088745      
485             180.009000      8833.777846     176.001412      0.102772        50.191517      
486             178.025000      8852.082021     176.005549      0.102818        50.294335      
487             179.683000      8870.564394     176.013054      0.102861        50.397196      
488             179.498000      8889.011044     176.020146      0.102768        50.499964      
489             179.498000      8907.446925     176.027205      0.102708        50.602672      
490             180.009000      8926.018994     176.035307      0.103173        50.705845      
491             179.823000      8944.687498     176.043046      0.103816        50.809661      
492             178.208000      8963.346410     176.047498      0.104703        50.914364      
493             179.683000      8981.855197     176.054839      0.103008        51.017372      
494             179.683000      9000.321578     176.062133      0.102772        51.120144      
495             179.498000      9018.767511     176.069026      0.102764        51.222908      
496             179.823000      9037.253135     176.076545      0.102799        51.325707      
497             179.683000      9055.836670     176.083797      0.103424        51.429131      
498             178.208000      9074.525165     176.088120      0.104869        51.534000      
499             179.498000      9092.970020     176.094905      0.102758        51.636758      
500             179.823000      9111.445754     176.102309      0.102744        51.739502      
501             179.823000      9129.925804     176.109684      0.102768        51.842270      
502             179.078000      9148.589314     176.115640      0.104220        51.946490      
503             178.534000      9167.177559     176.120477      0.104116        52.050606      
504             179.683000      9185.630105     176.127492      0.102695        52.153301      
505             180.009000      9204.523670     176.135288      0.104959        52.258260      
506             179.498000      9222.961884     176.141885      0.102721        52.360981      
507             180.009000      9241.695240     176.149556      0.104069        52.465050      
508             178.534000      9260.408817     176.154310      0.104818        52.569868      
509             178.025000      9278.698216     176.157959      0.102735        52.672603      
510             179.498000      9297.139840     176.164461      0.102740        52.775343      
511             179.498000      9315.578413     176.170937      0.102723        52.878066      
512             179.823000      9334.371176     176.178140      0.104507        52.982573      
513             179.498000      9353.128896     176.184675      0.104501        53.087074      
514             178.350000      9371.515533     176.188872      0.103093        53.190167      
515             178.025000      9390.907084     176.192625      0.108926        53.299093      
516             180.009000      9409.432350     176.199979      0.102913        53.402006      
517             179.683000      9428.114710     176.206748      0.103974        53.505980      
518             179.823000      9446.593322     176.213679      0.102760        53.608740      
519             179.823000      9465.073911     176.220585      0.102771        53.711511      
520             178.208000      9483.388169     176.224381      0.102769        53.814280      
521             178.208000      9501.718822     176.228165      0.102861        53.917141      
522             179.823000      9520.203907     176.235006      0.102796        54.019937      
523             180.009000      9538.712253     176.242175      0.102819        54.122756      
524             179.498000      9557.162852     176.248347      0.102790        54.225546      
525             179.823000      9576.038872     176.255254      0.104970        54.330516      
526             178.350000      9594.393763     176.259214      0.102915        54.433431      
527             179.078000      9612.828052     176.264535      0.102940        54.536371      
528             180.009000      9631.323257     176.271576      0.102746        54.639117      
529             180.009000      9649.836102     176.278597      0.102844        54.741961      
530             179.823000      9668.317771     176.285239      0.102777        54.844738      
531             179.823000      9686.812027     176.291861      0.102847        54.947585      
532             178.025000      9705.157503     176.295105      0.103050        55.050635      
533             179.498000      9723.961893     176.301189      0.104761        55.155396      
534             180.009000      9742.474559     176.308090      0.102843        55.258239      
535             180.009000      9760.983264     176.314963      0.102821        55.361060      
536             179.823000      9779.582357     176.321505      0.103430        55.464490      
537             178.208000      9797.886635     176.324992      0.102713        55.567203      
538             179.683000      9816.555340     176.331259      0.103898        55.671101      
539             179.498000      9835.014375     176.337098      0.102837        55.773938      
540             180.009000      9853.502560     176.343847      0.102707        55.876645      
541             180.009000      9872.119811     176.350619      0.103424        55.980069      
542             179.823000      9890.802162     176.357051      0.103893        56.083962      
543             178.350000      9909.131013     176.360696      0.102769        56.186731      
544             179.498000      9927.837038     176.366505      0.104213        56.290944      
545             179.823000      9946.338667     176.372811      0.102888        56.393832      
546             180.009000      9964.829551     176.379422      0.102722        56.496554      
547             179.823000      9983.305645     176.385673      0.102746        56.599300      
548             178.893000      10001.684575    176.390216      0.102737        56.702037      
549             178.025000      10020.008866    176.393179      0.102931        56.804968      
550             179.498000      10038.947521    176.398935      0.105509        56.910477      
551             180.009000      10057.447226    176.405442      0.102771        57.013248      
552             179.823000      10075.925118    176.411591      0.102756        57.116004      
553             179.823000      10094.408765    176.417719      0.102788        57.218792      
554             178.806000      10112.947371    176.422039      0.103680        57.322472      
555             178.534000      10131.321197    176.425824      0.102915        57.425387      
556             179.498000      10150.164179    176.431429      0.104976        57.530363      
557             180.009000      10168.664424    176.437809      0.102774        57.633137      
558             180.009000      10187.163589    176.444166      0.102768        57.735905      
559             180.009000      10205.663114    176.450500      0.102770        57.838675      
560             178.350000      10224.000526    176.453871      0.102817        57.941492      
561             178.350000      10242.366117    176.457234      0.102975        58.044467      
562             180.009000      10260.939626    176.463537      0.103181        58.147648      
563             180.009000      10280.279973    176.470076      0.107441        58.255089      
564             179.823000      10299.069498    176.476079      0.104489        58.359578      
565             179.823000      10317.774147    176.482034      0.104017        58.463595      
566             178.350000      10336.100858    176.485311      0.102757        58.566352      
567             178.350000      10354.788015    176.488641      0.104778        58.671130      
568             179.823000      10373.263929    176.494470      0.102745        58.773875      
569             179.823000      10391.847557    176.500313      0.103344        58.877219      
570             180.009000      10410.345102    176.506426      0.102759        58.979978      
571             178.350000      10428.672169    176.509632      0.102759        59.082737      
572             178.350000      10447.287094    176.512877      0.104373        59.187110      
573             180.009000      10465.777978    176.518935      0.102722        59.289832      
574             179.683000      10484.248133    176.524411      0.102793        59.392625      
575             179.498000      10502.677193    176.529542      0.102670        59.495295      
576             180.009000      10521.815210    176.535749      0.106317        59.601612      
577             178.534000      10540.283659    176.539211      0.103445        59.705057      
578             179.218000      10558.698488    176.543813      0.102751        59.807808      
579             179.498000      10577.170268    176.548888      0.102908        59.910716      
580             179.823000      10595.684305    176.554505      0.102957        60.013673      
581             179.823000      10614.163276    176.560092      0.102762        60.116435      
582             179.823000      10632.642247    176.565660      0.102762        60.219197      
583             178.350000      10651.724627    176.568824      0.106994        60.326191      
584             179.683000      10670.183821    176.574119      0.102732        60.428923      
585             179.823000      10688.936842    176.579716      0.104286        60.533209      
586             179.823000      10707.717736    176.585302      0.104441        60.637650      
587             179.823000      10726.608322    176.590901      0.105051        60.742701      
588             179.823000      10745.089451    176.596361      0.102774        60.845475      
589             178.350000      10763.962448    176.599405      0.105820        60.951295      
590             179.498000      10782.405509    176.604283      0.102748        61.054043      
591             180.009000      10801.313114    176.610131      0.105037        61.159080      
592             180.009000      10820.141695    176.615934      0.104598        61.263678      
593             180.009000      10838.668042    176.621624      0.102919        61.366597      
594             180.009000      10857.165046    176.627287      0.102756        61.469353      
595             178.350000      10875.852203    176.630218      0.104778        61.574131      
596             179.683000      10894.509048    176.635358      0.103832        61.677963      
597             179.823000      10913.023804    176.640670      0.102961        61.780924      
598             179.823000      10931.503314    176.645955      0.102765        61.883689      
599             179.823000      10949.982825    176.651222      0.102765        61.986454      
600             178.622000      10968.335700    176.654483      0.102747        62.089201      
601             178.350000      10986.666513    176.657285      0.102780        62.191981      
602             180.009000      11005.180258    176.662819      0.102849        62.294830      
603             179.823000      11023.912240    176.668094      0.104169        62.398999      
604             179.823000      11042.386356    176.673280      0.102735        62.501734      
605             178.350000      11061.430926    176.676140      0.106782        62.608516      
606             178.025000      11079.713559    176.678349      0.102697        62.711213      
607             179.498000      11098.148184    176.682959      0.102701        62.813914      
608             179.823000      11116.675167    176.688101      0.103029        62.916943      
609             179.823000      11135.202871    176.693226      0.103033        63.019976      
610             179.823000      11153.871015    176.698373      0.103814        63.123790      
611             178.534000      11172.300366    176.701370      0.103226        63.227016      
612             178.534000      11190.707936    176.704354      0.103104        63.330120      
613             180.009000      11209.207281    176.709708      0.102769        63.432889      
614             179.823000      11227.693445    176.714745      0.102802        63.535691      
615             179.823000      11246.445387    176.719838      0.104280        63.639971      
616             179.823000      11264.928494    176.724842      0.102785        63.742756      
617             178.534000      11283.598866    176.727805      0.104576        63.847332      
618             177.746000      11301.871688    176.729442      0.102803        63.950135      
619             180.009000      11320.374093    176.734705      0.102786        64.052921      
620             180.009000      11338.875958    176.739951      0.102783        64.155704      
621             179.823000      11357.370214    176.744885      0.102847        64.258551      
622             179.823000      11375.854760    176.749801      0.102793        64.361344      
623             178.208000      11394.772252    176.752202      0.106154        64.467498      
624             178.893000      11413.339377    176.755643      0.103789        64.571287      
625             180.009000      11431.832242    176.760811      0.102733        64.674020      
626             179.823000      11450.572316    176.765738      0.104214        64.778234      
627             180.009000      11469.065181    176.770873      0.102733        64.880967      
628             179.823000      11487.542713    176.775699      0.102754        64.983721      
629             178.350000      11506.222022    176.778232      0.104734        65.088455      
630             179.683000      11524.692536    176.782813      0.102795        65.191250      
631             180.009000      11544.108307    176.788142      0.107860        65.299110      
632             180.009000      11562.741218    176.793239      0.103511        65.402621      
633             179.823000      11581.222707    176.797993      0.102776        65.505397      
634             180.009000      11599.733752    176.803026      0.102834        65.608231      
635             178.350000      11618.064565    176.805445      0.102780        65.711011      
636             180.009000      11636.580651    176.810452      0.102862        65.813873      
637             179.823000      11655.486522    176.815257      0.105136        65.919009      
638             179.823000      11674.066194    176.819964      0.103322        66.022331      
639             179.823000      11692.720852    176.824675      0.103739        66.126070      
640             178.208000      11711.023883    176.826820      0.102706        66.228776      
641             179.498000      11729.671751    176.831004      0.103889        66.332665      
642             179.823000      11748.134178    176.835628      0.102670        66.435335      
643             179.823000      11766.604518    176.840239      0.102714        66.538049      
644             179.823000      11785.070901    176.844836      0.102692        66.640741      
645             179.403000      11803.525909    176.848779      0.102869        66.743610      
646             178.534000      11822.250733    176.851423      0.104881        66.848491      
647             180.009000      11840.755478    176.856271      0.102799        66.951290      
648             179.823000      11859.231033    176.860817      0.102743        67.054033      
649             180.009000      11878.144578    176.865742      0.105070        67.159103      
650             179.823000      11897.008191    176.870354      0.104901        67.264004      
651             178.806000      11915.455427    176.873318      0.103169        67.367173      
652             178.534000      11933.793011    176.875846      0.102712        67.469885      
653             179.823000      11952.273421    176.880329      0.102770        67.572655      
654             179.823000      11970.751133    176.884797      0.102755        67.675410      
655             180.009000      11989.267939    176.889538      0.102866        67.778276      
656             179.823000      12007.744033    176.893978      0.102746        67.881022      
657             178.622000      12026.158175    176.896599      0.103090        67.984112      
658             178.350000      12044.602062    176.898806      0.103414        68.087526      
659             179.823000      12063.409390    176.903291      0.104588        68.192114      
660             179.823000      12081.893576    176.907686      0.102791        68.294905      
661             180.094000      12100.420926    176.912478      0.102876        68.397781      
662             180.009000      12118.915771    176.917122      0.102744        68.500525      
663             178.534000      12137.267638    176.919545      0.102792        68.603317      
664             178.534000      12155.679135    176.921968      0.103126        68.706443      
665             180.009000      12174.390171    176.926632      0.103945        68.810388      
666             179.823000      12193.459860    176.931089      0.106047        68.916435      
667             180.009000      12211.957945    176.935671      0.102762        69.019197      
668             180.009000      12230.456210    176.940240      0.102763        69.121960      
669             178.534000      12248.848783    176.942612      0.103020        69.224980      
670             178.806000      12267.228430    176.945375      0.102791        69.327771      
671             179.823000      12285.723226    176.949638      0.102850        69.430621      
672             179.823000      12304.196263    176.953883      0.102729        69.533350      
673             180.009000      12322.691288    176.958390      0.102745        69.636095      
674             179.823000      12341.163425    176.962610      0.102724        69.738819      
675             179.218000      12359.615352    176.965935      0.102958        69.841777      
676             179.823000      12378.570495    176.970240      0.105410        69.947187      
677             179.823000      12397.363617    176.974496      0.104509        70.051696      
678             179.823000      12415.829281    176.978666      0.102688        70.154384      
679             179.823000      12434.304656    176.982825      0.102742        70.257126      
680             178.534000      12452.853803    176.985116      0.103897        70.361023      
681             179.498000      12471.576341    176.988835      0.104305        70.465328      
682             180.009000      12490.433904    176.993319      0.104759        70.570087      
683             180.009000      12508.926769    176.997702      0.102733        70.672820      
684             179.823000      12527.402323    177.001804      0.102743        70.775563      
685             180.009000      12545.892848    177.006162      0.102720        70.878283      
686             178.350000      12564.215992    177.008107      0.102737        70.981020      
687             179.683000      12582.707708    177.011980      0.102913        71.083933      
688             180.009000      12601.777862    177.016440      0.105940        71.189873      
689             179.823000      12620.663772    177.020574      0.105025        71.294898      
690             179.823000      12639.365904    177.024656      0.104003        71.398901      
691             179.823000      12657.836603    177.028676      0.102716        71.501617      
692             178.350000      12676.394812    177.030596      0.104055        71.605672      
693             180.009000      12694.890917    177.034864      0.102751        71.708423      
694             180.009000      12713.389002    177.039120      0.102762        71.811185      
695             180.009000      12732.201563    177.043436      0.104509        71.915694      
696             179.823000      12750.678915    177.047402      0.102753        72.018447      
697             179.078000      12769.102281    177.050298      0.102879        72.121326      
698             178.534000      12787.723199    177.052441      0.104299        72.225625      
699             179.823000      12806.213678    177.056380      0.102826        72.328451      
700             179.823000      12824.723939    177.060311      0.102936        72.431387      
701             179.823000      12843.798843    177.064351      0.106076        72.537463      
702             179.823000      12862.274038    177.068253      0.102741        72.640204      
703             178.806000      12880.646355    177.070708      0.102750        72.742954      
704             178.534000      12898.986795    177.072771      0.102728        72.845682      
705             180.009000      12917.699271    177.076956      0.103953        72.949635      
706             179.823000      12936.174286    177.080818      0.102740        73.052375      
707             180.280000      12954.698056    177.085311      0.102750        73.155125      
708             180.009000      12973.210181    177.089415      0.102840        73.257965      
709             178.350000      12991.874152    177.091213      0.104648        73.362613      
710             179.823000      13010.697484    177.095106      0.104677        73.467290      
711             180.009000      13029.383319    177.099217      0.103805        73.571095      
712             179.823000      13047.858513    177.103015      0.102741        73.673836      
713             180.009000      13066.357318    177.107063      0.102766        73.776602      
714             178.350000      13084.681711    177.108792      0.102744        73.879346      
715             178.534000      13103.704866    177.110844      0.106552        73.985898      
716             179.823000      13122.174666    177.114604      0.102711        74.088609      
717             179.823000      13140.646983    177.118354      0.102725        74.191334      
718             179.823000      13159.141419    177.122098      0.102848        74.294182      
719             180.094000      13177.677054    177.126210      0.102922        74.397104      
720             178.534000      13196.022137    177.128152      0.102754        74.499858      
721             178.893000      13214.414663    177.130584      0.102813        74.602671      
722             179.823000      13232.894713    177.134288      0.102768        74.705439      
723             179.823000      13251.379618    177.137982      0.102795        74.808234      
724             180.009000      13270.241861    177.141998      0.104785        74.913019      
725             179.823000      13289.063215    177.145739      0.104666        75.017685      
726             178.534000      13307.407941    177.147637      0.102752        75.120437      
727             179.683000      13326.252555    177.151172      0.104877        75.225314      
728             180.009000      13344.757300    177.155072      0.102799        75.328113      
729             180.280000      13363.309013    177.159335      0.102905        75.431018      
730             179.823000      13381.957018    177.162992      0.103702        75.534720      
731             179.823000      13400.437787    177.166607      0.102772        75.637492      
732             178.350000      13418.761466    177.168212      0.102740        75.740232      
733             179.498000      13437.203450    177.171368      0.102742        75.842974      
734             179.823000      13456.080729    177.175033      0.104977        75.947951      
735             180.009000      13474.785824    177.178905      0.103912        76.051863      
736             180.094000      13493.300748    177.182841      0.102807        76.154670      
737             180.009000      13512.099268    177.186711      0.104431        76.259101      
738             178.350000      13530.431508    177.188277      0.102788        76.361889      
739             179.823000      13549.058293    177.191846      0.103584        76.465473      
740             179.823000      13567.919928    177.195450      0.104890        76.570363      
741             179.823000      13586.721861    177.199033      0.104558        76.674921      
742             179.823000      13605.401335    177.202583      0.103877        76.778798      
743             178.534000      13623.953695    177.204383      0.103915        76.882713      
744             180.009000      13642.730254    177.208183      0.104309        76.987022      
745             179.823000      13661.453245    177.211714      0.104119        77.091141      
746             180.009000      13680.171841    177.215482      0.103987        77.195128      
747             180.094000      13699.371662    177.219452      0.106610        77.301738      
748             178.806000      13718.108922    177.221600      0.104791        77.406529      
749             178.534000      13736.698418    177.223363      0.104123        77.510652      
750             180.009000      13755.337450    177.227079      0.103545        77.614197      
751             180.009000      13774.052085    177.230801      0.103965        77.718162      
752             180.009000      13792.779682    177.234515      0.104037        77.822199      
753             180.009000      13811.571721    177.238232      0.104395        77.926594      
754             178.622000      13830.373830    177.240098      0.105262        78.031856      
755             178.350000      13848.842864    177.241569      0.103555        78.135411      
756             179.823000      13867.534027    177.244999      0.103942        78.239353      
757             179.823000      13886.662339    177.248499      0.106373        78.345726      
758             179.823000      13905.230862    177.251888      0.103260        78.448986      
759             180.009000      13923.930196    177.255534      0.103880        78.552866      
760             178.350000      13942.402619    177.256975      0.103574        78.656440      
761             178.534000      13961.130479    177.258676      0.104898        78.761338      
762             179.823000      13979.817685    177.262055      0.103920        78.865258      
763             179.823000      13998.303130    177.265389      0.102798        78.968056      
764             180.280000      14016.828883    177.269306      0.102761        79.070817      
765             179.823000      14035.318823    177.272623      0.102823        79.173640      
766             178.534000      14053.741033    177.274265      0.103186        79.276826      
767             178.350000      14072.473490    177.275688      0.105032        79.381858      
768             179.823000      14090.972601    177.278985      0.102874        79.484732      
769             179.823000      14109.582483    177.282293      0.103490        79.588222      
770             179.823000      14128.055700    177.285568      0.102730        79.690952      
771             180.094000      14146.777552    177.289227      0.103956        79.794908      
772             178.893000      14165.648796    177.291344      0.105489        79.900397      
773             180.009000      14184.130860    177.294832      0.102673        80.003070      
774             179.823000      14202.593467    177.298072      0.102671        80.105741      
775             179.823000      14221.066144    177.301306      0.102727        80.208468      
776             180.009000      14239.764219    177.304808      0.103873        80.312341      
777             178.350000      14258.101096    177.306145      0.102814        80.415155      
778             179.218000      14276.703208    177.308609      0.103796        80.518951      
779             179.823000      14295.682626    177.311901      0.105545        80.624496      
780             179.823000      14314.158360    177.315097      0.102744        80.727240      
781             179.823000      14332.763387    177.318307      0.103463        80.830703      
782             180.009000      14351.267413    177.321724      0.102795        80.933498      
783             178.534000      14369.610531    177.323261      0.102743        81.036241      
784             179.498000      14388.442564    177.326073      0.104915        81.141156      
785             179.823000      14406.918478    177.329231      0.102745        81.243901      
786             180.009000      14425.819963    177.332690      0.105003        81.348904      
787             179.823000      14444.395140    177.335848      0.103297        81.452201      
788             180.009000      14462.964508    177.339229      0.103158        81.555359      
789             178.350000      14481.535558    177.340518      0.104127        81.659486      
790             180.009000      14500.242814    177.343910      0.103924        81.763410      
791             180.009000      14519.035933    177.347308      0.104401        81.867811      
792             180.009000      14537.546799    177.350648      0.102833        81.970644      
793             180.280000      14556.080124    177.354317      0.102803        82.073447      
794             179.218000      14574.497461    177.356647      0.102765        82.176212      
795             178.350000      14592.836657    177.357889      0.102827        82.279039      
796             179.823000      14611.686423    177.361025      0.104824        82.383863      
797             180.009000      14630.454881    177.364372      0.104264        82.488127      
798             180.009000      14648.950266    177.367663      0.102747        82.590874      
799             179.823000      14667.428518    177.370714      0.102758        82.693632      
800             178.622000      14685.966088    177.372282      0.103781        82.797413      
801             178.350000      14704.558719    177.373511      0.104248        82.901661      
802             179.823000      14723.031216    177.376543      0.102726        83.004387      
803             179.823000      14741.667173    177.379594      0.103635        83.108022      
804             180.094000      14760.172011    177.382945      0.102751        83.210773      
805             180.094000      14778.697921    177.386293      0.102868        83.313641      
806             178.622000      14797.081697    177.387817      0.102920        83.416561      
807             179.823000      14815.961853    177.390879      0.104993        83.521554      
808             179.823000      14834.431474    177.393866      0.102710        83.624264      
809             179.823000      14853.053944    177.396870      0.103560        83.727824      
810             179.823000      14871.518889    177.399842      0.102684        83.830508      
811             178.622000      14889.870870    177.401338      0.102742        83.933250      
812             178.350000      14908.320107    177.402506      0.103444        84.036694      
813             179.823000      14926.786851    177.405460      0.102694        84.139388      
814             180.009000      14945.889766    177.408740      0.106122        84.245510      
815             180.009000      14964.390731    177.411908      0.102778        84.348288      
816             180.094000      14982.919522    177.415176      0.102884        84.451172      
817             178.534000      15001.262641    177.416535      0.102743        84.553915      
818             178.806000      15019.634778    177.418222      0.102749        84.656664      
819             179.823000      15038.447501    177.421190      0.104618        84.761282      
820             179.823000      15056.922336    177.424097      0.102739        84.864021      
821             180.094000      15075.424653    177.427326      0.102737        84.966758      
822             180.009000      15094.253595    177.430500      0.104600        85.071358      
823             178.350000      15112.578522    177.431609      0.102747        85.174105      
824             179.683000      15131.076528    177.434327      0.102948        85.277053      
825             179.823000      15149.938702    177.437262      0.104893        85.381946      
826             180.009000      15168.458928    177.440357      0.102885        85.484831      
827             179.823000      15187.067551    177.443238      0.103483        85.588314      
828             179.823000      15205.540768    177.446091      0.102730        85.691044      
829             178.534000      15224.121872    177.447410      0.104076        85.795120      
830             179.823000      15242.860328    177.450292      0.104205        85.899325      
831             179.823000      15261.351347    177.453129      0.102829        86.002154      
832             180.009000      15279.850152    177.456180      0.102766        86.104920      
833             179.823000      15298.448526    177.459019      0.103426        86.208346      
834             179.823000      15316.941523    177.461836      0.102840        86.311186      
835             178.534000      15335.324634    177.463113      0.102967        86.414153      
836             179.683000      15354.278315    177.465820      0.105484        86.519637      
837             179.823000      15372.785159    177.468620      0.102917        86.622554      
838             180.009000      15391.280904    177.471630      0.102749        86.725303      
839             180.280000      15410.010914    177.474991      0.103894        86.829197      
840             179.683000      15428.491311    177.477603      0.102850        86.932047      
841             178.350000      15447.024372    177.478644      0.103914        87.035961      
842             180.009000      15465.726947    177.481661      0.103898        87.139859      
843             179.823000      15484.552078    177.484471      0.104687        87.244546      
844             179.823000      15503.026194    177.487221      0.102735        87.347281      
845             178.893000      15521.421403    177.488874      0.102828        87.450109      
846             178.350000      15540.531071    177.489928      0.107147        87.557256      
847             180.009000      15559.146701    177.492900      0.103415        87.660671      
848             179.823000      15578.079905    177.495695      0.105288        87.765959      
849             180.009000      15596.713897    177.498656      0.103517        87.869476      
850             180.280000      15615.273903    177.501911      0.102951        87.972427      
851             178.622000      15633.625528    177.503218      0.102740        88.075167      
852             178.350000      15652.349067    177.504226      0.104982        88.180149      
853             179.823000      15671.159093    177.506973      0.104603        88.284752      
854             180.009000      15690.075338    177.509948      0.105085        88.389837      
855             179.823000      15708.550713    177.512633      0.102742        88.492579      
856             179.823000      15727.397242    177.515366      0.104806        88.597385      
857             178.534000      15745.737683    177.516546      0.102728        88.700113      
858             178.534000      15764.078481    177.517723      0.102730        88.802843      
859             179.823000      15782.948567    177.520444      0.104937        88.907780      
860             179.823000      15801.419626    177.523101      0.102718        89.010498      
861             180.009000      15820.042637    177.525987      0.103456        89.113954      
862             179.823000      15838.520349    177.528633      0.102755        89.216709      
863             178.350000      15856.922502    177.529581      0.103180        89.319889      
864             178.208000      15875.268125    177.530362      0.102945        89.422834      
865             179.823000      15893.756447    177.532995      0.102814        89.525648      
866             179.683000      15912.222649    177.535461      0.102771        89.628419      
867             180.009000      15930.725594    177.538294      0.102789        89.731208      
868             180.009000      15949.226739    177.541121      0.102779        89.833987      
869             178.350000      15967.879117    177.542061      0.104583        89.938570      
870             114.235000      15979.614821    177.469831      0.102733        90.041303      
871             80.145000       15987.834011    177.359107      0.102554        90.143857      
872             78.671000       15995.895665    177.247049      0.102473        90.246330      
873             78.392000       16003.930453    177.134904      0.102495        90.348825      
874             78.392000       16011.974177    177.022889      0.102609        90.451434      
875             78.392000       16020.008025    176.911265      0.102483        90.553917      
876             77.522000       16027.950619    176.798940      0.102456        90.656373      
877             77.522000       16036.279660    176.681421      0.107441        90.763814      
878             77.522000       16044.254348    176.569163      0.102870        90.866684      
879             77.196000       16052.164391    176.457230      0.102467        90.969151      
880             78.066000       16060.162330    176.346545      0.102451        91.071602      
881             77.196000       16068.073608    176.235096      0.102483        91.174085      
