#timestep       power           acc-energy      avg-power       dt              acc-time       
1               121.056000      12.121700       121.056000      0.100133        0.100133       
2               121.019000      24.523970       121.037286      0.102482        0.202615       
3               120.969000      36.892566       121.014384      0.102246        0.304861       
4               120.939000      49.253257       120.995456      0.102206        0.407067       
5               120.904000      61.614120       120.977097      0.102237        0.509304       
6               120.807000      74.574899       120.947501      0.107285        0.616589       
7               120.769000      86.917974       120.922120      0.102204        0.718793       
8               120.801000      99.276641       120.907029      0.102306        0.821099       
9               120.769000      111.614885      120.891755      0.102164        0.923263       
10              120.769000      123.963394      120.879516      0.102249        1.025512       
11              120.634000      136.295567      120.857260      0.102228        1.127740       
12              120.569000      148.624470      120.833296      0.102256        1.229996       
13              146.827000      163.651039      122.829972      0.102342        1.332338       
14              173.582000      181.416289      126.450435      0.102345        1.434683       
15              199.908000      201.882070      131.343085      0.102376        1.537059       
16              226.344000      225.044757      137.273221      0.102334        1.639393       
17              252.951000      250.941881      144.072667      0.102380        1.741773       
18              279.603000      279.557850      151.594339      0.102345        1.844118       
19              306.219000      310.905489      159.726384      0.102370        1.946488       
20              333.022000      344.972973      168.379213      0.102298        2.048786       
21              359.874000      382.481201      177.649359      0.104226        2.153012       
22              413.548000      424.802049      188.353216      0.102336        2.255348       
23              413.947000      467.188980      198.150767      0.102397        2.357745       
24              414.128000      509.572496      207.135797      0.102344        2.460089       
25              414.752000      552.050152      215.433701      0.102417        2.562506       
26              414.860000      594.502361      223.091621      0.102329        2.664835       
27              415.308000      637.018686      230.202676      0.102373        2.767208       
28              415.990000      679.603583      236.830497      0.102370        2.869578       
29              415.866000      722.161646      242.995472      0.102336        2.971914       
30              415.876000      764.721980      248.750503      0.102339        3.074253       
31              415.833000      807.294131      254.135318      0.102378        3.176631       
32              415.730000      850.049051      259.202863      0.102843        3.279474       
33              415.773000      892.614643      263.942629      0.102377        3.381851       
34              415.798000      935.177806      268.404084      0.102365        3.484216       
35              415.439000      978.626909      272.689022      0.104586        3.588802       
36              415.592000      1021.172309     276.652369      0.102373        3.691175       
37              415.532000      1063.711982     280.400222      0.102374        3.793549       
38              415.474000      1106.273138     283.951813      0.102440        3.895989       
39              415.105000      1148.766192     287.309632      0.102367        3.998356       
40              415.409000      1191.291196     290.507458      0.102369        4.100725       
41              415.503000      1233.822914     293.551600      0.102362        4.203087       
42              415.610000      1276.354779     296.452817      0.102336        4.305423       
43              415.578000      1318.904563     299.219922      0.102387        4.407810       
44              415.713000      1361.448632     301.863271      0.102340        4.510150       
45              415.621000      1405.853995     304.495719      0.106841        4.616991       
46              415.925000      1448.420176     306.912117      0.102341        4.719332       
47              416.200000      1491.032396     309.232729      0.102384        4.821716       
48              416.446000      1533.678133     311.462380      0.102404        4.924120       
49              416.513000      1576.319484     313.601994      0.102377        5.026497       
50              416.502000      1618.958043     315.655894      0.102373        5.128870       
51              416.534000      1661.583634     317.629294      0.102334        5.231204       
52              416.239000      1704.254375     319.524590      0.102515        5.333719       
53              416.459000      1746.889365     321.350103      0.102375        5.436094       
54              416.491000      1789.530130     323.108821      0.102381        5.538475       
55              416.633000      1832.151686     324.804958      0.102300        5.640775       
56              416.756000      1874.945025     326.448866      0.102682        5.743457       
57              416.860000      1917.590637     328.031080      0.102302        5.845759       
58              416.655000      1960.242359     329.556294      0.102367        5.948126       
59              416.542000      2002.866686     331.027449      0.102329        6.050455       
60              416.763000      2045.516127     332.453428      0.102335        6.152790       
61              416.776000      2088.185654     333.833558      0.102380        6.255170       
62              416.852000      2130.857543     335.170294      0.102367        6.357537       
63              416.750000      2173.516490     336.462974      0.102361        6.459898       
64              416.784000      2216.182668     337.715965      0.102370        6.562268       
65              416.593000      2258.809297     338.926970      0.102322        6.664590       
66              416.848000      2301.532048     340.107114      0.102490        6.767080       
67              416.990000      2344.223067     341.252938      0.102379        6.869459       
68              417.082000      2386.881797     342.365390      0.102279        6.971738       
69              417.148000      2429.561878     343.446992      0.102314        7.074052       
70              417.353000      2472.247073     344.500289      0.102276        7.176328       
71              417.082000      2514.942506     345.521073      0.102367        7.278695       
72              417.510000      2557.692190     346.519719      0.102392        7.381087       
73              417.888000      2600.474728     347.496077      0.102378        7.483465       
74              418.320000      2644.224307     348.472223      0.104584        7.588049       
75              418.085000      2687.027013     349.398936      0.102378        7.690427       
76              418.185000      2729.880521     350.303458      0.102475        7.792902       
77              418.074000      2772.685863     351.182314      0.102387        7.895289       
78              417.657000      2815.439740     352.033157      0.102366        7.997655       
79              417.780000      2858.188661     352.863712      0.102324        8.099979       
80              417.644000      2900.937865     353.672114      0.102358        8.202337       
81              417.708000      2943.696962     354.461437      0.102366        8.304703       
82              417.438000      2986.428003     355.228244      0.102365        8.407068       
83              417.494000      3029.162689     355.977239      0.102360        8.509428       
84              417.371000      3074.404036     356.749457      0.108396        8.617824       
85              417.135000      3117.098220     357.458218      0.102351        8.720175       
86              417.270000      3159.837935     358.152610      0.102427        8.822602       
87              417.552000      3202.586073     358.833978      0.102378        8.924980       
88              417.468000      3245.322690     359.498893      0.102371        9.027351       
89              417.713000      3288.082299     360.151612      0.102366        9.129717       
90              417.808000      3330.837427     360.790701      0.102332        9.232049       
91              417.661000      3373.593801     361.414400      0.102371        9.334420       
92              417.803000      3416.366801     362.026137      0.102376        9.436796       
93              418.114000      3459.166623     362.628012      0.102364        9.539160       
94              418.354000      3501.962982     363.219271      0.102297        9.641457       
95              418.477000      3544.802472     363.799816      0.102370        9.743827       
96              418.650000      3587.663022     364.370133      0.102378        9.846205       
97              418.841000      3630.543964     364.930687      0.102380        9.948585       
98              418.720000      3673.389906     365.478304      0.102326        10.050911      
99              418.723000      3716.244112     366.015012      0.102345        10.153256      
100             418.887000      3759.110494     366.542587      0.102334        10.255590      
101             419.211000      3802.034347     367.063232      0.102392        10.357982      
102             419.189000      3844.954270     367.573448      0.102388        10.460370      
103             419.189000      3887.869582     368.073720      0.102377        10.562747      
104             418.919000      3930.728766     368.561475      0.102309        10.665056      
105             418.416000      3973.608456     369.035970      0.102481        10.767537      
106             418.535000      4016.448025     369.502076      0.102356        10.869893      
107             418.314000      4059.258280     369.957353      0.102340        10.972233      
108             418.244000      4102.059279     370.403548      0.102335        11.074568      
109             418.211000      4144.875303     370.841456      0.102379        11.176947      
110             418.226000      4188.329821     371.277891      0.103902        11.280849      
111             418.055000      4231.252782     371.699794      0.102673        11.383522      
112             418.185000      4274.058617     372.114065      0.102361        11.485883      
113             418.520000      4317.834972     372.532854      0.104598        11.590481      
114             418.655000      4360.693522     372.936658      0.102372        11.692853      
115             418.753000      4403.607329     373.334719      0.102480        11.795333      
116             418.876000      4446.494367     373.726625      0.102386        11.897719      
117             418.448000      4489.327123     374.108100      0.102361        12.000080      
118             418.758000      4532.194542     374.485769      0.102368        12.102448      
119             418.817000      4575.065069     374.857572      0.102361        12.204809      
120             419.087000      4617.950661     375.225329      0.102331        12.307140      
121             419.027000      4660.857349     375.586754      0.102396        12.409536      
122             419.152000      4703.760910     375.943155      0.102358        12.511894      
123             419.076000      4747.934035     376.303491      0.105406        12.617300      
124             418.672000      4790.793068     376.644476      0.102369        12.719669      
125             418.785000      4833.674559     376.981004      0.102395        12.822064      
126             418.712000      4876.545643     377.311598      0.102388        12.924452      
127             418.939000      4919.432009     377.638720      0.102369        13.026821      
128             418.858000      4962.312178     377.960125      0.102374        13.129195      
129             418.917000      5005.210955     378.277104      0.102404        13.231599      
130             418.571000      5048.062161     378.586471      0.102375        13.333974      
131             418.571000      5090.910018     378.891100      0.102367        13.436341      
132             418.545000      5133.756051     379.190931      0.102369        13.538710      
133             418.804000      5177.555411     379.494583      0.104582        13.643292      
134             418.657000      5220.393233     379.786107      0.102322        13.745614      
135             418.903000      5263.293927     380.075393      0.102412        13.848026      
136             419.007000      5306.193121     380.361115      0.102383        13.950409      
137             418.959000      5349.081535     380.642285      0.102369        14.052778      
138             419.261000      5392.001702     380.921579      0.102371        14.155149      
139             419.396000      5434.931077     381.197801      0.102360        14.257509      
140             419.764000      5477.893922     381.472682      0.102350        14.359859      
141             419.702000      5520.860915     381.743299      0.102375        14.462234      
142             420.035000      5563.860738     382.012444      0.102372        14.564606      
143             419.795000      5608.090759     382.283802      0.105361        14.669967      
144             420.129000      5651.097264     382.546051      0.102365        14.772332      
145             420.201000      5694.114921     382.805208      0.102374        14.874706      
146             420.466000      5737.162230     383.062648      0.102380        14.977086      
147             420.433000      5780.198593     383.316325      0.102362        15.079448      
148             420.551000      5823.254604     383.567420      0.102380        15.181828      
149             420.457000      5866.308139     383.814563      0.102397        15.284225      
150             420.092000      5909.317158     384.055947      0.102380        15.386605      
151             419.989000      5952.316472     384.293464      0.102382        15.488987      
152             419.892000      5996.283783     384.532507      0.104711        15.593698      
153             419.925000      6039.282424     384.763396      0.102396        15.696094      
154             419.828000      6082.252659     384.990565      0.102352        15.798446      
155             419.899000      6125.240239     385.215320      0.102376        15.900822      
156             419.912000      6168.216973     385.437220      0.102347        16.003169      
157             419.612000      6211.171394     385.654435      0.102367        16.105536      
158             419.531000      6254.111231     385.868364      0.102352        16.207888      
159             419.672000      6297.077670     386.080553      0.102381        16.310269      
160             419.699000      6340.026728     386.290165      0.102333        16.412602      
161             419.731000      6383.000467     386.497480      0.102384        16.514986      
162             419.883000      6425.959956     386.703035      0.102313        16.617299      
163             419.829000      6468.942049     386.905876      0.102380        16.719679      
164             419.819000      6511.934453     387.106240      0.102407        16.822086      
165             419.907000      6554.920753     387.304642      0.102371        16.924457      
166             420.093000      6597.944157     387.501859      0.102414        17.026871      
167             420.125000      6640.951513     387.696821      0.102368        17.129239      
168             420.212000      6683.972818     387.890007      0.102380        17.231619      
169             420.093000      6726.989501     388.080241      0.102398        17.334017      
170             419.908000      6769.973383     388.267095      0.102365        17.436382      
171             420.060000      6812.998029     388.452762      0.102425        17.538807      
172             420.031000      6855.977701     388.635928      0.102325        17.641132      
173             420.029000      6898.980270     388.817066      0.102380        17.743512      
174             419.931000      6941.971126     388.995556      0.102376        17.845888      
175             420.036000      6984.971892     389.172606      0.102374        17.948262      
176             419.948000      7027.964908     389.347153      0.102377        18.050639      
177             419.613000      7070.905585     389.517771      0.102334        18.152973      
178             419.635000      7113.860263     389.686646      0.102362        18.255335      
179             419.825000      7156.837748     389.854709      0.102370        18.357705      
180             419.802000      7199.802803     390.020743      0.102346        18.460051      
181             419.834000      7242.782469     390.185165      0.102373        18.562424      
182             419.918000      7285.748059     390.348159      0.102319        18.664743      
183             420.202000      7328.812881     390.511187      0.102486        18.767229      
184             420.266000      7371.857786     390.672694      0.102423        18.869652      
185             420.569000      7414.909752     390.834004      0.102366        18.972018      
186             420.569000      7457.956251     390.993562      0.102353        19.074371      
187             420.615000      7501.003252     391.151646      0.102343        19.176714      
188             420.672000      7544.071231     391.308410      0.102379        19.279093      
189             420.527000      7587.114272     391.462716      0.102355        19.381448      
190             420.891000      7630.201304     391.617337      0.102371        19.483819      
191             421.040000      7674.245457     391.774462      0.104608        19.588427      
192             421.407000      7717.385734     391.928521      0.102372        19.690799      
193             421.277000      7760.561992     392.080487      0.102489        19.793288      
194             421.289000      7803.683449     392.230754      0.102356        19.895644      
195             421.136000      7846.804407     392.378752      0.102392        19.998036      
196             420.861000      7889.889631     392.523816      0.102374        20.100410      
197             421.104000      7932.995521     392.668627      0.102364        20.202774      
198             421.073000      7976.101606     392.811832      0.102372        20.305146      
199             420.737000      8019.170769     392.951908      0.102366        20.407512      
200             420.504000      8062.200103     393.089371      0.102328        20.509840      
201             420.527000      8107.306670     393.232117      0.107262        20.617102      
202             420.375000      8150.338357     393.366217      0.102365        20.719467      
203             420.006000      8193.365451     393.497285      0.102444        20.821911      
204             420.311000      8236.397312     393.628483      0.102381        20.924292      
205             420.402000      8279.435126     393.758836      0.102373        21.026665      
206             420.341000      8322.467115     393.887631      0.102374        21.129039      
207             420.493000      8365.512143     394.015910      0.102368        21.231407      
208             420.523000      8408.574118     394.143142      0.102401        21.333808      
209             420.277000      8451.584426     394.267907      0.102338        21.436146      
210             420.612000      8495.287275     394.394984      0.103903        21.540049      
211             420.735000      8538.461838     394.519873      0.102617        21.642666      
212             421.003000      8581.562020     394.644555      0.102375        21.745041      
213             420.971000      8624.653875     394.767904      0.102363        21.847404      
214             420.868000      8667.734765     394.889620      0.102362        21.949766      
215             420.738000      8710.810763     395.009627      0.102382        22.052148      
216             420.571000      8753.861672     395.127731      0.102363        22.154511      
217             420.539000      8796.907203     395.244596      0.102358        22.256869      
218             420.409000      8839.929758     395.359770      0.102335        22.359204      
219             420.470000      8882.974954     395.474216      0.102374        22.461578      
220             420.641000      8926.050696     395.588434      0.102405        22.563983      
221             420.776000      8969.093135     395.702105      0.102293        22.666276      
222             420.435000      9012.125498     395.813287      0.102352        22.768628      
223             420.587000      9055.183933     395.924181      0.102377        22.871005      
224             420.616000      9098.244076     396.034213      0.102374        22.973379      
225             420.400000      9141.278322     396.142301      0.102365        23.075744      
226             420.564000      9184.339029     396.250182      0.102388        23.178132      
227             420.581000      9227.380026     396.357136      0.102337        23.280469      
228             420.461000      9270.422619     396.462663      0.102370        23.382839      
229             420.564000      9313.477017     396.567722      0.102373        23.485212      
230             420.596000      9357.468415     396.674259      0.104593        23.589805      
231             420.867000      9400.554674     396.778797      0.102375        23.692180      
232             420.931000      9443.651273     396.882720      0.102384        23.794564      
233             421.033000      9486.754106     396.986179      0.102374        23.896938      
234             421.127000      9529.868246     397.089161      0.102378        23.999316      
235             420.886000      9572.947190     397.190219      0.102353        24.101669      
236             421.190000      9616.061041     397.291717      0.102362        24.204031      
237             421.401000      9659.183848     397.393220      0.102332        24.306363      
238             421.647000      9702.355020     397.494957      0.102387        24.408750      
239             421.617000      9745.520590     397.595712      0.102381        24.511131      
240             421.706000      9790.141723     397.699346      0.105811        24.616942      
241             421.460000      9833.285319     397.797743      0.102367        24.719309      
242             421.164000      9876.858947     397.895132      0.103460        24.822769      
243             421.156000      9920.328984     397.991453      0.103216        24.925985      
244             420.855000      9963.412332     398.084969      0.102371        25.028356      
245             420.653000      10006.473317    398.176898      0.102367        25.130723      
246             420.632000      10049.535098    398.268001      0.102374        25.233097      
247             420.633000      10092.594036    398.358366      0.102367        25.335464      
248             420.505000      10135.642394    398.447494      0.102373        25.437837      
249             420.279000      10178.664674    398.534995      0.102366        25.540203      
250             420.583000      10222.648824    398.624906      0.104579        25.644782      
251             420.695000      10265.715792    398.712657      0.102371        25.747153      
252             420.665000      10308.767910    398.799571      0.102343        25.849496      
253             420.948000      10351.873827    398.886965      0.102402        25.951898      
254             421.090000      10394.965230    398.974172      0.102333        26.054231      
255             421.059000      10438.068198    399.060604      0.102368        26.156599      
256             421.480000      10481.219320    399.148014      0.102380        26.258979      
257             421.532000      10524.366071    399.234928      0.102357        26.361336      
258             421.865000      10567.553235    399.322470      0.102372        26.463708      
259             421.942000      10610.770644    399.409679      0.102425        26.566133      
260             422.074000      10655.151303    399.499031      0.105149        26.671282      
261             421.954000      10698.397369    399.584988      0.102490        26.773772      
262             422.024000      10741.601654    399.670461      0.102374        26.876146      
263             421.967000      10784.782803    399.755034      0.102333        26.978479      
264             422.158000      10827.992785    399.839709      0.102355        27.080834      
265             422.031000      10871.193566    399.923275      0.102364        27.183198      
266             421.796000      10914.369870    400.005331      0.102363        27.285561      
267             421.650000      10957.544722    400.086254      0.102395        27.387956      
268             421.471000      11000.692394    400.165891      0.102374        27.490330      
269             421.341000      11045.962956    400.248330      0.107444        27.597774      
270             421.307000      11089.065190    400.326107      0.102306        27.700080      
271             421.023000      11132.151421    400.402290      0.102337        27.802417      
272             420.855000      11175.214988    400.477288      0.102324        27.904741      
273             420.779000      11218.285506    400.551485      0.102359        28.007100      
274             420.509000      11261.549154    400.624531      0.102884        28.109984      
275             420.562000      11304.584422    400.696845      0.102328        28.212312      
276             420.918000      11347.662433    400.769935      0.102343        28.314655      
277             421.074000      11390.753883    400.843055      0.102337        28.416992      
278             421.123000      11433.852874    400.915830      0.102343        28.519335      
279             421.260000      11476.960831    400.988567      0.102331        28.621666      
280             421.309000      11520.088127    401.060984      0.102365        28.724031      
281             421.405000      11563.234942    401.133243      0.102388        28.826419      
282             421.576000      11606.390412    401.205582      0.102367        28.928786      
283             421.728000      11649.567347    401.277956      0.102381        29.031167      
284             422.032000      11692.770762    401.350882      0.102370        29.133537      
285             422.115000      11736.027841    401.423663      0.102477        29.236014      
286             422.238000      11779.240945    401.496271      0.102343        29.338357      
287             421.998000      11822.431174    401.567543      0.102347        29.440704      
288             421.787000      11865.606979    401.637602      0.102364        29.543068      
289             421.837000      11908.784527    401.707344      0.102356        29.645424      
290             421.817000      11951.969729    401.776552      0.102379        29.747803      
291             421.454000      11995.116083    401.844039      0.102375        29.850178      
292             421.518000      12038.275311    401.911292      0.102390        29.952568      
293             421.400000      12081.411500    401.977669      0.102364        30.054932      
294             420.942000      12124.493651    402.042029      0.102347        30.157279      
295             420.974000      12167.589180    402.106078      0.102371        30.259650      
296             421.218000      12210.700843    402.170504      0.102350        30.362000      
297             421.342000      12253.820140    402.234906      0.102338        30.464338      
298             421.184000      12296.935483    402.298366      0.102367        30.566705      
299             421.244000      12340.035905    402.361572      0.102317        30.669022      
300             421.160000      12383.192170    402.424171      0.102470        30.771492      
301             421.548000      12426.345196    402.487580      0.102368        30.873860      
302             421.677000      12469.513536    402.550999      0.102373        30.976233      
303             421.794000      12512.676137    402.614359      0.102331        31.078564      
304             421.912000      12555.868535    402.677717      0.102373        31.180937      
305             421.975000      12599.064849    402.740863      0.102367        31.283304      
306             422.045000      12642.268752    402.803826      0.102368        31.385672      
307             422.148000      12685.477288    402.866705      0.102354        31.488026      
308             422.286000      12729.654738    402.931010      0.104615        31.592641      
309             422.423000      12772.899026    402.993967      0.102372        31.695013      
310             422.834000      12816.225557    403.057901      0.102467        31.797480      
311             422.834000      12859.495852    403.121343      0.102334        31.899814      
312             422.937000      12902.776687    403.184708      0.102334        32.002148      
313             422.781000      12946.052973    403.247188      0.102361        32.104509      
314             422.562000      12989.310222    403.308580      0.102369        32.206878      
315             422.596000      13032.552358    403.369664      0.102325        32.309203      
316             422.296000      13075.782799    403.429442      0.102370        32.411573      
317             422.225000      13118.990350    403.488598      0.102333        32.513906      
318             422.020000      13163.118449    403.548004      0.104564        32.618470      
319             421.976000      13206.318664    403.605661      0.102376        32.720846      
320             421.913000      13249.555465    403.662818      0.102478        32.823324      
321             421.658000      13292.718908    403.718765      0.102366        32.925690      
322             421.810000      13335.900863    403.774840      0.102373        33.028063      
323             421.727000      13379.071791    403.830309      0.102367        33.130430      
324             421.851000      13422.260052    403.885824      0.102378        33.232808      
325             421.948000      13465.467527    403.941308      0.102400        33.335208      
326             422.040000      13508.665432    403.996710      0.102355        33.437563      
327             421.878000      13551.864051    404.051300      0.102396        33.539959      
328             422.142000      13596.015883    404.107539      0.104590        33.644549      
329             422.104000      13639.234267    404.162140      0.102388        33.746937      
330             422.294000      13682.508845    404.217032      0.102475        33.849412      
331             422.173000      13725.731339    404.271178      0.102381        33.951793      
332             422.159000      13768.933402    404.324932      0.102336        34.054129      
333             421.927000      13812.125647    404.377687      0.102369        34.156498      
334             421.780000      13855.305375    404.429690      0.102375        34.258873      
335             421.809000      13898.484697    404.481465      0.102367        34.361240      
336             421.609000      13941.649870    404.532346      0.102382        34.463622      
337             421.756000      13984.864255    404.583402      0.102463        34.566085      
338             421.894000      14029.525953    404.636254      0.105860        34.671945      
339             421.865000      14072.720711    404.686983      0.102390        34.774335      
340             421.891000      14115.909271    404.737480      0.102369        34.876704      
341             422.121000      14159.120531    404.788353      0.102367        34.979071      
342             422.131000      14202.334926    404.838961      0.102372        35.081443      
343             422.237000      14245.557216    404.889579      0.102365        35.183808      
344             422.254000      14288.786736    404.939960      0.102378        35.286186      
345             422.161000      14332.006735    404.989780      0.102378        35.388564      
346             422.171000      14375.221003    405.039333      0.102362        35.490926      
347             422.334000      14420.081320    405.090940      0.106220        35.597146      
348             422.535000      14463.339609    405.140965      0.102378        35.699524      
349             422.763000      14506.602637    405.191335      0.102334        35.801858      
350             422.795000      14549.881202    405.241523      0.102363        35.904221      
351             422.828000      14593.148346    405.291503      0.102328        36.006549      
352             422.880000      14636.436034    405.341364      0.102364        36.108913      
353             422.937000      14679.730403    405.391105      0.102366        36.211279      
354             423.125000      14723.314394    405.441407      0.103005        36.314284      
355             423.260000      14766.938955    405.491837      0.103068        36.417352      
356             423.692000      14810.286460    405.542824      0.102309        36.519661      
357             423.538000      14853.637692    405.593119      0.102355        36.622016      
358             423.563000      14896.999107    405.643212      0.102373        36.724389      
359             423.308000      14940.335264    405.692318      0.102375        36.826764      
360             423.003000      14983.624968    405.740290      0.102339        36.929103      
361             422.816000      15026.895534    405.787480      0.102339        37.031442      
362             422.648000      15070.159051    405.833958      0.102363        37.133805      
363             422.545000      15113.428504    405.879914      0.102402        37.236207      
364             422.345000      15156.652136    405.925044      0.102342        37.338549      
365             422.411000      15199.893083    405.970118      0.102367        37.440916      
366             421.912000      15243.037804    406.013540      0.102260        37.543176      
367             422.054000      15286.216883    406.057133      0.102307        37.645483      
368             422.119000      15329.405566    406.100668      0.102314        37.747797      
369             422.417000      15372.659378    406.144808      0.102396        37.850193      
370             422.476000      15415.904021    406.188854      0.102360        37.952553      
371             422.781000      15459.181152    406.233485      0.102363        38.054916      
372             422.996000      15502.484945    406.278458      0.102374        38.157290      
373             422.757000      15545.763847    406.322550      0.102373        38.259663      
374             423.063000      15589.083383    406.367234      0.102395        38.362058      
375             423.138000      15632.397481    406.411865      0.102364        38.464422      
376             423.162000      15675.713613    406.456323      0.102363        38.566785      
377             423.273000      15719.027986    406.500826      0.102332        38.669117      
378             423.255000      15762.387075    406.545093      0.102442        38.771559      
379             422.975000      15808.712565    406.591374      0.109523        38.881082      
380             423.044000      15852.018311    406.634577      0.102367        38.983449      
381             422.738000      15895.295691    406.676756      0.102374        39.085823      
382             422.976000      15938.596590    406.719334      0.102372        39.188195      
383             422.916000      15981.887540    406.761531      0.102363        39.290558      
384             423.039000      16025.195312    406.803833      0.102373        39.392931      
385             422.802000      16068.490237    406.845311      0.102400        39.495331      
386             422.699000      16112.711315    406.887194      0.104616        39.599947      
387             422.666000      16155.974984    406.927874      0.102359        39.702306      
388             422.602000      16199.276898    406.968222      0.102465        39.804771      
389             422.399000      16242.515772    407.007804      0.102365        39.907136      
390             422.517000      16285.747289    407.047466      0.102319        40.009455      
391             422.306000      16328.980865    407.086410      0.102375        40.111830      
392             422.217000      16372.200686    407.124924      0.102364        40.214194      
393             422.273000      16415.431729    407.163390      0.102377        40.316571      
394             422.261000      16458.649720    407.201620      0.102349        40.418920      
395             422.563000      16501.908340    407.240429      0.102372        40.521292      
396             422.699000      16546.405864    407.280485      0.105270        40.626562      
397             422.699000      16589.677138    407.319238      0.102369        40.728931      
398             422.723000      16632.966086    407.357871      0.102405        40.831336      
399             422.658000      16676.229359    407.396131      0.102360        40.933696      
400             423.178000      16719.533164    407.435485      0.102330        41.036026      
401             423.301000      16762.854635    407.474955      0.102342        41.138368      
402             423.689000      16806.239541    407.515213      0.102398        41.240766      
403             423.624000      16849.608895    407.555103      0.102377        41.343143      
404             423.727000      16892.984557    407.595046      0.102367        41.445510      
405             423.366000      16936.308870    407.633890      0.102333        41.547843      
406             423.230000      16979.617996    407.672208      0.102330        41.650173      
407             423.310000      17022.994995    407.710587      0.102471        41.752644      
408             423.177000      17066.319856    407.748419      0.102380        41.855024      
409             423.080000      17109.714326    407.785898      0.102568        41.957592      
410             423.110000      17153.017519    407.823186      0.102345        42.059937      
411             422.938000      17196.312836    407.859884      0.102368        42.162305      
412             422.826000      17239.583157    407.896122      0.102336        42.264641      
413             422.748000      17282.840424    407.931992      0.102324        42.366965      
414             423.083000      17326.148892    407.968510      0.102364        42.469329      
415             423.024000      17369.455551    408.004715      0.102374        42.571703      
416             423.240000      17412.766123    408.041249      0.102331        42.674034      
417             423.147000      17456.130651    408.077438      0.102481        42.776515      
418             422.930000      17499.439529    408.112908      0.102402        42.878917      
419             423.136000      17542.740728    408.148677      0.102334        42.981251      
420             423.201000      17586.065084    408.184443      0.102373        43.083624      
421             423.402000      17629.374028    408.220487      0.102288        43.185912      
422             423.402000      17672.805758    408.256462      0.102578        43.288490      
423             423.583000      17716.140841    408.292598      0.102306        43.390796      
424             423.431000      17759.485355    408.328228      0.102365        43.493161      
425             423.215000      17803.770150    408.363958      0.104639        43.597800      
426             423.456000      17847.116376    408.399309      0.102363        43.700163      
427             423.289000      17890.461170    408.434118      0.102400        43.802563      
428             423.559000      17933.821752    408.469384      0.102372        43.904935      
429             423.574000      17977.178786    408.504517      0.102360        44.007295      
430             423.808000      18020.562316    408.540032      0.102366        44.109661      
431             423.640000      18063.927377    408.574993      0.102363        44.212024      
432             423.559000      18107.279912    408.609601      0.102353        44.314377      
433             423.428000      18150.624119    408.643752      0.102365        44.416742      
434             423.367000      18193.965892    408.677609      0.102374        44.519116      
435             423.254000      18238.242493    408.711780      0.104610        44.623726      
436             423.043000      18281.560404    408.744590      0.102396        44.726122      
437             422.953000      18324.848798    408.777029      0.102348        44.828470      
438             422.843000      18368.138618    408.809080      0.102378        44.930848      
439             422.881000      18411.427678    408.841067      0.102367        45.033215      
440             423.174000      18454.752232    408.873578      0.102380        45.135595      
441             422.982000      18498.062205    408.905511      0.102392        45.237987      
442             423.140000      18541.382432    408.937653      0.102378        45.340365      
443             423.184000      18584.710972    408.969751      0.102387        45.442752      
444             423.217000      18628.034850    409.001773      0.102368        45.545120      
445             423.081000      18672.296315    409.034039      0.104617        45.649737      
446             423.426000      18715.687317    409.066274      0.102476        45.752213      
447             423.466000      18759.037955    409.098422      0.102371        45.854584      
448             423.975000      18802.440700    409.131560      0.102371        45.956955      
449             423.861000      18845.821178    409.164290      0.102346        46.059301      
450             423.784000      18889.207760    409.196714      0.102379        46.161680      
451             423.449000      18932.550306    409.228246      0.102356        46.264036      
452             423.283000      18975.884326    409.259279      0.102376        46.366412      
453             423.021000      19019.188140    409.289595      0.102368        46.468780      
454             422.939000      19062.683187    409.319736      0.102840        46.571620      
455             422.760000      19106.385156    409.349502      0.103373        46.674993      
456             422.748000      19149.642423    409.378811      0.102324        46.777317      
457             422.336000      19192.863444    409.407097      0.102338        46.879655      
458             422.422000      19236.113966    409.435460      0.102387        46.982042      
459             422.368000      19279.351355    409.463577      0.102369        47.084411      
460             422.515000      19322.590273    409.491883      0.102337        47.186748      
461             422.726000      19365.853320    409.520524      0.102343        47.289091      
462             422.967000      19409.151606    409.549569      0.102368        47.391459      
463             423.069000      19452.451872    409.578703      0.102348        47.493807      
464             422.937000      19496.695734    409.608062      0.104611        47.598418      
465             423.334000      19540.018043    409.637509      0.102336        47.700754      
466             423.571000      19583.360369    409.667335      0.102326        47.803080      
467             423.609000      19626.828583    409.697198      0.102614        47.905694      
468             423.976000      19670.419251    409.727777      0.102814        48.008508      
469             424.159000      19713.828531    409.758475      0.102342        48.110850      
470             424.066000      19757.257979    409.788866      0.102412        48.213262      
471             424.074000      19800.659832    409.819126      0.102345        48.315607      
472             424.259000      19844.102681    409.849664      0.102397        48.418004      
473             424.147000      19887.514551    409.879824      0.102351        48.520355      
474             424.645000      19930.957008    409.910890      0.102303        48.622658      
475             424.596000      19974.424174    409.941744      0.102373        48.725031      
476             424.624000      20017.901001    409.972532      0.102389        48.827420      
477             424.387000      20061.343801    410.002688      0.102366        48.929786      
478             424.228000      20104.774566    410.032390      0.102376        49.032162      
479             424.085000      20148.191541    410.061670      0.102378        49.134540      
480             423.853000      20191.571624    410.090338      0.102347        49.236887      
481             423.649000      20234.946079    410.118473      0.102383        49.339270      
482             423.708000      20278.307508    410.146602      0.102338        49.441608      
483             423.359000      20321.645499    410.173901      0.102367        49.543975      
484             423.141000      20364.933670    410.200621      0.102302        49.646277      
485             423.052000      20408.240657    410.227066      0.102368        49.748645      
486             423.205000      20451.568808    410.253719      0.102381        49.851026      
487             423.004000      20494.853961    410.279837      0.102328        49.953354      
488             423.252000      20538.180576    410.306366      0.102366        50.055720      
489             423.418000      20581.502165    410.333112      0.102314        50.158034      
490             423.336000      20624.813248    410.359580      0.102309        50.260343      
491             423.311000      20668.143785    410.385904      0.102361        50.362704      
492             423.692000      20711.515864    410.412895      0.102367        50.465071      
493             424.181000      20754.943515    410.440770      0.102380        50.567451      
494             424.181000      20798.345715    410.468516      0.102320        50.669771      
495             424.144000      20841.815809    410.496121      0.102489        50.772260      
496             423.954000      20885.218948    410.523203      0.102377        50.874637      
497             423.801000      20928.589471    410.549859      0.102337        50.976974      
498             423.895000      20971.986569    410.576606      0.102377        51.079351      
499             423.620000      21015.335180    410.602684      0.102329        51.181680      
500             423.712000      21058.715662    410.628855      0.102382        51.284062      
501             423.582000      21102.080293    410.654661      0.102376        51.386438      
502             423.718000      21145.455033    410.680633      0.102367        51.488805      
503             423.414000      21189.773353    410.706466      0.104669        51.593474      
504             423.414000      21233.122055    410.731632      0.102379        51.695853      
505             423.659000      21276.535240    410.757206      0.102472        51.798325      
506             423.619000      21319.895187    410.782571      0.102356        51.900681      
507             423.541000      21363.254773    410.807688      0.102374        52.003055      
508             423.652000      21406.626570    410.832924      0.102376        52.105431      
509             423.754000      21449.988893    410.858250      0.102329        52.207760      
510             423.599000      21493.366278    410.883191      0.102402        52.310162      
511             423.811000      21536.740367    410.908434      0.102343        52.412505      
512             423.885000      21580.118215    410.933721      0.102334        52.514839      
513             423.871000      21624.456817    410.959440      0.104604        52.619443      
514             424.048000      21667.868731    410.984855      0.102375        52.721818      
515             424.205000      21711.342956    411.010503      0.102484        52.824302      
516             423.989000      21754.752222    411.035609      0.102383        52.926685      
517             423.929000      21798.137540    411.060492      0.102341        53.029026      
518             424.214000      21841.568569    411.085838      0.102380        53.131406      
519             424.111000      21884.984812    411.110886      0.102370        53.233776      
520             424.517000      21929.130335    411.137023      0.103990        53.337766      
521             424.414000      21972.560619    411.162447      0.102330        53.440096      
522             424.414000      22016.012974    411.187786      0.102382        53.542478      
523             424.182000      22059.420790    411.212574      0.102333        53.644811      
524             424.175000      22102.843585    411.237263      0.102370        53.747181      
525             424.253000      22146.280304    411.262009      0.102384        53.849565      
526             424.155000      22189.726077    411.286487      0.102429        53.951994      
527             423.876000      22233.135642    411.310339      0.102411        54.054405      
528             424.028000      22276.542964    411.334378      0.102369        54.156774      
529             423.853000      22319.935763    411.357999      0.102377        54.259151      
530             423.517000      22363.281457    411.380891      0.102347        54.361498      
531             423.620000      22406.680055    411.403912      0.102447        54.463945      
532             423.905000      22450.081569    411.427369      0.102385        54.566330      
533             424.019000      22493.457016    411.450930      0.102296        54.668626      
534             424.209000      22536.935469    411.474804      0.102493        54.771119      
535             424.026000      22580.349371    411.498223      0.102385        54.873504      
536             424.186000      22623.761839    411.521842      0.102343        54.975847      
537             424.297000      22667.186515    411.545581      0.102345        55.078192      
538             424.327000      22710.625295    411.569293      0.102371        55.180563      
539             424.420000      22754.076990    411.593091      0.102379        55.282942      
540             424.725000      22797.551841    411.617361      0.102360        55.385302      
541             424.722000      22841.001751    411.641522      0.102302        55.487604      
542             424.603000      22885.435606    411.665921      0.104648        55.592252      
543             424.383000      22929.134323    411.689432      0.102970        55.695222      
544             424.247000      22972.496185    411.712435      0.102209        55.797431      
545             424.048000      23015.911067    411.735028      0.102382        55.899813      
546             423.925000      23059.291736    411.757302      0.102331        56.002144      
547             424.171000      23102.708183    411.779950      0.102356        56.104500      
548             424.215000      23146.115983    411.802588      0.102325        56.206825      
549             423.912000      23189.508463    411.824601      0.102362        56.309187      
550             423.777000      23232.891362    411.846291      0.102372        56.411559      
551             423.668000      23276.263526    411.867706      0.102373        56.513932      
552             423.545000      23320.555321    411.889274      0.104574        56.618506      
553             423.445000      23363.908044    411.910132      0.102381        56.720887      
554             423.691000      23407.266886    411.931349      0.102336        56.823223      
555             423.611000      23451.133923    411.952595      0.103555        56.926778      
556             423.497000      23494.464866    411.973307      0.102317        57.029095      
557             423.550000      23537.806314    411.994042      0.102329        57.131424      
558             423.771000      23581.186903    412.015106      0.102368        57.233792      
559             423.731000      23624.563398    412.036024      0.102368        57.336160      
560             423.794000      23667.949309    412.056981      0.102375        57.438535      
561             423.941000      23711.379097    412.078138      0.102443        57.540978      
562             423.877000      23755.750117    412.099564      0.104679        57.645657      
563             423.775000      23799.137050    412.120264      0.102382        57.748039      
564             424.089000      23842.537470    412.141436      0.102338        57.850377      
565             424.230000      23885.954016    412.162784      0.102342        57.952719      
566             424.647000      23929.406445    412.184789      0.102326        58.055045      
567             424.659000      23972.878362    412.206746      0.102369        58.157414      
568             424.703000      24016.345440    412.228698      0.102347        58.259761      
569             424.463000      24059.789228    412.250154      0.102350        58.362111      
570             424.440000      24103.225993    412.271491      0.102339        58.464450      
571             424.517000      24146.684648    412.292896      0.102372        58.566822      
572             424.486000      24191.095222    412.314638      0.104622        58.671444      
573             424.319000      24234.577736    412.335569      0.102476        58.773920      
574             424.265000      24277.997440    412.356305      0.102341        58.876261      
575             424.054000      24321.419298    412.376614      0.102397        58.978658      
576             423.921000      24365.328611    412.396853      0.103579        59.082237      
577             424.102000      24408.725272    412.417090      0.102326        59.184563      
578             424.107000      24452.140682    412.437275      0.102369        59.286932      
579             424.074000      24495.551865    412.457333      0.102367        59.389299      
580             424.229000      24538.967461    412.477583      0.102340        59.491639      
581             423.913000      24582.351141    412.497221      0.102341        59.593980      
582             423.702000      24625.708567    412.516428      0.102330        59.696310      
583             424.005000      24669.112687    412.536095      0.102367        59.798677      
584             424.035000      24712.517333    412.555745      0.102361        59.901038      
585             424.069000      24755.922068    412.575384      0.102353        60.003391      
586             424.497000      24799.376552    412.595688      0.102367        60.105758      
587             424.778000      24842.857253    412.616399      0.102361        60.208119      
588             424.504000      24886.286135    412.636564      0.102305        60.310424      
589             424.471000      24929.738806    412.656617      0.102369        60.412793      
590             424.504000      24973.195281    412.676659      0.102370        60.515163      
591             424.281000      25016.613653    412.696249      0.102334        60.617497      
592             424.678000      25060.084967    412.716448      0.102363        60.719860      
593             424.543000      25103.561991    412.736361      0.102409        60.822269      
594             424.773000      25147.045578    412.756586      0.102369        60.924638      
595             424.498000      25190.501863    412.776282      0.102371        61.027009      
596             424.369000      25233.946215    412.795696      0.102374        61.129383      
597             424.304000      25277.380942    412.814936      0.102367        61.231750      
598             424.183000      25321.017072    412.834002      0.102871        61.334621      
599             424.129000      25364.424978    412.852818      0.102346        61.436967      
600             424.341000      25407.866888    412.871930      0.102375        61.539342      
601             424.299000      25451.274373    412.890895      0.102304        61.641646      
602             424.164000      25494.694345    412.909585      0.102366        61.744012      
603             424.341000      25538.123525    412.928502      0.102345        61.846357      
604             424.321000      25581.563387    412.947329      0.102375        61.948732      
605             424.301000      25624.999505    412.966060      0.102371        62.051103      
606             424.488000      25668.453068    412.985036      0.102367        62.153470      
607             424.611000      25711.920072    413.004153      0.102369        62.255839      
608             424.407000      25755.360674    413.022870      0.102356        62.358195      
609             424.299000      25799.503894    413.041652      0.104038        62.462233      
610             424.433000      25843.371167    413.060470      0.103355        62.565588      
611             424.659000      25886.802316    413.079398      0.102273        62.667861      
612             424.491000      25930.292268    413.098024      0.102452        62.770313      
613             424.657000      25973.761008    413.116843      0.102362        62.872675      
614             424.141000      26017.181595    413.134764      0.102373        62.975048      
615             424.047000      26060.605280    413.152479      0.102403        63.077451      
616             424.159000      26104.020922    413.170311      0.102357        63.179808      
617             423.844000      26147.405170    413.187576      0.102359        63.282167      
618             423.921000      26190.796028    413.204909      0.102356        63.384523      
619             423.774000      26234.198538    413.221959      0.102419        63.486942      
620             423.834000      26278.562514    413.239427      0.104673        63.591615      
621             423.622000      26321.928274    413.256113      0.102369        63.693984      
622             423.523000      26365.988643    413.272855      0.104033        63.798017      
623             423.695000      26409.392382    413.289563      0.102441        63.900458      
624             423.671000      26452.731807    413.306156      0.102295        64.002753      
625             423.659000      26496.091188    413.322684      0.102345        64.105098      
626             423.818000      26539.472350    413.339416      0.102358        64.207456      
627             423.698000      26582.837417    413.355901      0.102349        64.309805      
628             423.572000      26626.195094    413.372137      0.102362        64.412167      
629             423.898000      26669.579359    413.388835      0.102346        64.514513      
630             424.189000      26713.957588    413.406320      0.104619        64.619132      
631             424.259000      26757.388557    413.423486      0.102369        64.721501      
632             424.656000      26800.907304    413.441243      0.102480        64.823981      
633             424.793000      26844.387841    413.459140      0.102357        64.926338      
634             424.808000      26887.877560    413.477006      0.102375        65.028713      
635             425.069000      26931.392724    413.495226      0.102372        65.131085      
636             425.225000      26974.923432    413.513634      0.102371        65.233456      
637             425.049000      27018.439949    413.531709      0.102380        65.335836      
638             425.491000      27061.994910    413.550417      0.102364        65.438200      
639             425.413000      27105.546991    413.568947      0.102376        65.540576      
640             425.502000      27150.354054    413.588089      0.105304        65.645880      
641             424.951000      27193.878810    413.605790      0.102423        65.748303      
642             424.783000      27237.369368    413.623168      0.102383        65.850686      
643             424.833000      27280.845927    413.640562      0.102338        65.953024      
644             424.350000      27324.828956    413.657366      0.103648        66.056672      
645             424.225000      27368.746849    413.673902      0.103525        66.160197      
646             424.244000      27412.134283    413.690216      0.102270        66.262467      
647             423.940000      27455.516063    413.706020      0.102330        66.364797      
648             423.762000      27498.899546    413.721509      0.102377        66.467174      
649             423.744000      27542.277795    413.736922      0.102369        66.569543      
650             423.737000      27585.622700    413.752264      0.102292        66.671835      
651             424.047000      27629.038328    413.768049      0.102384        66.774219      
652             424.113000      27672.456049    413.783885      0.102373        66.876592      
653             424.038000      27715.869059    413.799559      0.102380        66.978972      
654             424.087000      27759.273939    413.815255      0.102349        67.081321      
655             424.200000      27802.696324    413.831077      0.102363        67.183684      
656             424.189000      27846.146852    413.846845      0.102432        67.286116      
657             424.421000      27889.881738    413.863015      0.103046        67.389162      
658             424.411000      27933.410179    413.879044      0.102562        67.491724      
659             424.500000      27978.200023    413.895622      0.105512        67.597236      
660             424.082000      28021.600999    413.911020      0.102341        67.699577      
661             424.043000      28065.012401    413.926319      0.102375        67.801952      
662             424.196000      28108.436921    413.941801      0.102369        67.904321      
663             423.832000      28151.819093    413.956687      0.102357        68.006678      
664             423.773000      28195.198617    413.971440      0.102365        68.109043      
665             423.875000      28238.589429    413.986303      0.102367        68.211410      
666             424.113000      28282.007149    414.001478      0.102373        68.313783      
667             423.920000      28325.402567    414.016319      0.102367        68.416150      
668             423.973000      28368.806379    414.031195      0.102374        68.518524      
669             424.213000      28412.244942    414.046389      0.102398        68.620922      
670             424.002000      28455.639851    414.061215      0.102346        68.723268      
671             424.154000      28499.063041    414.076228      0.102376        68.825644      
672             424.272000      28542.494917    414.091370      0.102368        68.928012      
673             424.165000      28585.903963    414.106304      0.102340        69.030352      
674             424.133000      28629.311431    414.121148      0.102344        69.132696      
675             424.301000      28672.748397    414.136200      0.102373        69.235069      
676             424.606000      28716.220833    414.151660      0.102383        69.337452      
677             424.541000      28759.695954    414.166981      0.102405        69.439857      
678             424.803000      28803.175391    414.182635      0.102352        69.542209      
679             425.033000      28847.624917    414.198928      0.104579        69.646788      
680             424.763000      28891.098136    414.214429      0.102347        69.749135      
681             424.808000      28934.592103    414.229957      0.102385        69.851520      
682             425.046000      28978.095986    414.245782      0.102351        69.953871      
683             424.980000      29021.624137    414.261476      0.102424        70.056295      
684             425.314000      29065.148220    414.277597      0.102334        70.158629      
685             425.511000      29108.710334    414.293965      0.102376        70.261005      
686             425.643000      29152.286814    414.310478      0.102378        70.363383      
687             425.074000      29195.802489    414.326115      0.102372        70.465755      
688             424.778000      29239.275119    414.341273      0.102342        70.568097      
689             424.610000      29282.721639    414.356140      0.102321        70.670418      
690             424.577000      29326.423350    414.371005      0.102930        70.773348      
691             424.676000      29369.875773    414.385882      0.102319        70.875667      
692             424.410000      29413.332386    414.400343      0.102393        70.978060      
693             423.978000      29456.729502    414.414135      0.102357        71.080417      
694             424.049000      29500.142791    414.427992      0.102378        71.182795      
695             424.086000      29543.584040    414.441870      0.102435        71.285230      
696             424.136000      29586.999450    414.455771      0.102362        71.387592      
697             424.411000      29630.450648    414.470027      0.102380        71.489972      
698             424.616000      29676.268837    414.485318      0.107905        71.597877      
699             424.558000      29719.729142    414.499699      0.102366        71.700243      
700             424.816000      29763.220104    414.514408      0.102376        71.802619      
701             424.880000      29806.711246    414.529164      0.102361        71.904980      
702             424.888000      29850.193859    414.543886      0.102339        72.007319      
703             424.917000      29893.690488    414.558612      0.102365        72.109684      
704             425.221000      29937.219511    414.573727      0.102368        72.212052      
705             425.177000      29980.748707    414.588738      0.102379        72.314431      
706             424.976000      30024.264125    414.603426      0.102395        72.416826      
707             424.842000      30067.759449    414.617880      0.102380        72.519206      
708             424.745000      30111.222330    414.632150      0.102327        72.621533      
709             424.553000      30154.695284    414.646118      0.102397        72.723930      
710             424.524000      30198.159749    414.660005      0.102384        72.826314      
711             424.513000      30241.618843    414.673836      0.102374        72.928688      
712             424.769000      30285.093950    414.687984      0.102350        73.031038      
713             424.539000      30328.552734    414.701773      0.102367        73.133405      
714             424.427000      30372.001326    414.715367      0.102370        73.235775      
715             424.658000      30415.473565    414.729246      0.102370        73.338145      
716             424.525000      30458.927520    414.742899      0.102359        73.440504      
717             424.594000      30502.397453    414.756613      0.102380        73.542884      
718             424.627000      30545.832125    414.770322      0.102289        73.645173      
719             424.524000      30589.287675    414.783860      0.102363        73.747536      
720             424.357000      30632.730798    414.797131      0.102374        73.849910      
721             424.446000      30676.182609    414.810488      0.102373        73.952283      
722             424.390000      30719.632081    414.823732      0.102381        74.054664      
723             424.578000      30763.094857    414.837197      0.102367        74.157031      
724             424.643000      30806.565137    414.850714      0.102369        74.259400      
725             424.610000      30850.017601    414.864145      0.102335        74.361735      
726             424.553000      30893.502018    414.877472      0.102424        74.464159      
727             424.440000      30936.952365    414.890600      0.102371        74.566530      
728             424.755000      30980.409474    414.904116      0.102311        74.668841      
729             424.867000      31023.929875    414.917765      0.102433        74.771274      
730             425.085000      31067.455178    414.931669      0.102392        74.873666      
731             425.226000      31110.985989    414.945724      0.102371        74.976037      
732             424.774000      31154.491767    414.959132      0.102421        75.078458      
733             424.755000      31197.969689    414.972469      0.102360        75.180818      
734             424.691000      31241.445307    414.985685      0.102370        75.283188      
735             424.621000      31284.916306    414.998770      0.102376        75.385564      
736             424.451000      31328.365657    415.011587      0.102366        75.487930      
737             424.657000      31372.777985    415.024932      0.104584        75.592514      
738             424.524000      31416.236082    415.037778      0.102369        75.694883      
739             424.157000      31459.722779    415.050113      0.102525        75.797408      
740             424.323000      31503.170483    415.062623      0.102393        75.899801      
741             424.657000      31546.643045    415.075546      0.102371        76.002172      
742             424.756000      31590.131264    415.088569      0.102384        76.104556      
743             424.716000      31633.588629    415.101496      0.102321        76.206877      
744             424.927000      31677.094355    415.114679      0.102384        76.309261      
745             424.858000      31720.591317    415.127733      0.102380        76.411641      
746             424.879000      31764.080657    415.140778      0.102357        76.513998      
747             425.053000      31808.551402    415.154313      0.104624        76.618622      
748             425.208000      31852.071016    415.167725      0.102349        76.720971      
749             425.562000      31895.680056    415.181590      0.102474        76.823445      
750             425.659000      31939.260727    415.195535      0.102384        76.925829      
751             425.594000      31982.812612    415.209349      0.102332        77.028161      
752             425.477000      32026.356354    415.222973      0.102341        77.130502      
753             425.296000      32069.890078    415.236323      0.102361        77.232863      
754             425.330000      32113.431110    415.249685      0.102370        77.335233      
755             425.195000      32156.959598    415.262832      0.102373        77.437606      
756             425.265000      32200.491424    415.276037      0.102364        77.539970      
757             425.271000      32244.972219    415.289501      0.104594        77.644564      
758             425.354000      32288.520387    415.302754      0.102381        77.746945      
759             424.993000      32332.055395    415.315505      0.102437        77.849382      
760             424.761000      32375.544550    415.327911      0.102385        77.951767      
761             424.594000      32419.017881    415.340066      0.102388        78.054155      
762             424.446000      32462.473935    415.351994      0.102383        78.156538      
763             424.491000      32505.935022    415.363951      0.102384        78.258922      
764             424.568000      32549.403992    415.375976      0.102384        78.361306      
765             424.322000      32592.843532    415.387649      0.102374        78.463680      
766             424.397000      32636.297966    415.399390      0.102391        78.566071      
767             424.662000      32681.325302    415.411874      0.106031        78.672102      
768             424.269000      32724.748386    415.423381      0.102348        78.774450      
769             424.465000      32768.217846    415.435121      0.102410        78.876860      
770             424.644000      32811.698844    415.447060      0.102394        78.979254      
771             424.509000      32855.152434    415.458789      0.102362        79.081616      
772             424.256000      32898.581400    415.470162      0.102365        79.183981      
773             424.450000      32942.029800    415.481755      0.102364        79.286345      
774             424.565000      32985.492094    415.493468      0.102369        79.388714      
775             424.899000      33028.990280    415.505581      0.102373        79.491087      
776             424.905000      33074.102443    415.518118      0.106170        79.597257      
777             424.714000      33117.568524    415.529927      0.102342        79.699599      
778             424.467000      33161.017390    415.541390      0.102361        79.801960      
779             424.496000      33204.451396    415.552857      0.102319        79.904279      
780             424.458000      33247.902313    415.564251      0.102368        80.006647      
781             424.458000      33291.355352    415.575616      0.102373        80.109020      
782             424.263000      33334.790125    415.586704      0.102377        80.211397      
783             424.394000      33378.250192    415.597934      0.102405        80.313802      
784             424.416000      33421.698932    415.609160      0.102373        80.416175      
785             424.161000      33465.123262    415.620033      0.102377        80.518552      
786             424.161000      33508.524688    415.630873      0.102323        80.620875      
787             424.313000      33551.963307    415.641884      0.102374        80.723249      
788             424.248000      33595.395696    415.652785      0.102375        80.825624      
789             424.223000      33638.816617    415.663624      0.102354        80.927978      
790             424.394000      33682.246553    415.674650      0.102334        81.030312      
791             424.119000      33725.661494    415.685304      0.102365        81.132677      
792             424.300000      33769.085205    415.696157      0.102342        81.235019      
793             424.523000      33812.541926    415.707266      0.102366        81.337385      
794             424.757000      33856.032371    415.718643      0.102389        81.439774      
795             424.757000      33899.527063    415.729994      0.102399        81.542173      
796             425.136000      33943.030379    415.741783      0.102328        81.644501      
797             425.256000      33986.564261    415.753697      0.102371        81.746872      
798             425.354000      34030.092863    415.765700      0.102335        81.849207      
799             425.489000      34073.649321    415.777846      0.102368        81.951575      
800             425.619000      34117.175248    415.790111      0.102265        82.053840      
801             425.586000      34160.712696    415.802309      0.102300        82.156140      
802             425.441000      34204.265516    415.814304      0.102371        82.258511      
803             425.564000      34247.830503    415.826423      0.102370        82.360881      
804             425.375000      34291.378269    415.838277      0.102375        82.463256      
805             425.040000      34334.874312    415.849682      0.102334        82.565590      
806             424.993000      34378.376596    415.861003      0.102360        82.667950      
807             424.570000      34421.868697    415.871781      0.102438        82.770388      
808             424.528000      34465.332723    415.882475      0.102382        82.872770      
809             424.517000      34508.789679    415.893128      0.102368        82.975138      
810             424.142000      34552.197220    415.903290      0.102342        83.077480      
811             424.093000      34596.861846    415.913659      0.105318        83.182798      
812             424.207000      34640.335004    415.923863      0.102481        83.285279      
813             424.277000      34683.761452    415.934116      0.102354        83.387633      
814             424.624000      34727.229786    415.944771      0.102369        83.490002      
815             424.726000      34772.796515    415.956041      0.107285        83.597287      
816             424.930000      34816.299574    415.967017      0.102377        83.699664      
817             424.718000      34859.826798    415.977719      0.102485        83.802149      
818             424.433000      34903.279400    415.988036      0.102378        83.904527      
819             424.536000      34946.731508    415.998451      0.102352        84.006879      
820             424.526000      34990.197876    416.008831      0.102388        84.109267      
821             424.871000      35033.678750    416.019601      0.102339        84.211606      
822             424.879000      35077.170639    416.030357      0.102363        84.313969      
823             424.997000      35120.677157    416.041231      0.102369        84.416338      
824             424.486000      35164.131788    416.051459      0.102370        84.518708      
825             424.440000      35208.802401    416.061892      0.105246        84.623954      
826             424.286000      35252.234013    416.071828      0.102364        84.726318      
827             424.176000      35295.670484    416.081611      0.102402        84.828720      
828             424.053000      35339.071884    416.091217      0.102349        84.931069      
829             424.550000      35382.514387    416.101396      0.102326        85.033395      
830             424.562000      35425.978073    416.111570      0.102373        85.135768      
831             424.369000      35469.438551    416.121491      0.102412        85.238180      
832             394.897000      35509.843622    416.096044      0.102318        85.340498      
833             370.617000      35547.756630    416.041594      0.102297        85.442795      
834             343.230000      35582.854643    415.954557      0.102258        85.545053      
835             305.493000      35614.080304    415.822729      0.102214        85.647267      
836             289.114000      35643.647704    415.671610      0.102269        85.749536      
837             245.592000      35668.777660    415.468898      0.102324        85.851860      
838             215.887000      35690.861821    415.231373      0.102295        85.954155      
839             185.790000      35709.867766    414.958629      0.102298        86.056453      
840             180.429000      35728.328359    414.680121      0.102315        86.158768      
841             126.129000      35741.235896    414.337798      0.102336        86.261104      
842             126.024000      35754.126513    413.996325      0.102287        86.363391      
843             125.295000      35766.948702    413.654635      0.102336        86.465727      
