#timestep       power           acc-energy      avg-power       dt              acc-time       
1               136.872000      13.705404       136.872000      0.100133        0.100133       
2               136.857000      28.823860       136.864132      0.110469        0.210602       
3               136.873000      42.529775       136.866990      0.100136        0.310738       
4               136.777000      56.229085       136.845054      0.100158        0.410896       
5               136.735000      69.923506       136.823486      0.100153        0.511049       
6               136.695000      83.618705       136.802426      0.100188        0.611237       
7               136.646000      97.301752       136.780407      0.100135        0.711372       
8               136.617000      110.980392      136.760246      0.100124        0.811496       
9               136.578000      124.653899      136.740231      0.100115        0.911611       
10              136.542000      138.325166      136.720613      0.100125        1.011736       
11              133.356000      151.677703      136.417619      0.100127        1.111863       
12              133.335000      165.027203      136.162968      0.100120        1.211983       
13              176.642000      182.713130      139.251806      0.100123        1.312106       
14              225.873000      205.330471      145.393571      0.100133        1.412239       
15              225.873000      227.945102      150.721456      0.100121        1.512360       
16              302.072000      258.188248      160.118828      0.100119        1.612479       
17              355.206000      293.765326      171.527974      0.100159        1.712638       
18              407.914000      334.614242      184.586341      0.100141        1.812779       
19              461.108000      380.785908      199.060964      0.100132        1.912911       
20              514.171000      432.274992      214.736235      0.100140        2.013051       
21              567.116000      489.046139      231.429265      0.100105        2.113156       
22              630.870000      552.218307      249.500995      0.100135        2.213291       
23              660.133000      618.318744      267.274400      0.100132        2.313423       
24              662.386000      684.633519      283.663865      0.100115        2.413538       
25              662.297000      750.933422      298.742949      0.100106        2.513644       
26              661.586000      817.158842      312.639084      0.100101        2.613745       
27              660.579000      883.288085      325.473813      0.100108        2.713853       
28              660.004000      949.351185      337.373393      0.100095        2.813948       
29              658.503000      1015.280505     348.406594      0.100120        2.914068       
30              657.275000      1081.083592     358.665546      0.100115        3.014183       
31              656.268000      1146.787832     368.232817      0.100118        3.114301       
32              655.620000      1212.489479     377.192160      0.100213        3.214514       
33              655.213000      1278.116923     385.593320      0.100162        3.314676       
34              655.029000      1343.707597     393.494103      0.100134        3.414810       
35              654.575000      1409.252156     400.931724      0.100133        3.514943       
36              653.967000      1474.732563     407.940138      0.100128        3.615071       
37              653.564000      1540.171966     414.559861      0.100127        3.715198       
38              653.254000      1605.582289     420.824183      0.100130        3.815328       
39              653.381000      1671.000102     426.770895      0.100122        3.915450       
40              654.102000      1736.481599     432.438323      0.100109        4.015559       
41              653.853000      1801.928361     437.823199      0.100094        4.115653       
42              653.484000      1867.355179     442.944907      0.100120        4.215773       
43              653.230000      1932.819277     447.827665      0.100216        4.315989       
44              653.230000      1998.229809     452.485089      0.100134        4.416123       
45              652.963000      2063.610995     456.929892      0.100130        4.516253       
46              652.984000      2128.992324     461.182208      0.100127        4.616380       
47              653.742000      2194.456086     465.270471      0.100137        4.716517       
48              653.670000      2259.953167     469.189624      0.100199        4.816716       
49              654.205000      2325.460676     472.957513      0.100133        4.916849       
50              654.165000      2390.945863     476.573208      0.100105        5.016954       
51              654.030000      2456.422115     480.045033      0.100112        5.117066       
52              654.373000      2521.934013     483.390263      0.100114        5.217180       
53              654.629000      2587.477432     486.614630      0.100123        5.317303       
54              654.075000      2652.967346     489.709666      0.100126        5.417429       
55              653.645000      2718.424010     492.685006      0.100141        5.517570       
56              651.781000      2783.690100     495.520876      0.100135        5.617705       
57              651.046000      2848.881289     498.244492      0.100133        5.717838       
58              650.669000      2914.034078     500.867842      0.100132        5.817970       
59              649.932000      2979.113069     503.389950      0.100132        5.918102       
60              649.932000      3044.190760     505.828084      0.100130        6.018232       
61              649.414000      3109.217883     508.177984      0.100132        6.118364       
62              649.034000      3174.210849     510.446221      0.100138        6.218502       
63              648.511000      3239.139771     512.633889      0.100120        6.318622       
64              648.698000      3304.097793     514.756561      0.100136        6.418758       
65              648.469000      3369.033534     516.810523      0.100137        6.518895       
66              649.358000      3434.058945     518.815807      0.100138        6.619033       
67              649.314000      3499.079950     520.760664      0.100138        6.719171       
68              649.742000      3564.126922     522.654203      0.100112        6.819283       
69              649.670000      3629.206964     524.493029      0.100174        6.919457       
70              650.028000      3694.296868     526.283777      0.100134        7.019591       
71              649.518000      3759.331806     528.016879      0.100128        7.119719       
72              649.008000      3824.318275     529.694903      0.100132        7.219851       
73              649.094000      3889.317250     531.328292      0.100138        7.319989       
74              649.102000      3954.317026     532.917702      0.100138        7.420127       
75              649.304000      4019.337030     534.467473      0.100138        7.520265       
76              650.009000      4084.492632     535.987274      0.100238        7.620503       
77              649.922000      4149.573222     537.464998      0.100136        7.720639       
78              649.514000      4214.617502     538.899755      0.100143        7.820782       
79              649.480000      4279.651234     540.297652      0.100132        7.920914       
80              649.555000      4344.693774     541.661610      0.100134        8.021048       
81              650.523000      4409.835846     543.003922      0.100138        8.121186       
82              650.778000      4475.002152     544.316614      0.100136        8.221322       
83              650.915000      4540.181526     545.599349      0.100135        8.321457       
84              650.981000      4605.365555     546.852329      0.100132        8.421589       
85              650.604000      4670.521594     548.071613      0.100147        8.521736       
86              650.554000      4735.712309     549.262708      0.100208        8.621944       
87              650.400000      4800.836211     550.423759      0.100129        8.722073       
88              650.517000      4865.971177     551.559773      0.100128        8.822201       
89              650.090000      4931.063388     552.665497      0.100128        8.922329       
90              649.932000      4996.139780     553.744926      0.100128        9.022457       
91              649.421000      5061.271511     554.796752      0.100292        9.122749       
92              647.791000      5126.134823     555.806362      0.100130        9.222879       
93              647.264000      5190.957666     556.788810      0.100149        9.323028       
94              647.338000      5255.778209     557.751019      0.100134        9.423162       
95              647.771000      5320.646645     558.697612      0.100141        9.523303       
96              645.918000      5385.378609     559.605904      0.100217        9.623520       
97              645.918000      5450.045981     560.494595      0.100117        9.723637       
98              646.521000      5514.787948     561.371508      0.100139        9.823776       
99              645.864000      5579.464123     562.224094      0.100139        9.923915       
100             646.569000      5644.210896     563.066689      0.100139        10.024054      
101             646.554000      5708.955520     563.892459      0.100138        10.124192      
102             644.084000      5773.452160     564.677854      0.100137        10.224329      
103             645.559000      5838.108767     565.462468      0.100156        10.324485      
104             645.488000      5902.771818     566.231482      0.100177        10.424662      
105             643.872000      5967.253024     566.970250      0.100146        10.524808      
106             645.516000      6031.888541     567.710470      0.100130        10.624938      
107             645.815000      6096.561747     568.439746      0.100142        10.725080      
108             644.432000      6161.091300     569.142679      0.100134        10.825214      
109             645.063000      6225.687264     569.838546      0.100139        10.925353      
110             645.042000      6290.277900     570.521547      0.100134        11.025487      
111             644.177000      6354.780631     571.184456      0.100132        11.125619      
112             646.958000      6419.561830     571.860344      0.100132        11.225751      
113             647.341000      6484.382673     572.527681      0.100134        11.325885      
114             646.616000      6549.134800     573.177006      0.100140        11.426025      
115             646.804000      6613.903812     573.816663      0.100137        11.526162      
116             646.446000      6678.637621     574.442223      0.100138        11.626300      
117             646.399000      6743.362200     575.056656      0.100131        11.726431      
118             647.776000      6808.223363     575.672331      0.100129        11.826560      
119             647.878000      6873.096683     576.278542      0.100132        11.926692      
120             645.351000      6937.718905     576.853638      0.100135        12.026827      
121             646.182000      7002.424986     577.426103      0.100136        12.126963      
122             646.162000      7067.127125     577.989011      0.100133        12.227096      
123             646.242000      7131.837275     578.543424      0.100133        12.327229      
124             648.927000      7196.814985     579.110526      0.100131        12.427360      
125             649.120000      7261.837335     579.670321      0.100170        12.527530      
126             646.976000      7326.620983     580.204032      0.100133        12.627663      
127             647.250000      7391.432067     580.731500      0.100133        12.727796      
128             647.560000      7456.274840     581.253159      0.100134        12.827930      
129             646.826000      7521.091980     581.761425      0.100208        12.928138      
130             649.618000      7586.122640     582.282819      0.100106        13.028244      
131             648.465000      7651.050846     582.787570      0.100126        13.128370      
132             601.503000      7711.281146     582.929236      0.100133        13.228503      
133             551.568000      7766.509650     582.693638      0.100130        13.328633      
134             498.347000      7816.410630     582.064698      0.100133        13.428766      
135             446.973000      7861.166484     581.064848      0.100131        13.528897      
136             398.414000      7901.058881     579.722972      0.100128        13.629025      
137             347.026000      7935.810064     578.025689      0.100140        13.729165      
138             295.576000      7965.407863     575.980511      0.100136        13.829301      
139             244.688000      7989.910674     573.598843      0.100139        13.929440      
140             193.213000      8009.261729     570.883358      0.100154        14.029594      
141             193.213000      8028.609886     568.206766      0.100139        14.129733      
142             141.463000      8042.775566     565.203728      0.100137        14.229870      
143             140.045000      8056.799392     562.232721      0.100138        14.330008      
