#timestep       power           acc-energy      avg-power       dt              acc-time       
1               136.289000      13.676192       136.289000      0.100347        0.100347       
2               136.212000      29.132849       136.248136      0.113475        0.213822       
3               136.198000      42.764634       136.232151      0.100088        0.313910       
4               136.248000      56.406874       136.235984      0.100128        0.414038       
5               136.166000      70.037635       136.222358      0.100104        0.514142       
6               136.197000      83.672453       136.218225      0.100111        0.614253       
7               136.163000      97.305365       136.210485      0.100122        0.714375       
8               136.031000      110.925197      136.188422      0.100123        0.814498       
9               136.006000      124.541030      136.168454      0.100112        0.914610       
10              135.967000      138.155949      136.148575      0.100134        1.014744       
11              132.949000      151.466271      135.861248      0.100116        1.114860       
12              132.930000      164.770836      135.619773      0.100087        1.214947       
13              142.344000      179.017193      136.131538      0.100084        1.315031       
14              162.608000      195.296530      138.004608      0.100114        1.415145       
15              178.506000      213.168551      140.680707      0.100120        1.515265       
16              196.202000      232.812295      144.121863      0.100120        1.615385       
17              211.352000      253.978564      148.046533      0.100147        1.715532       
18              229.625000      276.969997      152.545246      0.100126        1.815658       
19              246.372000      301.640457      157.449399      0.100135        1.915793       
20              263.158000      327.988099      162.699450      0.100121        2.015914       
21              280.303000      356.049233      168.263324      0.100110        2.116024       
22              296.681000      385.741957      174.062876      0.100083        2.216107       
23              300.690000      415.837418      179.534719      0.100088        2.316195       
24              300.554000      445.930086      184.549344      0.100124        2.416319       
25              300.503000      476.009235      189.161658      0.100096        2.516415       
26              300.510000      506.090887      193.421593      0.100102        2.616517       
27              300.512000      536.180552      197.368649      0.100128        2.716645       
28              300.560000      566.302074      201.039978      0.100218        2.816863       
29              300.539000      596.396547      204.455590      0.100135        2.916998       
30              300.488000      626.482608      207.642451      0.100124        3.017122       
31              300.478000      656.570672      210.624559      0.100134        3.117256       
32              300.458000      686.653428      213.420125      0.100123        3.217379       
33              300.439000      716.733982      216.046350      0.100122        3.317501       
34              300.439000      746.814535      218.518700      0.100122        3.417623       
35              300.280000      776.879470      220.845811      0.100123        3.517746       
36              299.130000      806.828963      223.012272      0.100122        3.617868       
37              298.813000      836.746420      225.053495      0.100121        3.717989       
38              298.802000      866.662775      226.987377      0.100121        3.818110       
39              298.783000      896.577228      228.821942      0.100121        3.918231       
40              298.789000      926.492281      230.565237      0.100121        4.018352       
41              298.761000      956.404830      232.223107      0.100122        4.118474       
42              298.801000      986.321384      233.803233      0.100122        4.218596       
43              298.807000      1016.261845     235.311380      0.100200        4.318796       
44              298.814000      1046.179700     236.750195      0.100122        4.418918       
45              298.883000      1076.099383     238.126556      0.100105        4.519023       
46              300.295000      1106.162216     239.473939      0.100111        4.619134       
47              300.331000      1136.237963     240.765313      0.100142        4.719276       
48              300.353000      1166.306902     242.003114      0.100112        4.819388       
49              299.773000      1196.332466     243.179297      0.100161        4.919549       
50              299.733000      1226.343232     244.307346      0.100125        5.019674       
51              299.674000      1256.348092     245.390120      0.100125        5.119799       
52              299.646000      1286.352844     246.430911      0.100134        5.219933       
53              299.634000      1316.352800     247.432179      0.100122        5.320055       
54              299.627000      1346.352653     248.396345      0.100124        5.420179       
55              299.589000      1376.350500     249.324902      0.100130        5.520309       
56              299.568000      1406.335459     250.219683      0.100094        5.620403       
57              299.547000      1436.320114     251.082836      0.100100        5.720503       
58              299.535000      1466.310756     251.916289      0.100124        5.820627       
59              300.080000      1496.360167     252.730883      0.100138        5.920765       
60              298.761000      1526.276003     253.496406      0.100133        6.020898       
61              298.809000      1556.196345     254.237660      0.100132        6.121030       
62              298.837000      1586.119791     254.955511      0.100133        6.221163       
63              298.856000      1616.040656     255.650818      0.100118        6.321281       
64              298.843000      1645.966794     256.324386      0.100140        6.421421       
65              298.850000      1675.883771     256.977164      0.100107        6.521528       
66              298.850000      1705.806725     257.610329      0.100127        6.621655       
67              298.865000      1735.741043     258.225054      0.100160        6.721815       
68              298.865000      1765.660717     258.821441      0.100111        6.821926       
69              298.863000      1795.587065     259.400679      0.100134        6.922060       
70              300.308000      1825.657505     259.983992      0.100132        7.022192       
71              300.308000      1855.727345     260.550891      0.100130        7.122322       
72              300.273000      1885.787375     261.101473      0.100109        7.222431       
73              300.278000      1915.849407     261.637096      0.100114        7.322545       
74              300.281000      1945.909937     262.158279      0.100108        7.422653       
75              300.251000      1975.967765     262.665197      0.100109        7.522762       
76              300.238000      2006.030596     263.158732      0.100130        7.622892       
77              300.211000      2036.083818     263.639011      0.100107        7.722999       
78              300.210000      2066.134239     264.106944      0.100098        7.823097       
79              300.231000      2096.184359     264.563282      0.100090        7.923187       
80              300.187000      2126.233378     265.007735      0.100101        8.023288       
81              300.168000      2156.281696     265.441017      0.100105        8.123393       
82              300.032000      2186.320600     265.862152      0.100119        8.223512       
83              300.056000      2216.374509     266.273616      0.100161        8.323673       
84              300.057000      2246.411115     266.675077      0.100103        8.423776       
85              300.034000      2276.440618     267.066777      0.100087        8.523863       
86              300.013000      2306.492620     267.449451      0.100169        8.624032       
87              300.056000      2336.539027     267.823709      0.100136        8.724168       
88              300.045000      2366.584634     268.189351      0.100137        8.824305       
89              300.066000      2396.639844     268.547113      0.100162        8.924467       
90              300.064000      2426.684653     268.896793      0.100128        9.024595       
91              300.072000      2456.734463     269.238934      0.100142        9.124737       
92              299.170000      2486.690953     269.563823      0.100132        9.224869       
93              299.156000      2516.645743     269.881581      0.100131        9.325000       
94              299.183000      2546.593961     270.192779      0.100100        9.425100       
95              299.196000      2576.544378     270.497582      0.100103        9.525203       
96              299.235000      2606.497802     270.796442      0.100100        9.625303       
97              299.224000      2636.449526     271.089030      0.100098        9.725401       
98              299.221000      2666.405737     271.375672      0.100114        9.825515       
99              299.221000      2696.367633     271.656584      0.100133        9.925648       
100             299.249000      2726.334129     271.932181      0.100139        10.025787      
101             299.222000      2756.307795     272.202148      0.100172        10.125959      
102             299.222000      2786.278469     272.466800      0.100162        10.226121      
103             300.282000      2816.348408     272.736539      0.100139        10.326260      
104             300.282000      2846.417747     273.001090      0.100137        10.426397      
105             300.301000      2876.524724     273.261095      0.100256        10.526653      
106             300.301000      2906.595364     273.515889      0.100135        10.626788      
107             300.235000      2936.650089     273.765233      0.100104        10.726892      
108             300.235000      2966.711118     274.010018      0.100125        10.827017      
109             300.229000      2996.776651     274.250302      0.100142        10.927159      
110             300.229000      3026.841883     274.486219      0.100141        11.027300      
111             300.242000      3056.906916     274.717996      0.100136        11.127436      
112             300.242000      3086.971949     274.945638      0.100136        11.227572      
113             300.235000      3117.037482     275.169203      0.100140        11.327712      
114             300.241000      3147.114124     275.388978      0.100175        11.427887      
115             300.221000      3177.175853     275.604668      0.100132        11.528019      
116             300.208000      3207.238082     275.816544      0.100138        11.628157      
117             300.271000      3237.304818     276.025328      0.100132        11.728289      
118             300.274000      3267.371854     276.230602      0.100132        11.828421      
119             300.291000      3297.440592     276.432573      0.100132        11.928553      
120             300.267000      3327.507228     276.630983      0.100133        12.028686      
121             300.260000      3357.577666     276.826088      0.100148        12.128834      
122             300.245000      3387.642699     277.017850      0.100135        12.228969      
123             300.240000      3417.704529     277.206440      0.100126        12.329095      
124             300.245000      3447.768662     277.392042      0.100132        12.429227      
125             300.260000      3477.842403     277.574847      0.100159        12.529386      
126             300.247000      3507.907336     277.754605      0.100134        12.629520      
127             300.254000      3537.972670     277.931588      0.100133        12.729653      
128             300.199000      3568.032196     278.105377      0.100132        12.829785      
129             300.199000      3598.114838     278.276605      0.100209        12.929994      
130             300.160000      3628.169859     278.444768      0.100130        13.030124      
131             300.166000      3658.225780     278.610414      0.100131        13.130255      
132             300.179000      3688.275800     278.773612      0.100107        13.230362      
133             300.100000      3718.322412     278.933789      0.100122        13.330484      
134             300.100000      3748.370224     279.091584      0.100126        13.430610      
135             300.093000      3778.418536     279.246999      0.100130        13.530740      
136             300.093000      3808.482153     279.400207      0.100181        13.630921      
137             300.080000      3838.535465     279.551041      0.100151        13.731072      
138             300.080000      3868.582176     279.699657      0.100129        13.831201      
139             300.099000      3898.635890     279.846298      0.100146        13.931347      
140             300.113000      3928.691307     279.990948      0.100147        14.031494      
141             300.187000      3958.770044     280.134147      0.100200        14.131694      
142             300.174000      3988.829168     280.275153      0.100139        14.231833      
143             300.194000      4018.886393     280.414310      0.100126        14.331959      
144             300.287000      4048.953229     280.552183      0.100127        14.432086      
145             300.267000      4079.017763     280.688017      0.100126        14.532212      
146             300.290000      4109.090305     280.822174      0.100145        14.632357      
147             300.306000      4139.161446     280.954603      0.100135        14.732492      
148             300.303000      4169.229284     281.085211      0.100125        14.832617      
149             300.361000      4199.304731     281.214464      0.100131        14.932748      
150             300.340000      4229.384083     281.341881      0.100151        15.032899      
151             300.360000      4259.460631     281.467724      0.100135        15.133034      
152             300.368000      4289.539783     281.591972      0.100141        15.233175      
153             300.293000      4319.605719     281.714084      0.100122        15.333297      
154             300.309000      4349.670554     281.834705      0.100113        15.433410      
155             300.272000      4379.736189     281.953550      0.100128        15.533538      
156             300.259000      4409.805326     282.070809      0.100144        15.633682      
157             300.266000      4439.870360     282.186601      0.100128        15.733810      
158             300.246000      4469.936394     282.300813      0.100138        15.833948      
159             300.246000      4499.996123     282.413566      0.100117        15.934065      
160             300.232000      4530.049946     282.524808      0.100102        16.034167      
161             300.219000      4560.103970     282.634593      0.100107        16.134274      
162             300.212000      4590.169601     282.743026      0.100148        16.234422      
163             300.289000      4620.257658     282.850653      0.100197        16.334619      
164             300.285000      4650.326997     282.956880      0.100136        16.434755      
165             300.347000      4680.402244     283.062194      0.100135        16.534890      
166             300.332000      4710.475688     283.166149      0.100134        16.635024      
167             300.328000      4740.550234     283.268841      0.100139        16.735163      
168             300.331000      4770.626882     283.370336      0.100145        16.835308      
169             300.325000      4800.709236     283.470615      0.100166        16.935474      
170             300.358000      4830.783181     283.569871      0.100127        17.035601      
171             300.352000      4860.881155     283.668012      0.100209        17.135810      
172             300.392000      4890.957904     283.765163      0.100125        17.235935      
173             300.340000      4921.032149     283.860900      0.100134        17.336069      
174             300.334000      4951.106095     283.955504      0.100135        17.436204      
175             300.262000      4981.172530     284.048615      0.100134        17.536338      
176             300.292000      5011.241969     284.140840      0.100134        17.636472      
177             300.298000      5041.312009     284.232057      0.100134        17.736606      
178             300.313000      5071.381749     284.322329      0.100128        17.836734      
179             300.353000      5101.458497     284.411825      0.100138        17.936872      
180             300.353000      5131.533144     284.500321      0.100131        18.037003      
181             300.366000      5161.617502     284.587936      0.100159        18.137162      
182             300.366000      5191.692549     284.674562      0.100128        18.237290      
183             300.394000      5221.770700     284.760396      0.100129        18.337419      
184             300.394000      5251.848550     284.845297      0.100128        18.437547      
185             300.416000      5281.930105     284.929404      0.100133        18.537680      
186             300.475000      5312.017268     285.012923      0.100132        18.637812      
187             300.448000      5342.112243     285.095433      0.100167        18.737979      
188             300.436000      5372.197904     285.176981      0.100140        18.838119      
189             300.415000      5402.279960     285.257551      0.100135        18.938254      
190             300.395000      5432.359412     285.337167      0.100133        19.038387      
191             300.401000      5462.439766     285.415982      0.100134        19.138521      
192             300.330000      5492.513611     285.493609      0.100136        19.238657      
193             300.328000      5522.586655     285.570419      0.100134        19.338791      
194             300.301000      5552.652791     285.646289      0.100120        19.438911      
195             300.296000      5582.722931     285.721367      0.100135        19.539046      
196             300.245000      5612.783160     285.795407      0.100119        19.639165      
197             300.252000      5642.860604     285.868772      0.100174        19.739339      
198             300.244000      5672.920433     285.941315      0.100118        19.839457      
199             300.265000      5702.978761     286.013227      0.100106        19.939563      
200             300.244000      5733.035287     286.084316      0.100107        20.039670      
201             300.315000      5763.098320     286.155050      0.100105        20.139775      
202             300.306000      5793.160753     286.225040      0.100106        20.239881      
203             300.321000      5823.224086     286.294414      0.100104        20.339985      
204             300.360000      5853.288019     286.363292      0.100093        20.440078      
205             300.365000      5883.356058     286.431531      0.100105        20.540183      
206             300.440000      5913.433707     286.499476      0.100112        20.640295      
207             300.419000      5943.510456     286.566667      0.100116        20.740411      
208             300.452000      5973.590208     286.633370      0.100115        20.840526      
209             300.478000      6003.671962     286.699559      0.100113        20.940639      
210             300.482000      6033.753215     286.765134      0.100110        21.040749      
211             300.509000      6063.837772     286.830218      0.100112        21.140861      
212             300.506000      6093.924432     286.894679      0.100120        21.240981      
213             300.500000      6124.004182     286.958494      0.100099        21.341080      
214             300.500000      6154.106168     287.021760      0.100173        21.441253      
215             300.493000      6184.188222     287.084365      0.100109        21.541362      
216             300.464000      6214.267673     287.146257      0.100110        21.641472      
217             300.487000      6244.350328     287.207686      0.100113        21.741585      
218             300.477000      6274.432583     287.268509      0.100115        21.841700      
219             300.466000      6304.554600     287.328807      0.100251        21.941951      
220             300.008000      6334.600401     287.386416      0.100150        22.042101      
221             299.776000      6364.622068     287.442452      0.100147        22.142248      
222             299.490000      6394.612098     287.496691      0.100137        22.242385      
223             299.244000      6424.578393     287.549343      0.100140        22.342525      
224             298.970000      6454.518145     287.600304      0.100143        22.442668      
225             298.801000      6484.441273     287.650062      0.100144        22.542812      
226             298.801000      6514.363802     287.699379      0.100142        22.642954      
227             298.538000      6544.272235     287.747123      0.100183        22.743137      
228             298.176000      6574.126212     287.792833      0.100122        22.843259      
229             297.920000      6603.960815     287.837035      0.100143        22.943402      
230             297.750000      6633.783753     287.880123      0.100161        23.043563      
231             297.916000      6663.618550     287.923549      0.100145        23.143708      
232             297.919000      6693.449180     287.966608      0.100130        23.243838      
233             297.964000      6723.286699     288.009493      0.100138        23.343976      
234             297.971000      6753.119853     288.052035      0.100121        23.444097      
235             297.990000      6782.954910     288.094296      0.100121        23.544218      
236             297.983000      6812.789564     288.136170      0.100122        23.644340      
237             297.981000      6842.626700     288.177686      0.100131        23.744471      
238             298.020000      6872.469230     288.219019      0.100136        23.844607      
239             298.053000      6902.316556     288.260146      0.100141        23.944748      
240             298.106000      6932.169189     288.301152      0.100141        24.044889      
241             298.081000      6962.019020     288.341713      0.100140        24.145029      
242             298.087000      6991.868558     288.381963      0.100137        24.245166      
243             298.066000      7021.715099     288.421794      0.100134        24.345300      
244             298.054000      7051.560736     288.461250      0.100135        24.445435      
245             298.032000      7081.433676     288.500333      0.100234        24.545669      
246             298.027000      7111.277503     288.539040      0.100138        24.645807      
247             298.033000      7141.120442     288.577457      0.100133        24.745940      
248             298.046000      7170.962596     288.615614      0.100126        24.846066      
249             297.954000      7200.800603     288.653102      0.100143        24.946209      
250             297.951000      7230.633543     288.690272      0.100127        25.046336      
251             297.992000      7260.473270     288.727312      0.100136        25.146472      
252             297.995000      7290.323131     288.764083      0.100169        25.246641      
253             297.986000      7320.160767     288.800513      0.100131        25.346772      
254             297.992000      7349.998408     288.836680      0.100129        25.446901      
255             297.995000      7379.836051     288.872575      0.100128        25.547029      
256             297.994000      7409.687302     288.908202      0.100174        25.647203      
257             298.008000      7439.547406     288.943615      0.100199        25.747402      
258             297.998000      7469.384754     288.978689      0.100126        25.847528      
259             298.076000      7499.226036     289.013789      0.100113        25.947641      
260             298.107000      7529.074000     289.048742      0.100125        26.047766      
261             298.079000      7558.915583     289.083317      0.100113        26.147879      
262             298.099000      7588.760360     289.117705      0.100117        26.247996      
263             298.106000      7618.606435     289.151859      0.100119        26.348115      
264             298.112000      7648.454899     289.185779      0.100125        26.448240      
265             298.155000      7678.308563     289.219607      0.100128        26.548368      
266             298.155000      7708.162226     289.253181      0.100128        26.648496      
267             298.149000      7738.029303     289.286496      0.100175        26.748671      
268             298.160000      7767.883765     289.319588      0.100129        26.848800      
269             298.160000      7797.737035     289.352434      0.100125        26.948925      
270             298.140000      7827.587110     289.384961      0.100121        27.049046      
271             298.140000      7857.438378     289.417249      0.100125        27.149171      
272             298.161000      7887.295326     289.449381      0.100137        27.249308      
273             298.155000      7917.149288     289.481253      0.100129        27.349437      
274             298.096000      7946.999429     289.512679      0.100136        27.449573      
275             298.083000      7976.847672     289.543830      0.100134        27.549707      
276             298.072000      8006.693919     289.574714      0.100131        27.649838      
277             298.051000      8036.538958     289.605300      0.100134        27.749972      
278             298.065000      8066.385101     289.635716      0.100133        27.850105      
279             298.056000      8096.256273     289.665908      0.100220        27.950325      
280             298.057000      8126.118008     289.695879      0.100188        28.050513      
281             298.077000      8155.964756     289.725690      0.100131        28.150644      
282             298.044000      8185.809988     289.755175      0.100137        28.250781      
283             298.051000      8215.654729     289.784475      0.100133        28.350914      
284             298.096000      8245.502187     289.813726      0.100127        28.451041      
285             298.090000      8275.350237     289.842751      0.100131        28.551172      
286             298.089000      8305.195205     289.871567      0.100121        28.651293      
287             298.117000      8335.045959     289.900283      0.100131        28.751424      
288             298.104000      8364.894814     289.928754      0.100129        28.851553      
289             298.117000      8394.745269     289.957073      0.100130        28.951683      
290             298.124000      8424.596127     289.985221      0.100129        29.051812      
291             298.117000      8454.444794     290.013150      0.100124        29.151936      
292             298.145000      8484.296264     290.040984      0.100124        29.252060      
293             298.157000      8514.148637     290.068668      0.100123        29.352183      
294             298.164000      8544.002010     290.096189      0.100124        29.452307      
295             298.103000      8573.849572     290.123316      0.100125        29.552432      
296             297.896000      8603.677005     290.149562      0.100127        29.652559      
297             297.870000      8633.501835     290.175544      0.100127        29.752686      
298             297.823000      8663.324341     290.201195      0.100135        29.852821      
299             297.818000      8693.179702     290.226687      0.100247        29.953068      
300             297.792000      8722.997019     290.251893      0.100128        30.053196      
301             297.792000      8752.813145     290.276930      0.100124        30.153320      
302             297.773000      8782.632431     290.301742      0.100141        30.253461      
303             297.773000      8812.455588     290.326394      0.100154        30.353615      
304             297.746000      8842.270682     290.350791      0.100136        30.453751      
305             297.827000      8872.096269     290.375295      0.100144        30.553895      
306             297.827000      8901.919473     290.399637      0.100136        30.654031      
307             297.948000      8931.754198     290.424214      0.100134        30.754165      
308             297.988000      8961.591737     290.448760      0.100130        30.854295      
309             297.973000      8991.428071     290.473100      0.100131        30.954426      
310             297.999000      9021.265817     290.497365      0.100127        31.054553      
311             297.979000      9051.102753     290.521411      0.100131        31.154684      
312             298.019000      9080.944289     290.545431      0.100133        31.254817      
313             298.029000      9110.787721     290.569331      0.100136        31.354953      
314             298.025000      9140.631050     290.593066      0.100137        31.455090      
315             298.048000      9170.475789     290.616723      0.100134        31.555224      
316             298.081000      9200.324428     290.640335      0.100136        31.655360      
317             298.082000      9230.177936     290.663805      0.100152        31.755512      
318             298.075000      9260.025975     290.687101      0.100136        31.855648      
319             298.102000      9289.876120     290.710336      0.100134        31.955782      
320             298.103000      9319.722491     290.733426      0.100121        32.055903      
321             298.122000      9349.571956     290.756432      0.100125        32.156028      
322             298.077000      9379.424964     290.779161      0.100152        32.256180      
323             298.090000      9409.273311     290.801786      0.100132        32.356312      
324             298.090000      9439.121361     290.824271      0.100131        32.456443      
325             298.078000      9468.967911     290.846580      0.100130        32.556573      
326             298.083000      9498.820626     290.868772      0.100149        32.656722      
327             298.075000      9528.671645     290.890803      0.100146        32.756868      
328             298.089000      9558.524066     290.912743      0.100146        32.857014      
329             298.081000      9588.370320     290.934521      0.100128        32.957142      
330             297.998000      9618.210052     290.955917      0.100134        33.057276      
331             298.009000      9648.063699     290.977226      0.100177        33.157453      
332             298.018000      9677.918547     290.998434      0.100178        33.257631      
333             298.028000      9707.764859     291.019538      0.100146        33.357777      
334             298.024000      9737.617029     291.040508      0.100167        33.457944      
335             298.041000      9767.461364     291.061397      0.100135        33.558079      
336             298.041000      9797.305700     291.082162      0.100135        33.658214      
337             298.075000      9827.148969     291.102901      0.100120        33.758334      
338             298.075000      9856.993132     291.123518      0.100123        33.858457      
339             298.076000      9886.840376     291.144019      0.100133        33.958590      
340             298.076000      9916.686428     291.164398      0.100129        34.058719      
341             298.161000      9946.543376     291.184909      0.100137        34.158856      
342             298.174000      9976.423094     291.205352      0.100209        34.259065      
343             298.200000      10006.272616    291.225730      0.100099        34.359164      
344             298.220000      10036.128911    291.246050      0.100115        34.459279      
345             298.220000      10066.007275    291.266268      0.100189        34.559468      
346             298.159000      10095.852693    291.286175      0.100099        34.659567      
347             298.134000      10125.701571    291.305899      0.100119        34.759686      
348             298.140000      10155.552540    291.325528      0.100124        34.859810      
349             298.134000      10185.402014    291.345026      0.100121        34.959931      
350             298.130000      10215.254666    291.364404      0.100133        35.060064      
351             298.048000      10245.099404    291.383439      0.100134        35.160198      
352             298.009000      10274.932191    291.402249      0.100107        35.260305      
353             297.929000      10304.791827    291.420748      0.100224        35.360529      
354             297.881000      10334.612694    291.438987      0.100110        35.460639      
355             297.887000      10364.630171    291.457258      0.100768        35.561407      
356             297.935000      10394.533907    291.475489      0.100370        35.661777      
357             297.958000      10424.371421    291.493642      0.100140        35.761917      
358             297.913000      10454.205919    291.511568      0.100145        35.862062      
359             297.909000      10484.036441    291.529381      0.100133        35.962195      
360             297.958000      10513.871571    291.547231      0.100132        36.062327      
361             298.027000      10543.713611    291.565173      0.100132        36.162459      
362             298.054000      10573.558652    291.583091      0.100133        36.262592      
363             298.093000      10603.423099    291.601026      0.100185        36.362777      
364             298.107000      10633.272553    291.618892      0.100130        36.462907      
365             298.120000      10663.122116    291.636695      0.100126        36.563033      
366             298.067000      10692.968161    291.654257      0.100132        36.663165      
367             298.036000      10722.811996    291.671640      0.100135        36.763300      
368             298.034000      10752.672916    291.688932      0.100193        36.863493      
369             298.070000      10782.519261    291.706218      0.100132        36.963625      
370             298.047000      10812.356747    291.723345      0.100110        37.063735      
371             298.036000      10842.193727    291.740350      0.100112        37.163847      
372             298.046000      10872.040351    291.757295      0.100141        37.263988      
373             298.088000      10901.889691    291.774262      0.100136        37.364124      
374             298.026000      10931.734015    291.790972      0.100140        37.464264      
375             298.026000      10961.589365    291.807600      0.100177        37.564441      
376             298.096000      10991.437420    291.824317      0.100129        37.664570      
377             298.096000      11021.288157    291.840947      0.100138        37.764708      
378             298.154000      11051.145299    291.857643      0.100140        37.864848      
379             298.147000      11081.011876    291.874238      0.100174        37.965022      
380             298.147000      11110.867422    291.890740      0.100137        38.065159      
381             298.126000      11140.714009    291.907096      0.100114        38.165273      
382             298.145000      11170.560112    291.923415      0.100106        38.265379      
383             298.086000      11200.412829    291.939502      0.100148        38.365527      
384             298.086000      11230.266738    291.955505      0.100152        38.465679      
385             298.118000      11260.135180    291.971515      0.100190        38.565869      
386             298.118000      11289.987226    291.987432      0.100135        38.666004      
387             298.092000      11319.829812    292.003197      0.100112        38.766116      
388             298.078000      11349.675766    292.018847      0.100128        38.866244      
389             298.073000      11379.517345    292.034402      0.100115        38.966359      
390             298.079000      11409.355649    292.049890      0.100102        39.066461      
391             298.078000      11439.199218    292.065300      0.100120        39.166581      
392             298.066000      11469.045759    292.080602      0.100134        39.266715      
393             298.086000      11498.891620    292.095876      0.100125        39.366840      
394             298.106000      11528.745743    292.111127      0.100146        39.466986      
395             298.120000      11558.597691    292.126333      0.100134        39.567120      
396             298.080000      11588.463221    292.141371      0.100193        39.667313      
397             298.127000      11618.334652    292.156453      0.100197        39.767510      
398             298.127000      11648.187599    292.171449      0.100135        39.867645      
399             298.114000      11678.035369    292.186335      0.100122        39.967767      
400             298.134000      11707.885738    292.201198      0.100124        40.067891      
401             298.134000      11737.768305    292.216002      0.100232        40.168123      
402             298.128000      11767.620159    292.230703      0.100131        40.268254      
403             298.141000      11797.475105    292.245364      0.100137        40.368391      
404             298.115000      11827.319994    292.259884      0.100112        40.468503      
405             298.121000      11857.172936    292.274351      0.100137        40.568640      
406             298.121000      11887.028264    292.288748      0.100145        40.668785      
407             298.096000      11916.872741    292.303009      0.100117        40.768902      
408             298.108000      11946.720506    292.317231      0.100124        40.869026      
409             298.101000      11976.569658    292.331367      0.100131        40.969157      
410             298.120000      12006.414749    292.345477      0.100111        41.069268      
411             298.073000      12036.259308    292.359407      0.100125        41.169393      
412             298.067000      12066.099988    292.373252      0.100114        41.269507      
413             298.006000      12095.937242    292.386885      0.100123        41.369630      
414             298.025000      12125.779976    292.400499      0.100135        41.469765      
415             298.021000      12155.621415    292.414037      0.100132        41.569897      
416             298.046000      12185.466251    292.427571      0.100135        41.670032      
417             298.046000      12215.312875    292.441041      0.100141        41.770173      
418             298.052000      12245.161293    292.454461      0.100145        41.870318      
419             298.052000      12275.007624    292.467817      0.100138        41.970456      
420             298.026000      12304.849861    292.481046      0.100133        42.070589      
421             298.026000      12334.704914    292.494218      0.100176        42.170765      
422             298.074000      12364.551362    292.507435      0.100131        42.270896      
423             298.087000      12394.398515    292.520620      0.100129        42.371025      
424             298.140000      12424.251571    292.533869      0.100131        42.471156      
425             298.134000      12454.104921    292.547041      0.100134        42.571290      
426             298.147000      12483.960169    292.560182      0.100136        42.671426      
427             298.167000      12513.841273    292.573319      0.100216        42.771642      
428             298.154000      12543.696924    292.586354      0.100135        42.871777      
429             298.154000      12573.553767    292.599329      0.100139        42.971916      
430             298.172000      12603.409133    292.612283      0.100128        43.072044      
431             298.173000      12633.267581    292.625181      0.100138        43.172182      
432             298.133000      12663.118744    292.637926      0.100127        43.272309      
433             298.086000      12692.958345    292.650500      0.100104        43.372413      
434             298.086000      12722.803312    292.663018      0.100122        43.472535      
435             298.048000      12752.645368    292.675392      0.100125        43.572660      
436             298.047000      12782.487622    292.687708      0.100126        43.672786      
437             298.005000      12812.325372    292.699870      0.100125        43.772911      
438             298.001000      12842.162722    292.711968      0.100125        43.873036      
439             298.021000      12872.002373    292.724057      0.100126        43.973162      
440             297.995000      12901.848360    292.736035      0.100156        44.073318      
441             297.999000      12931.684914    292.747964      0.100123        44.173441      
442             298.040000      12961.525573    292.759932      0.100123        44.273564      
443             298.073000      12991.369536    292.771920      0.100123        44.373687      
444             298.060000      13021.212495    292.783825      0.100124        44.473811      
445             298.099000      13051.059360    292.795764      0.100124        44.573935      
446             298.093000      13080.905921    292.807636      0.100125        44.674060      
447             298.147000      13110.759380    292.819577      0.100130        44.774190      
448             298.147000      13140.615523    292.831465      0.100139        44.874329      
449             298.153000      13170.475248    292.843315      0.100149        44.974478      
450             298.120000      13200.326600    292.855037      0.100132        45.074610      
451             298.100000      13230.175949    292.866663      0.100132        45.174742      
452             298.074000      13260.020310    292.878179      0.100124        45.274866      
453             298.006000      13289.851009    292.889491      0.100101        45.374967      
454             298.027000      13319.686193    292.900801      0.100109        45.475076      
455             297.992000      13349.522344    292.911986      0.100124        45.575200      
456             297.992000      13379.361773    292.923123      0.100135        45.675335      
457             297.965000      13409.213695    292.934158      0.100186        45.775521      
458             297.965000      13439.049526    292.945139      0.100132        45.875653      
459             297.981000      13468.881298    292.956104      0.100113        45.975766      
460             297.981000      13498.717838    292.967024      0.100129        46.075895      
461             298.002000      13528.556182    292.977942      0.100128        46.176023      
462             298.012000      13558.387481    292.988831      0.100101        46.276124      
463             298.081000      13588.229860    292.999824      0.100115        46.376239      
464             298.106000      13618.078320    293.010824      0.100127        46.476366      
465             298.086000      13647.925075    293.021735      0.100128        46.576494      
466             298.126000      13677.775835    293.032684      0.100128        46.676622      
467             298.120000      13707.631957    293.043576      0.100148        46.776770      
468             298.160000      13737.488507    293.054505      0.100136        46.876906      
469             298.120000      13767.339560    293.065303      0.100131        46.977037      
470             298.113000      13797.209887    293.076046      0.100198        47.077235      
471             298.154000      13827.064047    293.086823      0.100130        47.177365      
472             298.147000      13856.918102    293.097541      0.100132        47.277497      
473             298.160000      13886.775844    293.108241      0.100140        47.377637      
474             298.153000      13916.660018    293.118891      0.100231        47.477868      
475             298.167000      13946.513989    293.129514      0.100125        47.577993      
476             298.185000      13976.371253    293.140132      0.100130        47.678123      
477             298.173000      14006.227017    293.150679      0.100129        47.778252      
478             298.187000      14036.084481    293.161212      0.100130        47.878382      
479             298.160000      14065.940137    293.171644      0.100133        47.978515      
480             298.179000      14095.797396    293.182073      0.100132        48.078647      
481             298.185000      14125.667184    293.192475      0.100172        48.178819      
482             298.133000      14155.521626    293.202722      0.100138        48.278957      
483             298.133000      14185.377261    293.212928      0.100142        48.379099      
484             298.093000      14215.226506    293.223008      0.100134        48.479233      
485             298.086000      14245.080117    293.233033      0.100151        48.579384      
486             298.080000      14274.931338    293.243004      0.100145        48.679529      
487             298.072000      14304.777586    293.252917      0.100131        48.779660      
488             298.066000      14334.619954    293.262776      0.100120        48.879780      
489             298.099000      14364.466520    293.272662      0.100123        48.979903      
490             298.040000      14394.310457    293.282388      0.100134        49.080037      
491             298.087000      14424.159399    293.292171      0.100135        49.180172      
492             298.093000      14454.011028    293.301926      0.100142        49.280314      
493             298.100000      14483.861272    293.311656      0.100135        49.380449      
494             298.160000      14513.717523    293.321468      0.100135        49.480584      
495             298.140000      14543.570878    293.331199      0.100132        49.580716      
496             298.140000      14573.423934    293.340891      0.100131        49.680847      
497             298.174000      14603.281289    293.350613      0.100134        49.780981      
498             298.174000      14633.143416    293.360297      0.100150        49.881131      
499             298.187000      14663.001774    293.369967      0.100133        49.981264      
500             298.243000      14692.857092    293.379707      0.100104        50.081368      
501             298.231000      14722.717172    293.389387      0.100124        50.181492      
502             298.226000      14752.601207    293.399026      0.100206        50.281698      
503             298.239000      14782.465966    293.408646      0.100137        50.381835      
504             298.256000      14812.330935    293.418260      0.100132        50.481967      
505             298.259000      14842.198592    293.427844      0.100140        50.582107      
506             298.223000      14872.062345    293.437318      0.100139        50.682246      
507             298.225000      14901.925702    293.446759      0.100137        50.782383      
508             298.210000      14931.786363    293.456133      0.100133        50.882516      
509             298.185000      14961.644522    293.465420      0.100133        50.982649      
510             298.185000      14991.519379    293.474677      0.100189        51.082838      
511             298.198000      15021.387487    293.483920      0.100162        51.183000      
512             298.201000      15051.248441    293.493131      0.100137        51.283137      
513             298.116000      15081.121154    293.502146      0.100205        51.383342      
514             298.130000      15111.022997    293.511162      0.100298        51.483640      
515             298.139000      15140.876252    293.520145      0.100132        51.583772      
516             298.140000      15170.731991    293.529096      0.100140        51.683912      
517             298.097000      15200.581338    293.537929      0.100133        51.784045      
518             298.058000      15230.452711    293.546660      0.100220        51.884265      
519             298.060000      15260.295372    293.555353      0.100123        51.984388      
520             298.008000      15290.125973    293.563910      0.100100        52.084488      
521             297.979000      15319.957843    293.572381      0.100114        52.184602      
522             298.014000      15349.801561    293.580888      0.100142        52.284744      
523             298.047000      15379.643814    293.589424      0.100126        52.384870      
524             298.047000      15409.486664    293.597928      0.100128        52.484998      
525             298.033000      15439.330497    293.606374      0.100136        52.585134      
526             298.033000      15469.174926    293.614787      0.100138        52.685272      
527             298.085000      15499.026052    293.623268      0.100143        52.785415      
528             298.085000      15528.875091    293.631716      0.100136        52.885551      
529             298.110000      15558.725442    293.640179      0.100132        52.985683      
530             298.101000      15588.575189    293.648593      0.100133        53.085816      
531             298.140000      15618.428842    293.657049      0.100133        53.185949      
532             298.152000      15648.285187    293.665496      0.100138        53.286087      
533             298.086000      15678.150125    293.673792      0.100189        53.386276      
534             298.079000      15707.992602    293.682038      0.100116        53.486392      
535             298.039000      15737.840910    293.690181      0.100149        53.586541      
536             298.047000      15767.687933    293.698308      0.100142        53.686683      
537             297.978000      15797.527748    293.706275      0.100141        53.786824      
538             297.999000      15827.369665    293.714253      0.100141        53.886965      
539             297.992000      15857.203135    293.722186      0.100115        53.987080      
540             298.039000      15887.043693    293.730177      0.100123        54.087203      
541             298.040000      15916.887929    293.738141      0.100135        54.187338      
542             297.994000      15946.735604    293.745993      0.100162        54.287500      
543             298.058000      15976.581940    293.753932      0.100136        54.387636      
544             298.092000      16006.471326    293.761915      0.100269        54.487905      
545             298.026000      16036.321611    293.769739      0.100160        54.588065      
546             298.098000      16066.180001    293.777666      0.100163        54.688228      
547             298.085000      16096.022184    293.785537      0.100113        54.788341      
548             298.103000      16125.864679    293.793411      0.100108        54.888449      
549             298.097000      16155.710449    293.801247      0.100121        54.988570      
550             298.084000      16185.560283    293.809032      0.100139        55.088709      
551             298.084000      16215.410414    293.816789      0.100140        55.188849      
552             298.158000      16245.261099    293.824650      0.100117        55.288966      
553             298.132000      16275.143764    293.832445      0.100233        55.389199      
554             298.138000      16305.000197    293.840215      0.100143        55.489342      
555             298.172000      16334.885082    293.848025      0.100227        55.589569      
556             298.166000      16364.741339    293.855789      0.100133        55.689702      
557             298.208000      16394.600906    293.863601      0.100130        55.789832      
558             298.176000      16424.459057    293.871327      0.100136        55.889968      
559             298.159000      16454.316998    293.878996      0.100141        55.990109      
560             298.148000      16484.169365    293.886616      0.100126        56.090235      
561             298.085000      16514.015125    293.894097      0.100125        56.190360      
562             298.068000      16543.858886    293.901521      0.100124        56.290484      
563             298.041000      16573.701433    293.908872      0.100129        56.390613      
564             298.036000      16603.547652    293.916188      0.100143        56.490756      
565             298.082000      16633.394603    293.923559      0.100130        56.590886      
566             298.082000      16663.243640    293.930904      0.100137        56.691023      
567             298.060000      16693.091070    293.938185      0.100139        56.791162      
568             298.082000      16722.938617    293.945478      0.100132        56.891294      
569             298.082000      16752.796001    293.952748      0.100165        56.991459      
570             298.123000      16782.647057    293.960062      0.100130        57.091589      
571             298.174000      16812.503219    293.967440      0.100130        57.191719      
572             298.174000      16842.359978    293.974792      0.100132        57.291851      
573             298.238000      16872.217181    293.982229      0.100112        57.391963      
574             298.271000      16902.086635    293.989699      0.100142        57.492105      
575             298.264000      16931.957477    293.997132      0.100149        57.592254      
576             298.285000      16961.822666    294.004573      0.100123        57.692377      
577             298.217000      16991.686713    294.011872      0.100142        57.792519      
578             298.164000      17021.546048    294.019055      0.100144        57.892663      
579             298.189000      17051.406993    294.026255      0.100141        57.992804      
580             298.156000      17081.262844    294.033374      0.100135        58.092939      
581             298.150000      17111.116305    294.040457      0.100129        58.193068      
582             298.144000      17140.970060    294.047506      0.100132        58.293200      
583             298.031000      17170.808924    294.054336      0.100120        58.393320      
584             298.031000      17200.660007    294.061145      0.100161        58.493481      
585             298.011000      17230.522795    294.067900      0.100207        58.593688      
586             298.079000      17260.361397    294.074741      0.100103        58.693791      
587             298.092000      17290.203984    294.081582      0.100112        58.793903      
588             298.132000      17320.085158    294.088475      0.100228        58.894131      
589             298.132000      17349.939500    294.095338      0.100138        58.994269      
590             298.178000      17379.799641    294.102257      0.100142        59.094411      
591             298.165000      17411.292425    294.109505      0.105622        59.200033      
592             298.171000      17441.147094    294.116363      0.100126        59.300159      
593             298.252000      17471.058191    294.123345      0.100288        59.400447      
594             298.262000      17500.992362    294.130326      0.100362        59.500809      
595             298.285000      17530.905873    294.137317      0.100285        59.601094      
596             298.231000      17560.774304    294.144184      0.100152        59.701246      
597             298.244000      17590.642248    294.151050      0.100146        59.801392      
598             298.192000      17620.555378    294.157817      0.100315        59.901707      
599             298.179000      17650.416514    294.164529      0.100145        60.001852      
600             298.179000      17680.297330    294.171222      0.100211        60.102063      
601             298.192000      17710.155593    294.177910      0.100131        60.202194      
602             298.184000      17740.023790    294.184564      0.100167        60.302361      
603             298.178000      17769.902418    294.191189      0.100204        60.402565      
604             298.165000      17799.764239    294.197767      0.100152        60.502717      
605             298.159000      17829.647523    294.204318      0.100226        60.602943      
606             298.205000      17859.564343    294.210930      0.100323        60.703266      
607             298.187000      17889.450732    294.217484      0.100227        60.803493      
608             298.213000      17919.320342    294.224055      0.100162        60.903655      
609             298.211000      17949.191542    294.230602      0.100168        61.003823      
610             298.220000      17979.092570    294.237148      0.100265        61.104088      
611             298.178000      18009.010856    294.243608      0.100337        61.204425      
612             298.173000      18038.924466    294.250039      0.100323        61.304748      
613             298.046000      18068.814009    294.256238      0.100285        61.405033      
614             298.047000      18098.835389    294.262446      0.100727        61.505760      
615             298.053000      18128.720567    294.268616      0.100268        61.606028      
616             298.007000      18158.590703    294.274688      0.100233        61.706261      
617             298.007000      18188.436104    294.280736      0.100150        61.806411      
618             298.013000      18218.263629    294.286770      0.100088        61.906499      
619             298.013000      18248.129598    294.292792      0.100217        62.006716      
620             297.997000      18277.971614    294.298765      0.100142        62.106858      
621             298.026000      18307.814149    294.304765      0.100134        62.206992      
622             298.026000      18337.656387    294.310745      0.100133        62.307125      
623             298.026000      18367.547500    294.316716      0.100297        62.407422      
624             298.146000      18397.407717    294.322852      0.100153        62.507575      
625             298.133000      18427.311351    294.328956      0.100303        62.607878      
626             298.167000      18457.174267    294.335086      0.100155        62.708033      
627             298.146000      18487.024048    294.341160      0.100118        62.808151      
628             298.159000      18516.869764    294.347235      0.100100        62.908251      
629             298.105000      18546.707690    294.353205      0.100092        63.008343      
630             298.138000      18576.546533    294.359207      0.100084        63.108427      
631             298.099000      18606.407110    294.365134      0.100170        63.208597      
632             298.108000      18636.276041    294.371057      0.100195        63.308792      
633             298.070000      18666.111060    294.376896      0.100094        63.408886      
634             298.080000      18695.952743    294.382734      0.100113        63.508999      
635             298.041000      18725.788733    294.388491      0.100107        63.609106      
636             298.003000      18755.620323    294.394170      0.100105        63.709211      
637             298.027000      18785.464151    294.399872      0.100138        63.809349      
638             298.004000      18815.303292    294.405518      0.100130        63.909479      
639             298.046000      18845.154983    294.411215      0.100158        64.009637      
640             298.048000      18875.012538    294.416898      0.100177        64.109814      
641             298.036000      18904.858161    294.422542      0.100141        64.209955      
642             298.048000      18934.689785    294.428184      0.100090        64.310045      
643             298.065000      18964.523111    294.433836      0.100090        64.410135      
644             298.091000      18994.371857    294.439512      0.100133        64.510268      
645             298.118000      19024.212872    294.445211      0.100098        64.610366      
646             298.177000      19054.066652    294.450985      0.100121        64.710487      
647             298.185000      19083.943596    294.456758      0.100196        64.810683      
648             298.060000      19113.797286    294.462318      0.100160        64.910843      
649             298.065000      19143.635977    294.467866      0.100108        65.010951      
650             298.029000      19173.481495    294.473343      0.100143        65.111094      
651             298.007000      19203.400504    294.478783      0.100397        65.211491      
652             298.020000      19233.258829    294.484215      0.100189        65.311680      
653             297.993000      19263.084055    294.489584      0.100087        65.411767      
654             298.001000      19292.911571    294.494949      0.100092        65.511859      
655             298.018000      19322.738404    294.500323      0.100084        65.611943      
656             298.002000      19352.597311    294.505662      0.100197        65.712140      
657             298.002000      19382.423437    294.510980      0.100087        65.812227      
658             298.104000      19412.266330    294.516437      0.100109        65.912336      
659             298.104000      19442.113397    294.521878      0.100123        66.012459      
660             298.192000      19472.038157    294.527449      0.100354        66.112813      
661             298.217000      19501.926658    294.533034      0.100224        66.213037      
662             298.217000      19531.808299    294.538600      0.100201        66.313238      
663             298.187000      19561.661589    294.544100      0.100116        66.413354      
664             298.187000      19591.525912    294.549585      0.100153        66.513507      
665             298.179000      19621.383768    294.555041      0.100134        66.613641      
666             298.174000      19651.240527    294.560473      0.100132        66.713773      
667             298.186000      19681.141724    294.565914      0.100277        66.814050      
668             298.194000      19711.157932    294.571372      0.100660        66.914710      
669             298.167000      19741.067064    294.576754      0.100310        67.015020      
670             298.167000      19770.910301    294.582108      0.100089        67.115109      
671             298.128000      19800.774379    294.587393      0.100172        67.215281      
672             298.160000      19830.640171    294.592709      0.100167        67.315448      
673             298.168000      19860.493348    294.598019      0.100122        67.415570      
674             298.108000      19890.342008    294.603224      0.100127        67.515697      
675             298.102000      19920.191259    294.608405      0.100131        67.615828      
676             298.089000      19950.032949    294.613551      0.100110        67.715938      
677             298.095000      19979.871364    294.618690      0.100097        67.816035      
678             298.108000      20009.717639    294.623833      0.100119        67.916154      
679             298.106000      20039.559242    294.628958      0.100104        68.016258      
680             298.087000      20069.395366    294.634040      0.100092        68.116350      
681             298.107000      20099.234684    294.639136      0.100096        68.216446      
682             298.120000      20129.076496    294.644236      0.100100        68.316546      
683             298.179000      20158.948068    294.649412      0.100180        68.416726      
684             298.146000      20188.832733    294.654527      0.100235        68.516961      
685             298.159000      20218.683219    294.659640      0.100116        68.617077      
686             298.111000      20248.537545    294.664670      0.100145        68.717222      
687             298.092000      20278.381026    294.669656      0.100115        68.817337      
688             298.099000      20308.224611    294.674638      0.100113        68.917450      
689             298.072000      20338.074733    294.679567      0.100144        69.017594      
690             298.073000      20367.923466    294.684484      0.100139        69.117733      
691             298.081000      20397.766441    294.689396      0.100117        69.217850      
692             298.068000      20427.606029    294.694276      0.100110        69.317960      
693             298.042000      20457.445397    294.699104      0.100118        69.418078      
694             298.089000      20487.295434    294.703987      0.100138        69.518216      
695             298.082000      20517.136423    294.708845      0.100110        69.618326      
696             298.149000      20546.983225    294.713784      0.100107        69.718433      
697             298.149000      20576.829132    294.718710      0.100104        69.818537      
698             298.142000      20606.681196    294.723612      0.100127        69.918664      
699             298.142000      20636.531770    294.728500      0.100122        70.018786      
700             298.169000      20666.387432    294.733413      0.100130        70.118916      
701             298.169000      20696.241603    294.738312      0.100125        70.219041      
702             298.195000      20726.101061    294.743234      0.100134        70.319175      
703             298.194000      20755.954455    294.748140      0.100114        70.419289      
704             298.206000      20785.860342    294.753057      0.100286        70.519575      
705             298.094000      20815.712071    294.757795      0.100142        70.619717      
706             298.095000      20845.557343    294.762520      0.100120        70.719837      
707             298.088000      20875.391778    294.767219      0.100086        70.819923      
708             298.114000      20905.228518    294.771942      0.100085        70.920008      
709             298.114000      20935.064363    294.776652      0.100082        71.020090      
710             298.087000      20964.900785    294.781311      0.100093        71.120183      
711             298.094000      20994.747149    294.785968      0.100124        71.220307      
712             298.046000      21024.588707    294.790545      0.100124        71.320431      
713             298.047000      21054.431259    294.795110      0.100127        71.420558      
714             298.046000      21084.273114    294.799661      0.100125        71.520683      
715             298.133000      21114.122190    294.804321      0.100120        71.620803      
716             298.127000      21143.977224    294.808960      0.100142        71.720945      
717             298.093000      21173.829152    294.813539      0.100143        71.821088      
718             298.086000      21203.677099    294.818095      0.100132        71.921220      
719             298.067000      21233.525826    294.822613      0.100141        72.021361      
720             298.061000      21263.371271    294.827109      0.100132        72.121493      
721             298.074000      21293.218016    294.831611      0.100132        72.221625      
722             298.114000      21323.068469    294.836155      0.100131        72.321756      
723             298.107000      21352.921799    294.840678      0.100143        72.421899      
724             298.089000      21382.767662    294.845163      0.100124        72.522023      
725             298.088000      21412.613424    294.849633      0.100124        72.622147      
726             298.101000      21442.486424    294.854114      0.100211        72.722358      
727             298.114000      21472.338069    294.858596      0.100135        72.822493      
728             298.114000      21502.190609    294.863067      0.100138        72.922631      
729             298.107000      21532.036187    294.867514      0.100117        73.022748      
730             298.107000      21561.887132    294.871950      0.100135        73.122883      
731             298.108000      21591.739369    294.876376      0.100139        73.223022      
732             298.108000      21621.597866    294.880790      0.100160        73.323182      
733             298.121000      21651.448722    294.885209      0.100130        73.423312      
734             298.121000      21681.302261    294.889616      0.100139        73.523451      
735             298.133000      21711.154914    294.894028      0.100132        73.623583      
736             298.121000      21741.012925    294.898411      0.100154        73.723737      
737             298.160000      21770.867984    294.902835      0.100131        73.823868      
738             298.154000      21800.722740    294.907239      0.100132        73.924000      
739             298.153000      21830.576800    294.911629      0.100130        74.024130      
740             298.172000      21860.433061    294.916034      0.100131        74.124261      
741             298.173000      21890.293298    294.920428      0.100144        74.224405      
742             298.180000      21920.149166    294.924819      0.100127        74.324532      
743             298.140000      21950.001030    294.929145      0.100127        74.424659      
744             298.139000      21979.847427    294.933457      0.100109        74.524768      
745             298.140000      22009.698397    294.937759      0.100124        74.624892      
746             298.140000      22039.553242    294.942050      0.100137        74.725029      
747             298.094000      22069.404375    294.946268      0.100140        74.825169      
748             298.088000      22099.253417    294.950467      0.100135        74.925304      
749             298.082000      22129.100964    294.954647      0.100132        75.025436      
750             298.088000      22158.964910    294.958825      0.100185        75.125621      
751             298.069000      22188.810857    294.962965      0.100131        75.225752      
752             298.048000      22218.654403    294.967066      0.100130        75.325882      
753             298.062000      22248.510976    294.971176      0.100169        75.426051      
754             298.039000      22278.351833    294.975243      0.100124        75.526175      
755             298.040000      22308.205009    294.979302      0.100165        75.626340      
756             298.040000      22338.046860    294.983349      0.100127        75.726467      
757             298.056000      22367.893294    294.987407      0.100137        75.826604      
758             298.084000      22397.738656    294.991490      0.100124        75.926728      
759             298.112000      22427.590996    294.995601      0.100138        76.026866      
760             298.121000      22457.440361    294.999711      0.100125        76.126991      
761             298.130000      22487.290925    295.003823      0.100126        76.227117      
762             298.152000      22517.143692    295.007953      0.100126        76.327243      
763             298.127000      22546.998428    295.012040      0.100141        76.427384      
764             298.166000      22576.847827    295.016165      0.100110        76.527494      
765             298.013000      22606.684888    295.020081      0.100120        76.627614      
766             298.019000      22636.520762    295.023994      0.100114        76.727728      
767             298.000000      22666.354138    295.027872      0.100112        76.827840      
768             298.010000      22696.191794    295.031753      0.100123        76.927963      
769             297.953000      22726.042215    295.035553      0.100185        77.028148      
770             297.969000      22755.880533    295.039361      0.100139        77.128287      
771             297.978000      22785.720645    295.043172      0.100142        77.228429      
772             297.934000      22815.552777    295.046915      0.100130        77.328559      
773             297.953000      22845.388003    295.050673      0.100134        77.428693      
774             297.875000      22875.214822    295.054321      0.100132        77.528825      
775             297.875000      22905.042237    295.057959      0.100134        77.628959      
776             297.989000      22934.880174    295.061735      0.100131        77.729090      
777             297.989000      22964.723474    295.065502      0.100149        77.829239      
778             297.875000      22994.549698    295.069112      0.100130        77.929369      
779             297.875000      23024.376517    295.072713      0.100132        78.029501      
780             297.810000      23054.198020    295.076221      0.100136        78.129637      
781             297.810000      23084.018628    295.079720      0.100133        78.229770      
782             297.850000      23113.840860    295.083261      0.100125        78.329895      
783             297.808000      23143.659779    295.086740      0.100128        78.430023      
784             297.802000      23173.478991    295.090202      0.100131        78.530154      
785             297.868000      23203.303025    295.093739      0.100125        78.630279      
786             297.887000      23233.125982    295.097291      0.100115        78.730394      
787             297.945000      23263.012845    295.100915      0.100310        78.830704      
788             297.955000      23292.880450    295.104539      0.100242        78.930946      
789             297.967000      23322.719461    295.108166      0.100142        79.031088      
790             297.948000      23352.556272    295.111760      0.100141        79.131229      
791             297.994000      23382.403053    295.115404      0.100159        79.231388      
792             297.985000      23412.237907    295.119025      0.100122        79.331510      
793             298.025000      23442.079150    295.122689      0.100130        79.431640      
794             298.045000      23471.925078    295.126368      0.100139        79.531779      
795             298.036000      23501.767721    295.130027      0.100131        79.631910      
796             298.030000      23531.676820    295.133677      0.100356        79.732266      
797             298.074000      23561.522075    295.137365      0.100127        79.832393      
798             298.093000      23591.368041    295.141067      0.100123        79.932516      
799             298.074000      23621.212700    295.144736      0.100125        80.032641      
800             298.167000      23651.066373    295.148512      0.100124        80.132765      
801             298.161000      23680.919445    295.152272      0.100124        80.232889      
802             298.168000      23710.773516    295.156030      0.100125        80.333014      
803             298.168000      23740.627885    295.159780      0.100126        80.433140      
804             298.161000      23770.483342    295.163511      0.100132        80.533272      
805             298.174000      23800.339505    295.167250      0.100130        80.633402      
806             298.180000      23830.195075    295.170986      0.100126        80.733528      
807             298.187000      23860.053434    295.174722      0.100133        80.833661      
808             298.187000      23889.998864    295.178460      0.100425        80.934086      
809             298.186000      23919.887836    295.182180      0.100236        81.034322      
810             298.179000      23949.745095    295.185879      0.100132        81.134454      
811             298.180000      23979.624222    295.189572      0.100205        81.234659      
812             298.179000      24009.482078    295.193252      0.100134        81.334793      
813             297.863000      24039.342844    295.196539      0.100250        81.435043      
814             297.830000      24069.164860    295.199773      0.100131        81.535174      
815             297.830000      24098.985982    295.202999      0.100128        81.635302      
816             297.838000      24128.810883    295.206227      0.100138        81.735440      
817             297.838000      24158.634594    295.209448      0.100134        81.835574      
818             297.850000      24188.470228    295.212676      0.100170        81.935744      
819             297.850000      24218.285609    295.215894      0.100102        82.035846      
820             297.848000      24248.102874    295.219102      0.100109        82.135955      
821             297.856000      24277.925706    295.222312      0.100125        82.236080      
822             297.843000      24307.742471    295.225499      0.100109        82.336189      
823             297.850000      24337.566787    295.228687      0.100132        82.436321      
824             298.199000      24367.426050    295.232290      0.100132        82.536453      
825             298.190000      24397.284113    295.235874      0.100131        82.636584      
826             298.198000      24427.143275    295.239459      0.100132        82.736716      
827             298.164000      24456.999032    295.242994      0.100132        82.836848      
828             298.188000      24486.854211    295.246549      0.100122        82.936970      
829             298.164000      24516.715932    295.250068      0.100152        83.037122      
830             298.152000      24546.567209    295.253563      0.100121        83.137243      
831             298.153000      24576.433493    295.257052      0.100171        83.237414      
832             298.092000      24606.304994    295.260461      0.100209        83.337623      
833             296.707000      24636.017233    295.262197      0.100140        83.437763      
834             280.906000      24664.139575    295.244993      0.100113        83.537876      
835             267.881000      24691.023309    295.212159      0.100357        83.638233      
836             248.271000      24715.979013    295.155812      0.100518        83.738751      
837             235.272000      24739.539151    295.084284      0.100140        83.838891      
838             215.618000      24761.127041    294.989498      0.100121        83.939012      
839             199.273000      24781.082638    294.875441      0.100142        84.039154      
840             181.927000      24799.301535    294.741008      0.100144        84.139298      
841             165.888000      24815.917873    294.587794      0.100166        84.239464      
842             149.909000      24830.928561    294.416024      0.100132        84.339596      
843             134.830000      24844.431650    294.226749      0.100149        84.439745      
844             134.636000      24857.914369    294.037705      0.100142        84.539887      
845             134.522000      24871.386074    293.848968      0.100145        84.640032      
