#timestep       power           acc-energy      avg-power       dt              acc-time       
1               76.320000       7.638640        76.320000       0.100087        0.100087       
2               75.171000       15.523251       75.732041       0.104889        0.204976       
3               75.171000       23.235495       75.544896       0.102596        0.307572       
4               75.171000       30.943304       75.451413       0.102537        0.410109       
5               75.171000       38.705386       75.395011       0.103259        0.513368       
6               75.171000       46.540910       75.357203       0.104236        0.617604       
7               75.443000       54.320366       75.369479       0.103117        0.720721       
8               75.443000       62.169380       75.378753       0.104039        0.824760       
9               75.171000       69.870800       75.355797       0.102452        0.927212       
10              75.171000       77.581164       75.337391       0.102571        1.029783       
11              75.171000       85.282884       75.322334       0.102456        1.132239       
12              75.171000       93.068345       75.309651       0.103570        1.235809       
13              177.060000      111.898322      83.372006       0.106348        1.342157       
14              178.208000      130.216144      90.118346       0.102789        1.444946       
15              178.534000      149.050052      96.134159       0.105492        1.550438       
16              178.622000      167.563687      101.302948      0.103647        1.654085       
17              178.893000      186.658368      106.006321      0.106738        1.760823       
18              173.506000      204.592469      109.748957      0.103363        1.864186       
19              173.506000      222.426283      113.080611      0.102785        1.966971       
20              176.552000      240.592601      116.235834      0.102895        2.069866       
21              176.734000      259.194385      119.163312      0.105253        2.175119       
22              176.877000      277.632751      121.802780      0.104244        2.279363       
23              176.734000      295.783686      124.171123      0.102702        2.382065       
24              174.111000      313.670631      126.235868      0.102733        2.484798       
25              175.586000      332.033064      128.228988      0.104578        2.589376       
26              175.586000      350.280488      130.056294      0.103923        2.693299       
27              175.405000      368.532080      131.743144      0.104054        2.797353       
28              175.586000      386.676083      133.305001      0.103334        2.900687       
29              175.676000      404.849590      134.764069      0.103449        3.004136       
30              173.932000      422.743714      136.061003      0.102880        3.107016       
31              174.111000      440.974355      137.301490      0.104707        3.211723       
32              175.586000      459.097112      138.493507      0.103213        3.314936       
33              175.405000      477.126641      139.603620      0.102788        3.417724       
34              175.586000      496.690082      140.739614      0.111418        3.529142       
35              175.586000      514.990358      141.739191      0.104224        3.633366       
36              175.857000      533.096243      142.679340      0.102958        3.736324       
37              173.932000      550.963755      143.515612      0.102727        3.839051       
38              174.111000      568.857491      144.313301      0.102772        3.941823       
39              175.405000      586.888248      145.103505      0.102795        4.044618       
40              175.676000      605.273971      145.874634      0.104657        4.149275       
41              175.857000      623.342047      146.599108      0.102743        4.252018       
42              175.676000      641.394688      147.285244      0.102761        4.354779       
43              175.857000      659.522380      147.945927      0.103082        4.457861       
44              174.203000      678.039462      148.557436      0.106296        4.564157       
45              175.586000      696.198741      149.156316      0.103421        4.667578       
46              175.676000      714.254896      149.727703      0.102781        4.770359       
47              175.676000      732.598106      150.283502      0.104415        4.874774       
48              175.857000      750.680426      150.811782      0.102824        4.977598       
49              176.734000      771.948772      151.423697      0.120341        5.097939       
50              176.734000      790.110312      151.923810      0.102762        5.200701       
51              177.929000      808.379883      152.427298      0.102679        5.303380       
52              177.746000      827.188254      152.922589      0.105816        5.409196       
53              178.208000      845.725628      153.399663      0.104021        5.513217       
54              177.929000      864.272236      153.854823      0.104236        5.617453       
55              177.746000      882.552879      154.284369      0.102847        5.720300       
56              176.734000      900.846085      154.683369      0.103507        5.823807       
57              176.552000      918.991217      155.062600      0.102775        5.926582       
58              177.929000      937.295129      155.452737      0.102872        6.029454       
59              177.929000      955.758999      155.833024      0.103771        6.133225       
60              177.746000      974.176506      156.197080      0.103617        6.236842       
61              177.746000      992.754874      156.552261      0.104522        6.341364       
62              177.929000      1011.042416     156.893207      0.102780        6.444144       
63              176.734000      1029.458276     157.208925      0.104201        6.548345       
64              177.657000      1047.708802     157.524755      0.102729        6.651074       
65              178.208000      1066.149587     157.841620      0.103479        6.754553       
66              177.746000      1084.612064     158.143069      0.103870        6.858423       
67              178.208000      1102.924362     158.439259      0.102758        6.961181       
68              177.746000      1121.208738     158.720408      0.102868        7.064049       
69              176.877000      1139.384264     158.980738      0.102758        7.166807       
70              176.734000      1157.836531     159.235656      0.104407        7.271214       
71              177.746000      1176.093356     159.493490      0.102713        7.373927       
72              177.929000      1194.482318     159.748304      0.103350        7.477277       
73              177.929000      1213.082304     159.998974      0.104536        7.581813       
74              177.929000      1231.368067     160.238762      0.102770        7.684583       
75              178.208000      1249.863028     160.478209      0.103783        7.788366       
76              176.552000      1268.044530     160.687970      0.102981        7.891347       
77              176.877000      1286.229608     160.896175      0.102812        7.994159       
78              178.208000      1304.910974     161.120250      0.104829        8.098988       
79              178.208000      1323.223628     161.334343      0.102760        8.201748       
80              178.208000      1341.885035     161.547064      0.104717        8.306465       
81              178.208000      1360.204461     161.750734      0.102798        8.409263       
82              176.734000      1378.658319     161.934496      0.104416        8.513679       
83              177.657000      1397.255098     162.125461      0.104678        8.618357       
84              178.208000      1415.576485     162.315049      0.102809        8.721166       
85              178.208000      1433.973075     162.500970      0.103231        8.824397       
86              177.746000      1452.575082     162.679653      0.104655        8.929052       
87              178.025000      1470.889760     162.854442      0.102877        9.031929       
88              177.060000      1489.079665     163.014205      0.102733        9.134662       
89              176.877000      1507.324351     163.168997      0.103149        9.237811       
90              178.025000      1525.634044     163.332574      0.102849        9.340660       
91              178.208000      1543.951688     163.494487      0.102788        9.443448       
92              178.208000      1562.855993     163.657931      0.106080        9.549528       
93              178.208000      1581.484431     163.815476      0.104532        9.654060       
94              178.208000      1599.851973     163.967509      0.103068        9.757128       
95              176.877000      1618.022371     164.102012      0.102729        9.859857       
96              176.877000      1636.199136     164.233787      0.102765        9.962622       
97              178.025000      1654.607811     164.375459      0.103405        10.066027      
98              178.025000      1673.481309     164.517719      0.106016        10.172043      
99              178.208000      1692.137370     164.657179      0.104687        10.276730      
100             178.025000      1710.617077     164.790855      0.103804        10.380534      
101             178.208000      1729.341926     164.925304      0.105073        10.485607      
102             177.060000      1748.096121     165.046657      0.105920        10.591527      
103             177.149000      1766.625375     165.165005      0.104597        10.696124      
104             178.208000      1785.073111     165.290026      0.103518        10.799642      
105             178.208000      1803.591952     165.413142      0.103917        10.903559      
106             178.208000      1822.026322     165.533387      0.103443        11.007002      
107             178.350000      1840.762525     165.654555      0.105053        11.112055      
108             177.474000      1858.990347     165.762800      0.102707        11.214762      
109             177.060000      1877.391130     165.866526      0.103924        11.318686      
110             178.208000      1896.125424     165.980097      0.105126        11.423812      
111             178.208000      1914.685609     166.090570      0.104149        11.527961      
112             178.534000      1933.731795     166.204667      0.106681        11.634642      
113             178.534000      1952.061345     166.312512      0.102667        11.737309      
114             176.877000      1970.292234     166.404476      0.103071        11.840380      
115             177.060000      1989.081133     166.499125      0.106116        11.946496      
116             178.025000      2007.676201     166.599026      0.104452        12.050948      
117             178.534000      2026.393170     166.701959      0.104837        12.155785      
118             178.534000      2045.579683     166.805647      0.107467        12.263252      
119             178.350000      2063.906751     166.901578      0.102759        12.366011      
120             178.350000      2082.295884     166.996245      0.103107        12.469118      
121             177.060000      2100.752087     167.079677      0.104237        12.573355      
122             176.877000      2118.923369     167.159080      0.102734        12.676089      
123             178.208000      2137.586024     167.249613      0.104724        12.780813      
124             178.350000      2156.048994     167.338800      0.103521        12.884334      
125             178.350000      2174.371246     167.425903      0.102732        12.987066      
126             178.350000      2193.204115     167.514008      0.105595        13.092661      
127             178.208000      2211.840929     167.598750      0.104579        13.197240      
128             177.332000      2230.057359     167.673927      0.102725        13.299965      
129             178.208000      2248.575487     167.755592      0.103913        13.403878      
130             178.350000      2266.902197     167.836193      0.102757        13.506635      
131             178.025000      2285.541949     167.914569      0.104703        13.611338      
132             178.350000      2303.871335     167.992771      0.102772        13.714110      
133             178.534000      2322.318182     168.071596      0.103324        13.817434      
134             177.060000      2340.832461     168.139106      0.104565        13.921999      
135             176.877000      2359.399770     168.204497      0.104973        14.026972      
136             178.534000      2377.753601     168.279651      0.102803        14.129775      
137             178.350000      2396.556328     168.354232      0.105426        14.235201      
138             178.534000      2415.335784     168.428901      0.105187        14.340388      
139             178.534000      2433.686044     168.500812      0.102783        14.443171      
140             177.060000      2452.146143     168.562154      0.104259        14.547430      
141             177.149000      2470.474156     168.622793      0.103461        14.650891      
142             178.534000      2488.806741     168.691774      0.102684        14.753575      
143             178.534000      2507.142897     168.759815      0.102704        14.856279      
144             178.534000      2525.665264     168.827599      0.103747        14.960026      
145             178.806000      2544.191711     168.896233      0.103612        15.063638      
146             178.534000      2562.538400     168.961535      0.102763        15.166401      
147             177.332000      2580.776287     169.017915      0.102846        15.269247      
148             178.208000      2599.165927     169.079606      0.103192        15.372439      
149             178.534000      2617.507618     169.142371      0.102735        15.475174      
150             178.534000      2636.106397     169.205170      0.104175        15.579349      
151             178.350000      2654.547252     169.265462      0.103397        15.682746      
152             178.534000      2673.381518     169.327393      0.105494        15.788240      
153             177.149000      2691.661700     169.378183      0.103191        15.891431      
154             177.332000      2709.882563     169.429280      0.102750        15.994181      
155             178.534000      2728.594890     169.488555      0.104811        16.098992      
156             178.350000      2746.921601     169.544757      0.102757        16.201749      
157             178.534000      2765.623038     169.602503      0.104750        16.306499      
158             178.350000      2783.967941     169.657335      0.102859        16.409358      
159             178.350000      2802.588572     169.712292      0.104405        16.513763      
160             177.060000      2821.051327     169.758397      0.104274        16.618037      
161             176.877000      2839.236759     169.802168      0.102814        16.720851      
162             178.534000      2858.353644     169.857730      0.107077        16.827928      
163             178.350000      2876.694979     169.909312      0.102839        16.930767      
164             178.534000      2895.344641     169.962199      0.104460        17.035227      
165             178.350000      2913.678308     170.012510      0.102796        17.138023      
166             178.534000      2932.314401     170.064098      0.104384        17.242407      
167             177.149000      2950.529038     170.106097      0.102821        17.345228      
168             178.208000      2968.845613     170.153823      0.102782        17.448010      
169             178.806000      2987.488641     170.205219      0.104264        17.552274      
170             178.622000      3005.841159     170.254201      0.102745        17.655019      
171             178.806000      3024.529604     170.304530      0.104518        17.759537      
172             178.806000      3042.901921     170.353434      0.102750        17.862287      
173             177.332000      3061.163748     170.393436      0.102981        17.965268      
174             178.350000      3079.772787     170.439380      0.104340        18.069608      
175             178.534000      3098.107693     170.485125      0.102697        18.172305      
176             178.350000      3116.561211     170.529652      0.103468        18.275773      
177             178.534000      3135.231047     170.575192      0.104573        18.380346      
178             178.806000      3153.692766     170.621169      0.103250        18.483596      
179             177.332000      3172.215093     170.658879      0.104450        18.588046      
180             177.149000      3190.415382     170.694554      0.102740        18.690786      
181             178.622000      3208.861854     170.738114      0.103271        18.794057      
182             178.806000      3227.843005     170.783429      0.106155        18.900212      
183             178.622000      3246.200345     170.825821      0.102772        19.002984      
184             178.806000      3264.876453     170.869444      0.104449        19.107433      
185             178.622000      3283.237187     170.910927      0.102791        19.210224      
186             177.332000      3301.464966     170.945101      0.102789        19.313013      
187             178.025000      3319.775015     170.982606      0.102851        19.415864      
188             178.534000      3338.124026     171.022368      0.102776        19.518640      
189             178.622000      3356.734652     171.062719      0.104190        19.622830      
190             178.806000      3375.226232     171.103314      0.103417        19.726247      
191             178.622000      3394.051562     171.143271      0.105392        19.831639      
192             177.929000      3412.340528     171.178260      0.102788        19.934427      
193             177.332000      3430.825616     171.210271      0.104240        20.038667      
194             178.806000      3449.199005     171.249023      0.102756        20.141423      
195             178.806000      3467.571679     171.287379      0.102752        20.244175      
196             178.622000      3486.273760     171.325118      0.104702        20.348877      
197             178.806000      3504.659129     171.362729      0.102823        20.451700      
198             178.622000      3523.598598     171.400170      0.106031        20.557731      
199             177.332000      3541.818397     171.429669      0.102744        20.660475      
200             177.332000      3560.112676     171.458995      0.103164        20.763639      
201             178.622000      3578.539143     171.494407      0.103159        20.866798      
202             178.622000      3596.909522     171.529364      0.102845        20.969643      
203             178.622000      3615.283296     171.563986      0.102864        21.072507      
204             178.622000      3633.636706     171.598234      0.102750        21.175257      
205             178.806000      3652.437084     171.633847      0.105144        21.280401      
206             177.657000      3670.689387     171.662786      0.102739        21.383140      
207             178.622000      3689.041726     171.696065      0.102744        21.485884      
208             178.806000      3707.702277     171.730432      0.104362        21.590246      
209             178.806000      3726.060289     171.763920      0.102670        21.692916      
210             178.806000      3744.424560     171.797104      0.102705        21.795621      
211             177.929000      3762.693953     171.825855      0.102678        21.898299      
212             177.149000      3780.946501     171.850784      0.103035        22.001334      
213             178.622000      3799.731819     171.882997      0.105168        22.106502      
214             178.622000      3818.090231     171.914183      0.102778        22.209280      
215             178.622000      3836.442391     171.945072      0.102743        22.312023      
216             178.622000      3854.801339     171.975688      0.102781        22.414804      
217             178.806000      3873.173298     172.006855      0.102748        22.517552      
218             177.332000      3891.661400     172.031397      0.104257        22.621809      
219             177.332000      3910.095416     172.055643      0.103952        22.725761      
220             178.806000      3928.482395     172.086050      0.102832        22.828593      
221             178.806000      3946.862936     172.116174      0.102796        22.931389      
222             178.622000      3965.238675     172.145230      0.102875        23.034264      
223             178.622000      3983.592085     172.173993      0.102750        23.137014      
224             178.806000      4001.969766     172.203324      0.102780        23.239794      
225             177.332000      4020.206943     172.225919      0.102842        23.342636      
226             176.877000      4038.389722     172.246312      0.102799        23.445435      
227             178.806000      4057.553613     172.276163      0.107177        23.552612      
228             178.806000      4075.925929     172.304526      0.102750        23.655362      
229             178.893000      4094.308080     172.333021      0.102755        23.758117      
230             178.622000      4112.658632     172.360099      0.102734        23.860851      
231             178.534000      4131.075664     172.386675      0.103157        23.964008      
232             177.657000      4149.392278     172.409253      0.103101        24.067109      
233             178.806000      4167.769780     172.436454      0.102779        24.169888      
234             178.806000      4186.895049     172.464517      0.106961        24.276849      
235             178.806000      4205.443847     172.491500      0.103737        24.380586      
236             178.806000      4223.821885     172.518008      0.102782        24.483368      
237             179.078000      4242.554518     172.545917      0.104606        24.587974      
238             177.657000      4260.807531     172.567185      0.102743        24.690717      
239             177.149000      4279.119955     172.586288      0.103373        24.794090      
240             178.622000      4298.073893     172.612009      0.106112        24.900202      
241             178.622000      4316.424267     172.636703      0.102733        25.002935      
242             178.806000      4334.821974     172.661987      0.102892        25.105827      
243             179.078000      4353.215970     172.688130      0.102715        25.208542      
244             177.474000      4371.439001     172.707545      0.102680        25.311222      
245             177.657000      4389.892233     172.727773      0.103870        25.415092      
246             178.806000      4408.250603     172.752229      0.102672        25.517764      
247             178.893000      4427.277483     172.777717      0.106359        25.624123      
248             178.893000      4445.656056     172.802138      0.102735        25.726858      
249             179.078000      4464.052918     172.827098      0.102731        25.829589      
250             179.078000      4482.664494     172.852149      0.103930        25.933519      
251             177.332000      4501.128302     172.870063      0.104120        26.037639      
252             178.622000      4519.476890     172.892667      0.102723        26.140362      
253             178.806000      4538.112945     172.916150      0.104225        26.244587      
254             178.893000      4556.719785     172.939744      0.104011        26.348598      
255             178.806000      4575.101757     172.962543      0.102804        26.451402      
256             178.893000      4593.751174     172.985824      0.104249        26.555651      
257             177.657000      4612.007384     173.003830      0.102761        26.658412      
258             177.332000      4630.224701     173.020445      0.102730        26.761142      
259             178.622000      4648.581327     173.041874      0.102768        26.863910      
260             178.622000      4666.942418     173.063144      0.102793        26.966703      
261             178.806000      4685.334582     173.084967      0.102861        27.069564      
262             179.078000      4703.827788     173.107743      0.103269        27.172833      
263             179.078000      4722.225366     173.130230      0.102735        27.275568      
264             177.474000      4740.820027     173.146852      0.104774        27.380342      
265             177.474000      4759.050866     173.163026      0.102724        27.483066      
266             179.078000      4777.713122     173.185370      0.104213        27.587279      
267             179.078000      4796.117147     173.207240      0.102771        27.690050      
268             178.893000      4814.595899     173.228372      0.103295        27.793345      
269             178.893000      4833.157121     173.249440      0.103756        27.897101      
270             178.893000      4851.747682     173.270385      0.103920        28.001021      
271             177.657000      4870.234314     173.286626      0.104058        28.105079      
272             178.534000      4888.790960     173.305961      0.103939        28.209018      
273             178.893000      4907.342164     173.326424      0.103700        28.312718      
274             179.078000      4925.763022     173.347245      0.102865        28.415583      
275             178.893000      4944.144993     173.367227      0.102754        28.518337      
276             177.746000      4962.613514     173.383122      0.103904        28.622241      
277             177.474000      4981.232311     173.398062      0.104910        28.727151      
278             178.622000      4999.641094     173.416736      0.103060        28.830211      
279             178.893000      5018.582464     173.436775      0.105881        28.936092      
280             179.078000      5037.007441     173.456762      0.102888        29.038980      
281             178.893000      5055.390307     173.475931      0.102759        29.141739      
282             179.078000      5074.360935     173.496222      0.105935        29.247674      
283             177.657000      5092.630826     173.510800      0.102838        29.350512      
284             177.657000      5111.099337     173.525434      0.103956        29.454468      
285             179.078000      5129.756399     173.545005      0.104184        29.558652      
286             179.078000      5148.366722     173.564390      0.103923        29.662575      
287             178.893000      5167.152634     173.583187      0.105012        29.767587      
288             179.078000      5185.937021     173.602482      0.104895        29.872482      
289             179.078000      5204.340867     173.621255      0.102770        29.975252      
290             177.474000      5222.598504     173.634432      0.102875        30.078127      
291             178.534000      5240.944837     173.651114      0.102761        30.180888      
292             179.078000      5259.341699     173.669524      0.102731        30.283619      
293             179.078000      5277.732114     173.687803      0.102695        30.386314      
294             179.078000      5296.595116     173.706423      0.105334        30.491648      
295             179.078000      5315.260774     173.724723      0.104232        30.595880      
296             178.208000      5333.567726     173.739725      0.102728        30.698608      
297             177.474000      5351.798742     173.752180      0.102725        30.801333      
298             179.078000      5370.270638     173.769956      0.103150        30.904483      
299             179.078000      5388.748085     173.787619      0.103181        31.007664      
300             178.893000      5407.141506     173.804492      0.102818        31.110482      
301             178.893000      5425.537788     173.821256      0.102834        31.213316      
302             179.078000      5443.961333     173.838525      0.102880        31.316196      
303             177.474000      5462.501687     173.850613      0.104468        31.420664      
304             177.657000      5480.756477     173.863020      0.102753        31.523417      
305             179.078000      5499.428761     173.880212      0.104269        31.627686      
306             179.078000      5517.829562     173.897044      0.102753        31.730439      
307             178.893000      5536.211176     173.913171      0.102752        31.833191      
308             179.218000      5554.626184     173.930239      0.102752        31.935943      
309             177.657000      5573.436329     173.942553      0.105879        32.041822      
310             177.929000      5591.764973     173.955328      0.103011        32.144833      
311             179.078000      5610.235078     173.971712      0.103140        32.247973      
312             179.078000      5629.004602     173.988255      0.104812        32.352785      
313             178.893000      5647.515555     174.003892      0.103475        32.456260      
314             179.078000      5666.664365     174.020554      0.106930        32.563190      
315             178.350000      5685.250754     174.034366      0.104213        32.667403      
316             177.474000      5703.487627     174.045151      0.102758        32.770161      
317             178.622000      5721.882299     174.059489      0.102981        32.873142      
318             179.078000      5740.289906     174.075132      0.102791        32.975933      
319             179.078000      5758.688738     174.090671      0.102742        33.078675      
320             178.893000      5777.068563     174.105541      0.102742        33.181417      
321             179.078000      5795.465962     174.120889      0.102734        33.284151      
322             177.657000      5813.971070     174.131921      0.104162        33.388313      
323             177.474000      5832.488353     174.142332      0.104338        33.492651      
324             178.893000      5851.180882     174.157107      0.104490        33.597141      
325             178.893000      5869.761961     174.171703      0.103867        33.701008      
326             178.893000      5888.135704     174.186048      0.102708        33.803716      
327             178.893000      5906.519106     174.200314      0.102762        33.906478      
328             179.078000      5925.765872     174.215726      0.107477        34.013955      
329             177.474000      5944.002923     174.225540      0.102759        34.116714      
330             177.332000      5962.228219     174.234870      0.102775        34.219489      
331             179.078000      5981.069911     174.249716      0.105215        34.324704      
332             178.893000      5999.550095     174.263648      0.103303        34.428007      
333             178.893000      6017.937075     174.277427      0.102782        34.530789      
334             179.078000      6036.763187     174.291998      0.105128        34.635917      
335             179.078000      6055.343962     174.306293      0.103758        34.739675      
336             177.657000      6073.601772     174.316176      0.102770        34.842445      
337             178.893000      6091.983564     174.329634      0.102753        34.945198      
338             179.078000      6110.382754     174.343554      0.102744        35.047942      
339             179.403000      6128.931769     174.358435      0.103393        35.151335      
340             179.218000      6147.584061     174.372781      0.104076        35.255411      
341             177.657000      6166.085972     174.382454      0.104144        35.359555      
342             177.657000      6184.528190     174.392039      0.103808        35.463363      
343             178.893000      6203.169735     174.405226      0.104205        35.567568      
344             178.893000      6221.815216     174.418339      0.104227        35.671795      
345             178.893000      6240.181802     174.431180      0.102668        35.774463      
346             178.893000      6258.547852     174.443948      0.102665        35.877128      
347             179.218000      6276.958559     174.457579      0.102728        35.979856      
348             177.657000      6295.397756     174.466781      0.103791        36.083647      
349             177.657000      6313.775662     174.475901      0.103446        36.187093      
350             179.078000      6332.173957     174.488930      0.102739        36.289832      
351             179.078000      6350.574222     174.501887      0.102750        36.392582      
352             178.893000      6368.962812     174.514255      0.102791        36.495373      
353             179.403000      6387.661807     174.528177      0.104229        36.599602      
354             179.218000      6406.070901     174.541302      0.102719        36.702321      
355             177.474000      6424.770272     174.549697      0.105364        36.807685      
356             178.806000      6443.137760     174.561543      0.102723        36.910408      
357             179.078000      6461.745397     174.574221      0.103908        37.014316      
358             179.403000      6480.180311     174.587590      0.102757        37.117073      
359             179.218000      6498.598903     174.600375      0.102772        37.219845      
360             179.078000      6517.472113     174.613018      0.105391        37.325236      
361             177.929000      6535.760545     174.622125      0.102785        37.428021      
362             177.474000      6554.228490     174.630032      0.104060        37.532081      
363             179.078000      6572.952885     174.642389      0.104560        37.636641      
364             178.893000      6591.779406     174.654241      0.105239        37.741880      
365             179.078000      6610.288012     174.666322      0.103355        37.845235      
366             179.078000      6628.695082     174.678272      0.102788        37.948023      
367             179.218000      6647.117796     174.690536      0.102795        38.050818      
368             177.657000      6665.380758     174.698529      0.102799        38.153617      
369             177.657000      6683.734148     174.706518      0.103308        38.256925      
370             178.893000      6702.335263     174.717865      0.103979        38.360904      
371             179.403000      6720.779506     174.730388      0.102809        38.463713      
372             179.218000      6739.835039     174.742759      0.106326        38.570039      
373             178.893000      6758.219872     174.753788      0.102770        38.672809      
374             178.893000      6776.599697     174.764756      0.102742        38.775551      
375             178.806000      6795.303520     174.775628      0.104604        38.880155      
376             178.893000      6813.827174     174.786565      0.103546        38.983701      
377             179.218000      6832.226770     174.798204      0.102666        39.086367      
378             179.218000      6850.630128     174.809786      0.102687        39.189054      
379             179.218000      6869.084206     174.821338      0.102970        39.292024      
380             177.746000      6887.335343     174.828961      0.102681        39.394705      
381             177.474000      6905.558196     174.835837      0.102679        39.497384      
382             179.078000      6924.210960     174.846995      0.104160        39.601544      
383             178.893000      6942.688818     174.857520      0.103290        39.704834      
384             179.218000      6961.512802     174.869025      0.105034        39.809868      
385             178.893000      6979.888869     174.879381      0.102721        39.912589      
386             179.218000      6998.325204     174.890535      0.102871        40.015460      
387             177.929000      7016.605630     174.898316      0.102740        40.118200      
388             177.657000      7035.072720     174.905446      0.103948        40.222148      
389             179.403000      7054.075624     174.917259      0.105923        40.328071      
390             179.218000      7073.324712     174.928682      0.107406        40.435477      
391             179.218000      7092.229344     174.939843      0.105484        40.540961      
392             179.403000      7110.667487     174.951129      0.102775        40.643736      
393             179.218000      7129.109557     174.961904      0.102903        40.746639      
394             177.929000      7147.715059     174.969499      0.104567        40.851206      
395             178.534000      7166.207610     174.978514      0.103580        40.954786      
396             179.218000      7184.934637     174.989304      0.104493        41.059279      
397             179.218000      7203.600012     175.000003      0.104149        41.163428      
398             179.403000      7222.451859     175.011214      0.105081        41.268509      
399             179.078000      7241.362675     175.021594      0.105601        41.374110      
400             178.350000      7259.911075     175.029939      0.104000        41.478110      
401             177.929000      7278.643618     175.037279      0.105281        41.583391      
402             179.218000      7297.055937     175.047583      0.102737        41.686128      
403             179.218000      7315.463060     175.057833      0.102708        41.788836      
404             179.218000      7333.876634     175.068036      0.102744        41.891580      
405             179.683000      7352.507785     175.079431      0.103689        41.995269      
406             177.746000      7371.059668     175.086042      0.104373        42.099642      
407             177.746000      7389.701135     175.092651      0.104877        42.204519      
408             179.218000      7408.508451     175.102884      0.104941        42.309460      
409             179.218000      7427.355375     175.113087      0.105162        42.414622      
410             179.218000      7446.340833     175.123313      0.105935        42.520557      
411             179.218000      7465.101194     175.133369      0.104679        42.625236      
412             179.218000      7483.732698     175.143307      0.103960        42.729196      
413             177.929000      7502.008319     175.149987      0.102713        42.831909      
414             178.208000      7520.314201     175.157304      0.102722        42.934631      
415             179.218000      7538.751970     175.167011      0.102879        43.037510      
416             179.218000      7557.168591     175.176660      0.102761        43.140271      
417             179.218000      7575.833608     175.186393      0.104147        43.244418      
418             179.078000      7594.234410     175.195618      0.102753        43.347171      
419             179.218000      7659.336782     175.229046      0.363258        43.710429      
420             179.218000      7677.739603     175.238395      0.102684        43.813113      
421             179.218000      7696.141707     175.247700      0.102680        43.915793      
422             179.218000      7714.678225     175.257029      0.103430        44.019223      
423             177.929000      7732.946195     175.263246      0.102670        44.121893      
424             177.657000      7751.195300     175.268806      0.102721        44.224614      
425             179.218000      7769.601705     175.277956      0.102704        44.327318      
426             179.218000      7788.256328     175.287187      0.104089        44.431407      
427             179.218000      7807.306843     175.296568      0.106298        44.537705      
428             179.403000      7826.105227     175.306207      0.104783        44.642488      
429             179.218000      7844.651064     175.315253      0.103482        44.745970      
430             177.746000      7863.041554     175.320861      0.103465        44.849435      
431             177.149000      7881.242197     175.325039      0.102742        44.952177      
432             179.218000      7899.682295     175.333930      0.102892        45.055069      
433             179.403000      7918.117389     175.343189      0.102758        45.157827      
434             179.218000      7936.528633     175.351984      0.102731        45.260558      
435             179.218000      7954.941670     175.360740      0.102741        45.363299      
436             179.218000      7973.437326     175.369495      0.103202        45.466501      
437             177.929000      7991.724513     175.375268      0.102778        45.569279      
438             179.218000      8010.141133     175.383914      0.102761        45.672040      
439             179.218000      8056.893375     175.405689      0.260868        45.932908      
440             179.218000      8075.444409     175.414261      0.103511        46.036419      
441             177.929000      8093.723589     175.419860      0.102733        46.139152      
442             177.746000      8112.149095     175.425075      0.103662        46.242814      
443             178.893000      8130.534286     175.432765      0.102772        46.345586      
444             179.403000      8148.976376     175.441551      0.102797        46.448383      
445             179.218000      8167.738888     175.450044      0.104691        46.553074      
446             179.403000      8186.403079     175.458858      0.104035        46.657109      
447             179.218000      8204.823822     175.467121      0.102784        46.759893      
448             177.929000      8223.164210     175.472536      0.103077        46.862970      
449             177.746000      8241.743288     175.477596      0.104526        46.967496      
450             179.683000      8260.224583     175.486785      0.102855        47.070351      
451             179.403000      8309.421012     175.509468      0.274223        47.344574      
452             179.403000      8328.263709     175.518087      0.105030        47.449604      
453             177.929000      8346.552497     175.523298      0.102787        47.552391      
454             178.893000      8364.935363     175.530564      0.102759        47.655150      
455             179.403000      8383.368124     175.538895      0.102745        47.757895      
456             179.403000      8401.800527     175.547190      0.102743        47.860638      
457             179.218000      8420.213205     175.555053      0.102739        47.963377      
458             179.683000      8438.674016     175.563877      0.102741        48.066118      
459             178.025000      8456.960744     175.569125      0.102720        48.168838      
460             177.746000      8475.221301     175.573758      0.102734        48.271572      
461             179.218000      8493.711760     175.581530      0.103173        48.374745      
462             179.218000      8512.192003     175.589265      0.103116        48.477861      
463             179.218000      8531.175670     175.597177      0.105925        48.583786      
464             179.403000      8549.823177     175.605302      0.103942        48.687728      
465             179.218000      8568.442672     175.612995      0.103893        48.791621      
466             177.746000      8586.904794     175.617526      0.103868        48.895489      
467             177.746000      8605.474807     175.622064      0.104475        48.999964      
468             179.218000      8623.943760     175.629611      0.103053        49.103017      
469             179.403000      8642.377597     175.637490      0.102751        49.205768      
470             179.218000      8660.796548     175.644953      0.102774        49.308542      
471             179.218000      8679.214244     175.652384      0.102767        49.411309      
472             179.403000      8697.656693     175.660171      0.102799        49.514108      
473             177.929000      8715.985693     175.664882      0.103013        49.617121      
474             179.078000      8734.450963     175.671960      0.103113        49.720234      
475             179.218000      8753.160964     175.679390      0.104398        49.824632      
476             179.403000      8771.619918     175.687064      0.102891        49.927523      
477             179.683000      8790.597857     175.695499      0.105619        50.033142      
478             179.683000      8809.241046     175.703751      0.103756        50.136898      
479             178.025000      8827.535963     175.708499      0.102766        50.239664      
480             179.403000      8845.976259     175.716042      0.102787        50.342451      
481             179.403000      8864.884259     175.723745      0.105394        50.447845      
482             179.403000      8883.844645     175.731437      0.105686        50.553531      
483             179.218000      8902.526329     175.738611      0.104240        50.657771      
484             179.218000      8920.942771     175.745655      0.102760        50.760531      
485             177.746000      8939.392272     175.749737      0.103797        50.864328      
486             177.746000      8957.729261     175.753778      0.103164        50.967492      
487             179.218000      8976.192299     175.760766      0.103020        51.070512      
488             179.218000      8994.611429     175.767709      0.102775        51.173287      
489             179.218000      9013.027512     175.774624      0.102758        51.276045      
490             179.403000      9031.463144     175.781881      0.102761        51.378806      
491             179.403000      9050.194073     175.789224      0.104407        51.483213      
492             177.746000      9068.461740     175.793123      0.102774        51.585987      
493             178.534000      9086.802895     175.798570      0.102732        51.688719      
494             179.403000      9105.233145     175.805720      0.102731        51.791450      
495             179.218000      9123.980423     175.812598      0.104606        51.896056      
496             179.218000      9142.549200     175.819383      0.103610        51.999666      
497             179.683000      9161.002285     175.826999      0.102698        52.102364      
498             178.350000      9179.319365     175.831962      0.102703        52.205067      
499             177.746000      9197.581522     175.835722      0.102743        52.307810      
500             179.218000      9215.995813     175.842352      0.102748        52.410558      
501             179.403000      9234.699114     175.849421      0.104253        52.514811      
502             179.403000      9253.408335     175.856464      0.104286        52.619097      
503             179.218000      9272.252033     175.863168      0.105144        52.724241      
504             179.498000      9290.701914     175.870240      0.102786        52.827027      
505             177.929000      9309.016146     175.874244      0.102930        52.929957      
506             177.746000      9327.550432     175.877924      0.104274        53.034231      
507             179.218000      9345.968129     175.884383      0.102767        53.136998      
508             179.683000      9364.437924     175.891717      0.102791        53.239789      
509             179.218000      9383.023368     175.898184      0.103703        53.343492      
510             179.683000      9401.594325     175.905503      0.103354        53.446846      
511             179.498000      9420.063772     175.912406      0.102895        53.549741      
512             178.208000      9438.373040     175.916802      0.102741        53.652482      
513             177.746000      9456.640707     175.920299      0.102774        53.755256      
514             179.498000      9475.083229     175.927124      0.102745        53.858001      
515             179.218000      9493.493757     175.933389      0.102727        53.960728      
516             179.683000      9512.181148     175.940602      0.104002        54.064730      
517             179.078000      9530.619019     175.946566      0.102960        54.167690      
518             177.929000      9548.894284     175.950317      0.102711        54.270401      
519             179.403000      9567.326866     175.956842      0.102744        54.373145      
520             179.498000      9586.192824     175.963674      0.105104        54.478249      
521             179.218000      9605.189574     175.969993      0.105998        54.584247      
522             179.218000      9624.261415     175.976313      0.106417        54.690664      
523             179.498000      9642.702681     175.982916      0.102738        54.793402      
524             177.746000      9660.967860     175.986217      0.102760        54.896162      
525             177.929000      9679.448989     175.989886      0.103868        55.000030      
526             179.218000      9697.843925     175.995899      0.102640        55.102670      
527             179.498000      9716.287524     176.002417      0.102751        55.205421      
528             179.403000      9734.719209     176.008734      0.102739        55.308160      
529             179.498000      9753.159756     176.015203      0.102734        55.410894      
530             179.498000      9771.975096     176.021779      0.104822        55.515716      
531             177.929000      9790.266553     176.025304      0.102802        55.618518      
532             177.746000      9808.530843     176.028477      0.102755        55.721273      
533             179.218000      9826.942804     176.034347      0.102735        55.824008      
534             179.683000      9845.423380     176.041057      0.102851        55.926859      
535             179.683000      9864.189473     176.047846      0.104440        56.031299      
536             179.683000      9883.589307     176.054837      0.107967        56.139266      
537             179.403000      9902.091677     176.060976      0.103133        56.242399      
538             177.746000      9920.366276     176.064051      0.102813        56.345212      
539             179.403000      9938.805317     176.070130      0.102780        56.447992      
540             179.498000      9957.621733     176.076484      0.104828        56.552820      
541             179.683000      9976.260969     176.083088      0.103734        56.656554      
542             179.218000      9994.754833     176.088787      0.103192        56.759746      
543             179.683000      10013.453545    176.095365      0.104065        56.863811      
544             178.025000      10031.935744    176.098881      0.103818        56.967629      
545             177.929000      10050.223465    176.102177      0.102781        57.070410      
546             179.403000      10068.649409    176.108107      0.102707        57.173117      
547             179.218000      10087.060115    176.113685      0.102728        57.275845      
548             179.683000      10105.520747    176.120076      0.102740        57.378585      
549             179.498000      10124.382935    176.126251      0.105083        57.483668      
550             177.746000      10142.880783    176.129178      0.104069        57.587737      
551             177.929000      10161.160497    176.132383      0.102736        57.690473      
552             179.218000      10179.574430    176.137869      0.102746        57.793219      
553             179.498000      10198.012644    176.143831      0.102721        57.895940      
554             179.683000      10216.744058    176.150192      0.104247        58.000187      
555             179.498000      10235.190349    176.156113      0.102766        58.102953      
556             179.683000      10253.647207    176.162337      0.102719        58.205672      
557             177.746000      10271.906343    176.165127      0.102726        58.308398      
558             178.893000      10290.523737    176.169987      0.104070        58.412468      
559             179.498000      10309.329563    176.175946      0.104769        58.517237      
560             179.683000      10328.233473    176.182240      0.105207        58.622444      
561             179.498000      10346.750127    176.188064      0.103158        58.725602      
562             179.683000      10365.333302    176.194208      0.103422        58.829024      
563             178.208000      10383.642036    176.197719      0.102738        58.931762      
564             178.208000      10402.276356    176.201280      0.104565        59.036327      
565             179.218000      10420.688138    176.206520      0.102734        59.139061      
566             179.498000      10439.135865    176.212230      0.102774        59.241835      
567             179.498000      10457.961615    176.218037      0.104880        59.346715      
568             179.498000      10476.485091    176.223730      0.103196        59.449911      
569             179.683000      10495.027837    176.229725      0.103197        59.553108      
570             177.929000      10513.317159    176.232653      0.102790        59.655898      
571             177.746000      10532.033102    176.235319      0.105296        59.761194      
572             179.403000      10550.471604    176.240758      0.102777        59.863971      
573             179.498000      10568.923460    176.246341      0.102797        59.966768      
574             179.498000      10587.582457    176.251968      0.103951        60.070719      
575             179.498000      10606.236427    176.257574      0.103923        60.174642      
576             179.498000      10624.678949    176.263098      0.102745        60.277387      
577             177.929000      10642.972364    176.265934      0.102813        60.380200      
578             178.893000      10661.978850    176.270549      0.106245        60.486445      
579             179.683000      10680.932532    176.276489      0.105484        60.591929      
580             179.683000      10699.393343    176.282256      0.102741        60.694670      
581             179.498000      10718.188938    176.287794      0.104712        60.799382      
582             178.350000      10736.723605    176.291313      0.103923        60.903305      
583             177.746000      10755.308549    176.293806      0.104559        61.007864      
584             179.403000      10773.747948    176.299035      0.102782        61.110646      
585             179.403000      10792.173174    176.304243      0.102703        61.213349      
586             179.683000      10810.637399    176.309906      0.102760        61.316109      
587             179.683000      10829.104320    176.315550      0.102775        61.418884      
588             179.683000      10847.717502    176.321220      0.103589        61.522473      
589             178.208000      10866.036571    176.324367      0.102796        61.625269      
590             177.929000      10884.320022    176.327039      0.102757        61.728026      
591             179.218000      10903.100455    176.331938      0.104791        61.832817      
592             179.683000      10921.563243    176.337497      0.102752        61.935569      
593             179.683000      10940.226557    176.343099      0.103868        62.039437      
594             179.498000      10958.662976    176.348313      0.102711        62.142148      
595             179.683000      10977.121271    176.353817      0.102727        62.244875      
596             177.746000      10995.383606    176.356111      0.102744        62.347619      
597             178.350000      11013.708890    176.359391      0.102749        62.450368      
598             179.498000      11032.932767    176.364765      0.107098        62.557466      
599             179.498000      11051.531812    176.369946      0.103617        62.661083      
600             179.498000      11070.273916    176.375149      0.104414        62.765497      
601             179.498000      11088.851420    176.380290      0.103497        62.868994      
602             178.622000      11107.429716    176.383993      0.104009        62.973003      
603             178.208000      11125.747716    176.386965      0.102790        63.075793      
604             179.218000      11144.159677    176.391569      0.102735        63.178528      
605             179.403000      11162.729682    176.396495      0.103510        63.282038      
606             179.498000      11181.173640    176.401523      0.102753        63.384791      
607             179.498000      11199.814148    176.406587      0.103848        63.488639      
608             179.498000      11218.264389    176.411584      0.102788        63.591427      
609             178.208000      11236.578290    176.414483      0.102767        63.694194      
610             177.929000      11254.860317    176.416922      0.102749        63.796943      
611             179.403000      11273.297025    176.421724      0.102767        63.899710      
612             179.498000      11291.832168    176.426688      0.103261        64.002971      
613             179.218000      11310.492167    176.431221      0.104119        64.107090      
614             179.498000      11328.935766    176.436129      0.102751        64.209841      
615             179.683000      11347.399991    176.441317      0.102760        64.312601      
616             178.208000      11365.715853    176.444135      0.102778        64.415379      
617             178.025000      11384.017713    176.446654      0.102805        64.518184      
618             179.683000      11402.701331    176.451862      0.103981        64.622165      
619             179.498000      11421.532825    176.456799      0.104912        64.727077      
620             179.683000      11440.235130    176.461979      0.104085        64.831162      
621             178.893000      11458.611556    176.465825      0.102723        64.933885      
622             177.929000      11476.891981    176.468136      0.102740        65.036625      
623             179.218000      11495.287096    176.472469      0.102641        65.139266      
624             179.498000      11513.730157    176.477234      0.102748        65.242014      
625             179.683000      11532.465883    176.482349      0.104271        65.346285      
626             179.498000      11550.915046    176.487085      0.102782        65.449067      
627             179.498000      11569.632918    176.491875      0.104279        65.553346      
628             178.025000      11587.974122    176.494280      0.103026        65.656372      
629             178.025000      11606.268683    176.496672      0.102764        65.759136      
630             179.498000      11624.713179    176.501355      0.102756        65.861892      
631             179.498000      11643.154804    176.506022      0.102740        65.964632      
632             179.683000      11661.623341    176.510965      0.102784        66.067416      
633             179.498000      11680.351265    176.515675      0.104335        66.171751      
634             179.498000      11698.789838    176.520297      0.102723        66.274474      
635             177.746000      11717.051995    176.522194      0.102743        66.377217      
636             178.208000      11735.772211    176.524858      0.105047        66.482264      
637             179.498000      11754.477339    176.529511      0.104208        66.586472      
638             179.498000      11773.059510    176.534119      0.103523        66.689995      
639             179.498000      11791.572395    176.538696      0.103137        66.793132      
640             179.498000      11810.136258    176.543271      0.103421        66.896553      
641             179.498000      11829.081375    176.547925      0.105545        67.002098      
642             178.208000      11847.656885    176.550504      0.104235        67.106333      
643             179.218000      11866.070101    176.554581      0.102742        67.209075      
644             179.498000      11884.513880    176.559075      0.102752        67.311827      
645             179.498000      11902.960171    176.563555      0.102766        67.414593      
646             179.683000      11921.433740    176.568305      0.102812        67.517405      
647             179.683000      11939.904793    176.573040      0.102798        67.620203      
648             177.929000      11958.186642    176.575097      0.102748        67.722951      
649             178.208000      11976.498405    176.577571      0.102755        67.825706      
650             179.683000      11995.282106    176.582350      0.104538        67.930244      
651             179.683000      12013.739324    176.587031      0.102721        68.032965      
652             179.498000      12032.189026    176.591423      0.102785        68.135750      
653             179.683000      12050.648040    176.596077      0.102731        68.238481      
654             179.498000      12069.088767    176.600439      0.102735        68.341216      
655             178.208000      12087.401956    176.602853      0.102763        68.443979      
656             179.498000      12106.673758    176.607387      0.107365        68.551344      
657             179.498000      12125.322344    176.611762      0.103893        68.655237      
658             179.683000      12143.989970    176.616402      0.103892        68.759129      
659             179.498000      12162.431595    176.620701      0.102740        68.861869      
660             179.498000      12180.870527    176.624987      0.102725        68.964594      
661             178.025000      12199.169539    176.627071      0.102789        69.067383      
662             179.403000      12217.598712    176.631193      0.102725        69.170108      
663             179.683000      12236.059163    176.635719      0.102739        69.272847      
664             179.498000      12254.502224    176.639959      0.102748        69.375595      
665             179.498000      12273.176478    176.644238      0.104036        69.479631      
666             179.498000      12291.627077    176.648454      0.102790        69.582421      
667             178.025000      12309.915586    176.650483      0.102730        69.685151      
668             178.208000      12328.222715    176.652776      0.102729        69.787880      
669             179.683000      12346.681190    176.657230      0.102728        69.890608      
670             179.683000      12365.589592    176.661779      0.105232        69.995840      
671             179.498000      12384.090271    176.665949      0.103069        70.098909      
672             179.498000      12403.094622    176.670220      0.105875        70.204784      
673             179.498000      12421.541990    176.674353      0.102772        70.307556      
674             178.208000      12440.071702    176.676618      0.103978        70.411534      
675             178.208000      12458.436393    176.678856      0.103052        70.514586      
676             179.498000      12477.137392    176.683015      0.104185        70.618771      
677             179.683000      12496.010755    176.687471      0.105037        70.723808      
678             179.683000      12514.863994    176.691908      0.104925        70.828733      
679             179.683000      12533.967711    176.696391      0.106319        70.935052      
680             179.683000      12552.507582    176.700729      0.103181        71.038233      
681             178.025000      12570.813715    176.702643      0.102829        71.141062      
682             179.078000      12589.311398    176.706087      0.103294        71.244356      
683             179.498000      12608.456834    176.710261      0.106661        71.351017      
684             179.683000      12627.331994    176.714631      0.105047        71.456064      
685             179.498000      12645.981837    176.718672      0.103900        71.559964      
686             178.350000      12664.310331    176.721012      0.102767        71.662731      
687             177.929000      12682.853735    176.722766      0.104218        71.766949      
688             179.683000      12701.649116    176.727074      0.104603        71.871552      
689             179.498000      12720.134359    176.731039      0.102983        71.974535      
690             179.823000      12739.073137    176.735557      0.105319        72.079854      
691             179.498000      12757.511710    176.739488      0.102723        72.182577      
692             179.498000      12776.297612    176.743482      0.104658        72.287235      
693             178.208000      12794.609019    176.745561      0.102753        72.389988      
694             178.025000      12813.118100    176.747396      0.103969        72.493957      
695             179.498000      12831.797559    176.751338      0.104065        72.598022      
696             179.683000      12850.265019    176.755483      0.102778        72.700800      
697             179.683000      12868.722775    176.759614      0.102724        72.803524      
698             179.498000      12887.172836    176.763474      0.102787        72.906311      
699             180.009000      12905.737884    176.768059      0.103134        73.009445      
700             177.746000      12924.242665    176.769452      0.104108        73.113553      
701             178.622000      12942.805778    176.772081      0.103924        73.217477      
702             179.683000      12961.661173    176.776247      0.104937        73.322414      
703             179.498000      12980.245319    176.780085      0.103534        73.425948      
704             179.498000      12998.697892    176.783885      0.102801        73.528749      
705             179.683000      13017.175055    176.787934      0.102832        73.631581      
706             178.622000      13035.532038    176.790490      0.102770        73.734351      
707             178.208000      13053.843444    176.792463      0.102753        73.837104      
708             179.498000      13072.287223    176.796222      0.102752        73.939856      
709             179.498000      13091.091972    176.800045      0.104763        74.044619      
710             179.823000      13109.601513    176.804241      0.102932        74.147551      
711             179.683000      13128.060707    176.808225      0.102732        74.250283      
712             179.498000      13146.501972    176.811941      0.102738        74.353021      
713             178.208000      13164.897137    176.813877      0.103223        74.456244      
714             178.208000      13183.479063    176.815826      0.104271        74.560515      
715             179.498000      13201.925354    176.819518      0.102766        74.663281      
716             179.683000      13220.647245    176.823508      0.104194        74.767475      
717             179.498000      13239.340346    176.827228      0.104141        74.871616      
718             179.498000      13257.784663    176.830889      0.102755        74.974371      
719             179.683000      13276.253021    176.834793      0.102783        75.077154      
720             178.534000      13294.952315    176.837161      0.104738        75.181892      
721             179.498000      13313.513665    176.840815      0.103407        75.285299      
722             179.683000      13331.966570    176.844687      0.102697        75.387996      
723             179.683000      13350.415162    176.848548      0.102673        75.490669      
724             180.009000      13368.898847    176.852840      0.102682        75.593351      
725             178.893000      13387.318564    176.855616      0.102965        75.696316      
726             178.208000      13405.626050    176.857448      0.102731        75.799047      
727             179.403000      13424.055582    176.860894      0.102727        75.901774      
728             179.498000      13443.048266    176.864565      0.105810        76.007584      
729             179.823000      13461.533711    176.868561      0.102798        76.110382      
730             179.683000      13480.136831    176.872384      0.103533        76.213915      
731             179.683000      13498.602493    176.876169      0.102768        76.316683      
732             178.025000      13517.087719    176.877730      0.103835        76.420518      
733             178.025000      13535.578108    176.879287      0.103864        76.524382      
734             179.683000      13554.050598    176.883048      0.102806        76.627188      
735             179.498000      13572.493300    176.886550      0.102746        76.729934      
736             179.498000      13590.940309    176.890043      0.102770        76.832704      
737             179.823000      13609.417662    176.893960      0.102753        76.935457      
738             179.683000      13627.880090    176.897680      0.102750        77.038207      
739             178.025000      13646.220760    176.899186      0.103023        77.141230      
740             177.929000      13664.738009    176.900573      0.104071        77.245301      
741             179.683000      13683.198820    176.904269      0.102741        77.348042      
742             179.683000      13701.727371    176.907968      0.103118        77.451160      
743             179.683000      13720.188003    176.911645      0.102740        77.553900      
744             179.683000      13738.655462    176.915313      0.102778        77.656678      
745             179.498000      13757.098702    176.918725      0.102749        77.759427      
746             177.746000      13775.402274    176.919819      0.102976        77.862403      
747             179.403000      13793.899979    176.923103      0.103107        77.965510      
748             179.683000      13812.701469    176.926802      0.104637        78.070147      
749             179.683000      13831.298840    176.930452      0.103501        78.173648      
750             179.683000      13849.756237    176.934064      0.102722        78.276370      
751             179.498000      13868.199836    176.937425      0.102751        78.379121      
752             178.025000      13886.491548    176.938849      0.102748        78.481869      
753             177.929000      13905.276047    176.940179      0.105573        78.587442      
754             179.498000      13924.343222    176.943632      0.106225        78.693667      
755             179.498000      13942.781795    176.946962      0.102723        78.796390      
756             179.683000      13961.239372    176.950524      0.102723        78.899113      
757             179.683000      13979.696589    176.954077      0.102721        79.001834      
758             178.025000      13998.385475    176.955498      0.104979        79.106813      
759             178.208000      14016.684408    176.957121      0.102683        79.209496      
760             179.683000      14035.139289    176.960651      0.102708        79.312204      
761             179.498000      14053.599402    176.963937      0.102843        79.415047      
762             179.498000      14072.269348    176.967252      0.104012        79.519059      
763             179.498000      14090.773617    176.970529      0.103089        79.622148      
764             179.498000      14109.282553    176.973798      0.103115        79.725263      
765             177.746000      14127.620253    176.974796      0.103168        79.828431      
766             179.403000      14146.061625    176.977918      0.102793        79.931224      
767             179.498000      14164.596768    176.981170      0.103261        80.034485      
768             179.823000      14183.089226    176.984816      0.102837        80.137322      
769             179.498000      14201.537492    176.988036      0.102777        80.240099      
770             179.683000      14220.145823    176.991509      0.103562        80.343661      
771             178.350000      14238.478241    176.993245      0.102789        80.446450      
772             178.208000      14257.007774    176.994813      0.103977        80.550427      
773             179.498000      14275.827960    176.998067      0.104849        80.655276      
774             179.498000      14294.374771    177.001266      0.103326        80.758602      
775             179.823000      14312.854281    177.004852      0.102765        80.861367      
776             179.498000      14331.301470    177.008016      0.102771        80.964138      
777             179.683000      14350.009166    177.011452      0.104115        81.068253      
778             178.208000      14368.317008    177.012966      0.102733        81.170986      
779             178.208000      14386.643562    177.014478      0.102838        81.273824      
780             179.498000      14405.089495    177.017615      0.102764        81.376588      
781             179.498000      14423.694283    177.020770      0.103649        81.480237      
782             179.683000      14442.160485    177.024124      0.102771        81.583008      
783             179.498000      14460.687371    177.027249      0.103215        81.686223      
784             179.683000      14479.152135    177.030586      0.102763        81.788986      
785             178.208000      14497.601831    177.032075      0.103529        81.892515      
786             179.218000      14516.017735    177.034814      0.102757        81.995272      
787             179.498000      14534.470129    177.037898      0.102800        82.098072      
788             180.009000      14552.988735    177.041617      0.102876        82.200948      
789             179.498000      14571.430180    177.044683      0.102739        82.303687      
790             179.683000      14589.896022    177.047973      0.102769        82.406456      
791             178.350000      14608.584071    177.049627      0.104783        82.511239      
792             178.208000      14627.466634    177.051112      0.105958        82.617197      
793             179.498000      14645.908079    177.054151      0.102739        82.719936      
794             179.498000      14664.559895    177.057218      0.103911        82.823847      
795             179.498000      14683.287819    177.060288      0.104335        82.928182      
796             179.683000      14701.740006    177.063532      0.102693        83.030875      
797             178.025000      14720.024241    177.064720      0.102706        83.133581      
798             178.208000      14738.321926    177.066130      0.102676        83.236257      
799             179.683000      14756.774831    177.069355      0.102697        83.338954      
800             179.683000      14775.316499    177.072587      0.103191        83.442145      
801             179.683000      14794.048991    177.075845      0.104253        83.546398      
802             180.009000      14812.549056    177.079448      0.102773        83.649171      
803             179.683000      14831.009867    177.082642      0.102741        83.751912      
804             178.025000      14849.299978    177.083797      0.102739        83.854651      
805             178.806000      14867.668897    177.085904      0.102731        83.957382      
806             179.498000      14886.179628    177.088863      0.103125        84.060507      
807             180.009000      14904.673753    177.092428      0.102740        84.163247      
808             179.498000      14923.267412    177.095385      0.103587        84.266834      
809             179.683000      14941.730379    177.098536      0.102753        84.369587      
810             178.806000      14960.098762    177.100613      0.102728        84.472315      
811             178.025000      14978.494976    177.101742      0.103335        84.575650      
812             179.683000      14997.201234    177.104916      0.104107        84.679757      
813             180.009000      15015.849626    177.108464      0.103597        84.783354      
814             179.823000      15034.653897    177.111808      0.104571        84.887925      
815             179.823000      15053.222600    177.115102      0.103261        84.991186      
816             179.823000      15071.714338    177.118375      0.102833        85.094019      
817             178.208000      15090.023250    177.119689      0.102739        85.196758      
818             178.025000      15108.310868    177.120779      0.102725        85.299483      
819             179.498000      15126.756980    177.123639      0.102765        85.402248      
820             180.009000      15145.440294    177.127142      0.103791        85.506039      
821             179.683000      15164.004243    177.130226      0.103315        85.609354      
822             179.823000      15182.489868    177.133456      0.102799        85.712153      
823             179.683000      15201.175463    177.136545      0.103992        85.816145      
824             178.208000      15219.484196    177.137827      0.102738        85.918883      
825             178.350000      15238.359155    177.139318      0.105831        86.024714      
826             179.683000      15257.032351    177.142387      0.103923        86.128637      
827             179.823000      15275.493160    177.145578      0.102661        86.231298      
828             179.823000      15293.964399    177.148764      0.102719        86.334017      
829             179.823000      15312.444269    177.151943      0.102767        86.436784      
830             178.893000      15331.543244    177.154091      0.106762        86.543546      
831             179.498000      15350.087900    177.156886      0.103314        86.646860      
832             179.498000      15368.724100    177.159688      0.103824        86.750684      
833             180.009000      15387.208685    177.163057      0.102687        86.853371      
834             180.009000      15405.692009    177.166417      0.102680        86.956051      
835             179.823000      15424.178712    177.169554      0.102805        87.058856      
836             178.025000      15442.921540    177.170588      0.105282        87.164138      
837             178.025000      15461.208802    177.171593      0.102723        87.266861      
838             179.683000      15479.673027    177.174547      0.102760        87.369621      
839             180.009000      15498.162472    177.177875      0.102714        87.472335      
840             180.009000      15516.653536    177.181196      0.102723        87.575058      
841             179.823000      15535.327615    177.184325      0.103847        87.678905      
842             179.683000      15553.790403    177.187250      0.102752        87.781657      
843             178.025000      15572.081938    177.188229      0.102747        87.884404      
844             177.746000      15590.980248    177.188903      0.106322        87.990726      
845             179.498000      15609.901671    177.191666      0.105413        88.096139      
846             180.009000      15628.395615    177.194948      0.102739        88.198878      
847             179.683000      15646.853911    177.197843      0.102727        88.301605      
848             179.823000      15665.332343    177.200894      0.102759        88.404364      
849             179.683000      15684.834956    177.203938      0.108539        88.512903      
850             178.208000      15703.153134    177.205102      0.102791        88.615694      
851             179.498000      15721.716817    177.207775      0.103420        88.719114      
852             180.009000      15740.215982    177.211016      0.102768        88.821882      
853             179.823000      15759.053700    177.214093      0.104757        88.926639      
854             179.498000      15777.558508    177.216738      0.103092        89.029731      
855             179.683000      15796.036030    177.219583      0.102834        89.132565      
856             178.025000      15814.567364    177.220523      0.104094        89.236659      
857             178.208000      15832.936154    177.221662      0.103075        89.339734      
858             179.498000      15851.379932    177.224277      0.102752        89.442486      
859             179.683000      15870.114940    177.227140      0.104267        89.546753      
860             179.498000      15888.561410    177.229743      0.102767        89.649520      
861             180.009000      15907.053015    177.232924      0.102726        89.752246      
862             179.823000      15925.524613    177.235885      0.102721        89.854967      
863             178.025000      15943.813834    177.236786      0.102734        89.957701      
864             178.025000      15962.356384    177.237698      0.104157        90.061858      
865             179.823000      15980.831399    177.240644      0.102740        90.164598      
866             179.823000      15999.306234    177.243583      0.102739        90.267337      
867             180.009000      16017.902604    177.246744      0.103308        90.370645      
868             179.498000      16036.332022    177.249299      0.102672        90.473317      
869             178.208000      16054.629529    177.250386      0.102675        90.575992      
870             179.218000      16073.511579    177.252672      0.105358        90.681350      
871             179.823000      16092.556633    177.255670      0.105910        90.787260      
872             180.009000      16111.063538    177.258785      0.102811        90.890071      
873             179.823000      16129.708126    177.261707      0.103683        90.993754      
874             179.498000      16148.295323    177.264249      0.103551        91.097305      
875             178.208000      16166.613502    177.265312      0.102791        91.200096      
876             178.208000      16184.929364    177.266373      0.102778        91.302874      
877             179.683000      16203.401136    177.269091      0.102802        91.405676      
878             179.498000      16222.540469    177.271688      0.106627        91.512303      
879             179.823000      16241.025014    177.274551      0.102793        91.615096      
880             180.009000      16259.521839    177.277615      0.102755        91.717851      
881             179.823000      16277.999731    177.280463      0.102756        91.820607      
882             178.208000      16296.316484    177.281500      0.102783        91.923390      
883             178.025000      16314.810789    177.282340      0.103886        92.027276      
884             179.683000      16333.288491    177.285019      0.102835        92.130111      
885             180.009000      16351.786756    177.288054      0.102763        92.232874      
886             179.683000      16370.368853    177.290736      0.103416        92.336290      
887             180.009000      16388.864958    177.293758      0.102751        92.439041      
888             179.498000      16407.691246    177.296256      0.104883        92.543924      
889             178.208000      16426.852705    177.297314      0.107523        92.651447      
890             179.403000      16445.508464    177.299675      0.103988        92.755435      
891             179.498000      16464.172487    177.302136      0.103979        92.859414      
892             180.009000      16482.845360    177.305157      0.103733        92.963147      
893             179.823000      16501.774788    177.308005      0.105267        93.068414      
894             180.009000      16520.268193    177.310983      0.102736        93.171150      
895             178.350000      16538.585986    177.312127      0.102707        93.273857      
896             178.208000      16556.894185    177.313113      0.102735        93.376592      
897             179.683000      16575.387698    177.315722      0.102923        93.479515      
898             179.823000      16594.014484    177.318497      0.103584        93.583099      
899             180.009000      16612.515989    177.321449      0.102781        93.685880      
900             179.823000      16630.995680    177.324190      0.102766        93.788646      
901             178.208000      16649.295324    177.325157      0.102687        93.891333      
902             178.208000      16667.846421    177.326134      0.104098        93.995431      
903             179.498000      16686.286609    177.328505      0.102732        94.098163      
904             179.823000      16704.752813    177.331225      0.102691        94.200854      
905             179.823000      16723.216319    177.333938      0.102676        94.303530      
906             179.823000      16741.980490    177.336689      0.104348        94.407878      
907             179.683000      16760.578219    177.339258      0.103503        94.511381      
908             178.208000      16778.977483    177.340206      0.103246        94.614627      
909             178.806000      16797.638213    177.341821      0.104363        94.718990      
910             179.683000      16816.104954    177.344359      0.102774        94.821764      
911             179.823000      16834.969286    177.347098      0.104905        94.926669      
912             179.498000      16853.802934    177.349473      0.104924        95.031593      
913             179.823000      16872.410838    177.352163      0.103479        95.135072      
914             178.622000      16890.761748    177.353533      0.102736        95.237808      
915             178.208000      16909.067808    177.354454      0.102723        95.340531      
916             179.683000      16927.531674    177.356961      0.102758        95.443289      
917             179.823000      16946.278761    177.359652      0.104253        95.547542      
918             180.009000      16964.780086    177.362498      0.102780        95.650322      
919             180.009000      16983.279611    177.365339      0.102770        95.753092      
920             179.823000      17001.891471    177.367993      0.103501        95.856593      
921             178.208000      17020.201096    177.368892      0.102743        95.959336      
922             178.208000      17038.513215    177.369790      0.102757        96.062093      
923             179.823000      17056.991107    177.372411      0.102756        96.164849      
924             180.009000      17075.928954    177.375292      0.105205        96.270054      
925             179.823000      17094.416557    177.377903      0.102810        96.372864      
926             180.009000      17112.915362    177.380706      0.102766        96.475630      
927             180.009000      17131.421367    177.383504      0.102806        96.578436      
928             178.208000      17149.821878    177.384384      0.103253        96.681689      
929             178.806000      17168.437013    177.385913      0.104108        96.785797      
930             179.823000      17187.047614    177.388517      0.103494        96.889291      
931             179.823000      17205.531621    177.391097      0.102790        96.992081      
932             179.823000      17224.522188    177.393742      0.105607        97.097688      
933             180.009000      17243.015233    177.396506      0.102734        97.200422      
934             178.893000      17261.765366    177.398118      0.104812        97.305234      
935             179.498000      17280.212016    177.400333      0.102768        97.408002      
936             179.823000      17298.892749    177.402914      0.103884        97.511886      
937             180.009000      17317.386333    177.405657      0.102737        97.614623      
938             179.498000      17335.817727    177.407856      0.102683        97.717306      
939             179.823000      17354.285189    177.410391      0.102698        97.820004      
940             178.208000      17372.583230    177.411228      0.102678        97.922682      
941             178.025000      17390.864439    177.411871      0.102689        98.025371      
942             180.009000      17409.641538    177.414631      0.104312        98.129683      
943             180.009000      17428.136203    177.417345      0.102743        98.232426      
944             180.009000      17446.623307    177.420052      0.102701        98.335127      
945             179.823000      17465.101199    177.422560      0.102756        98.437883      
946             179.823000      17484.150569    177.425140      0.105934        98.543817      
947             178.025000      17502.777503    177.425777      0.104631        98.648448      
948             177.746000      17521.351071    177.426116      0.104495        98.752943      
949             179.498000      17539.793773    177.428269      0.102746        98.855689      
950             180.009000      17558.285917    177.430948      0.102729        98.958418      
951             180.009000      17576.780582    177.433622      0.102743        99.061161      
952             179.823000      17595.468148    177.436126      0.103922        99.165083      
953             179.683000      17613.932373    177.438452      0.102760        99.267843      
954             178.208000      17632.248947    177.439248      0.102782        99.370625      
955             179.498000      17650.691469    177.441374      0.102745        99.473370      
956             179.823000      17669.170261    177.443832      0.102761        99.576131      
957             180.009000      17687.673926    177.446477      0.102793        99.678924      
958             179.823000      17706.248922    177.448938      0.103296        99.782220      
959             179.823000      17724.727174    177.451380      0.102758        99.884978      
960             178.025000      17743.616695    177.451989      0.106106        99.991084      
961             178.208000      17762.372730    177.452783      0.105248        100.096332     
962             179.823000      17780.856557    177.455215      0.102789        100.199121     
963             179.823000      17799.484421    177.457660      0.103590        100.302711     
964             180.009000      17817.983046    177.460272      0.102765        100.405476     
965             180.009000      17836.496252    177.462880      0.102846        100.508322     
966             180.009000      17855.257690    177.465517      0.104225        100.612547     
967             178.025000      17873.820001    177.466096      0.104268        100.716815     
968             178.025000      17892.491619    177.466678      0.104882        100.821697     
969             179.823000      17911.360806    177.469128      0.104932        100.926629     
970             179.823000      17930.126055    177.471559      0.104354        101.030983     
971             179.823000      17948.776577    177.473970      0.103716        101.134699     
972             179.823000      17967.481946    177.476384      0.104021        101.238720     
973             178.025000      17985.751227    177.476940      0.102622        101.341342     
974             179.218000      18004.410509    177.478726      0.104115        101.445457     
975             179.823000      18023.328968    177.481155      0.105206        101.550663     
976             179.498000      18041.771669    177.483194      0.102746        101.653409     
977             179.823000      18060.240930    177.485555      0.102708        101.756117     
978             179.823000      18078.917706    177.487939      0.103862        101.859979     
979             178.534000      18097.557013    177.489010      0.104402        101.964381     
980             178.208000      18115.941128    177.489736      0.103161        102.067542     
981             81.620000       18124.325706    177.393344      0.102727        102.170269     
982             78.671000       18132.578058    177.292091      0.104897        102.275166     
983             78.066000       18140.576154    177.192792      0.102453        102.377619     
984             78.146000       18148.657857    177.092840      0.103418        102.481037     
985             77.794000       18156.638277    176.993540      0.102584        102.583621     
986             77.794000       18164.728230    176.893081      0.103992        102.687613     
987             77.794000       18172.708728    176.794180      0.102585        102.790198     
988             77.522000       18180.707990    176.694624      0.103187        102.893385     
989             77.794000       18188.951898    176.592870      0.105971        102.999356     
990             77.522000       18196.896586    176.494394      0.102483        103.101839     
991             77.522000       18204.844994    176.396067      0.102531        103.204370     
992             77.196000       18212.754959    176.297675      0.102466        103.306836     
