#timestep       power           acc-energy      avg-power       dt              acc-time       
1               105.381000      10.545687       105.381000      0.100072        0.100072       
2               75.443000       18.298210       90.213626       0.102760        0.202832       
3               75.443000       26.030967       85.255189       0.102498        0.305330       
4               74.574000       34.059231       82.470866       0.107655        0.412985       
5               74.574000       41.700903       80.900995       0.102471        0.515456       
6               74.574000       49.343247       79.851710       0.102480        0.617936       
7               74.574000       56.984546       79.101038       0.102466        0.720402       
8               74.574000       64.625696       78.537327       0.102464        0.822866       
9               75.171000       72.413562       78.160889       0.103602        0.926468       
10              74.845000       80.083229       77.830654       0.102474        1.028942       
11              74.574000       87.883222       77.530155       0.104594        1.133536       
12              160.616000      104.512118      84.483729       0.103532        1.237068       
13              228.227000      127.989601      95.519118       0.102869        1.339937       
14              229.103000      151.522374      105.030294      0.102717        1.442654       
15              220.265000      174.154602      112.691958      0.102750        1.545404       
16              224.684000      197.600153      119.775599      0.104349        1.649753       
17              225.281000      220.755210      125.963296      0.102783        1.752536       
18              228.506000      246.956851      132.260453      0.114665        1.867201       
19              224.079000      270.824625      137.215600      0.106515        1.973716       
20              226.157000      294.074922      141.618977      0.102806        2.076522       
21              226.428000      317.598074      145.659795      0.103888        2.180410       
22              224.684000      340.731539      149.223095      0.102960        2.283370       
23              225.552000      363.905653      152.509752      0.102744        2.386114       
24              226.157000      387.425529      155.585584      0.103998        2.490112       
25              226.428000      410.733801      158.397888      0.102939        2.593051       
26              224.413000      433.882451      160.923510      0.103152        2.696203       
27              226.428000      457.231253      163.336485      0.103118        2.799321       
28              226.754000      480.735439      165.600900      0.103655        2.902976       
29              227.033000      504.825002      167.767114      0.106106        3.009082       
30              224.955000      527.964324      169.657399      0.102862        3.111944       
31              226.754000      551.274181      171.483180      0.102798        3.214742       
32              226.754000      574.611250      173.197751      0.102918        3.317660       
33              224.955000      597.731225      174.752933      0.102776        3.420436       
34              226.428000      621.001683      176.260295      0.102772        3.523208       
35              226.754000      644.309046      177.691653      0.102787        3.625995       
36              224.955000      667.478512      178.997083      0.102996        3.728991       
37              226.754000      690.808324      180.279358      0.102886        3.831877       
38              227.033000      714.650875      181.526527      0.105018        3.936895       
39              225.886000      738.038886      182.663270      0.103539        4.040434       
40              226.428000      761.308665      183.748821      0.102769        4.143203       
41              227.033000      784.639938      184.796436      0.102766        4.245969       
42              227.033000      808.112653      185.800445      0.103389        4.349358       
43              224.955000      831.229704      186.704203      0.102763        4.452121       
44              226.754000      854.896699      187.621601      0.104373        4.556494       
45              227.033000      878.229789      188.490936      0.102774        4.659268       
46              227.033000      901.781965      189.330388      0.103739        4.763007       
47              224.955000      925.312933      190.095947      0.104603        4.867610       
48              227.304000      949.314644      190.885963      0.105593        4.973203       
49              227.304000      972.678768      191.623422      0.102788        5.075991       
50              225.552000      996.108658      192.303832      0.103878        5.179869       
51              226.754000      1019.440511     192.974835      0.102895        5.282764       
52              227.304000      1042.793497     193.629731      0.102739        5.385503       
53              227.033000      1066.132262     194.255393      0.102799        5.488302       
54              225.552000      1089.310211     194.830609      0.102761        5.591063       
55              227.304000      1112.671380     195.416761      0.102775        5.693838       
56              227.304000      1136.025275     195.981955      0.102743        5.796581       
57              226.754000      1159.624697     196.524708      0.104075        5.900656       
58              226.428000      1183.252459     197.044343      0.104350        6.005006       
59              227.630000      1206.886144     197.564173      0.103825        6.108831       
60              227.304000      1230.504620     198.061566      0.103907        6.212738       
61              225.886000      1253.830738     198.516489      0.103265        6.316003       
62              227.033000      1277.162693     198.973058      0.102769        6.418772       
63              227.304000      1300.562276     199.420256      0.102944        6.521716       
64              227.630000      1323.956494     199.857905      0.102773        6.624489       
65              225.886000      1347.452704     200.260281      0.104018        6.728507       
66              227.304000      1371.295757     200.675411      0.104895        6.833402       
67              227.630000      1395.048719     201.080829      0.104349        6.937751       
68              226.157000      1418.290196     201.446853      0.102767        7.040518       
69              227.630000      1441.946644     201.827720      0.103925        7.144443       
70              227.630000      1465.616522     202.197873      0.103984        7.248427       
71              225.886000      1488.993915     202.531328      0.103492        7.351919       
72              227.630000      1512.376752     202.877181      0.102723        7.454642       
73              227.304000      1535.726101     203.209201      0.102723        7.557365       
74              227.033000      1559.053969     203.528768      0.102751        7.660116       
75              226.428000      1582.313332     203.831785      0.102723        7.762839       
76              227.901000      1605.728109     204.146180      0.102741        7.865580       
77              227.901000      1629.992728     204.463435      0.106470        7.972050       
78              225.886000      1653.510171     204.739599      0.104112        8.076162       
79              227.630000      1677.048707     205.028982      0.103407        8.179569       
80              227.901000      1700.464623     205.312720      0.102746        8.282315       
81              227.901000      1724.643096     205.598405      0.106092        8.388407       
82              225.886000      1748.259251     205.848147      0.104549        8.492956       
83              227.901000      1771.677446     206.111774      0.102756        8.595712       
84              227.901000      1795.492873     206.373486      0.104499        8.700211       
85              226.428000      1818.761294     206.607596      0.102763        8.802974       
86              227.304000      1842.119734     206.846411      0.102763        8.905737       
87              227.901000      1866.279975     207.094092      0.106012        9.011749       
88              227.901000      1890.297322     207.334599      0.105385        9.117134       
89              226.157000      1914.077278     207.549203      0.105148        9.222282       
90              227.901000      1937.617401     207.774622      0.103291        9.325573       
91              228.227000      1961.070007     207.997533      0.102760        9.428333       
92              228.227000      1984.529917     208.215706      0.102792        9.531125       
93              226.428000      2007.802413     208.410007      0.102781        9.633906       
94              228.227000      2031.257074     208.619172      0.102769        9.736675       
95              227.901000      2054.776913     208.821402      0.103202        9.839877       
96              226.157000      2078.482916     209.004126      0.104821        9.944698       
97              228.227000      2103.162699     209.210904      0.108137        10.052835      
98              228.227000      2126.612567     209.403297      0.102748        10.155583      
99              228.506000      2150.096814     209.594677      0.102773        10.258356      
100             227.901000      2173.567654     209.776634      0.102987        10.361343      
101             228.227000      2198.428649     209.968588      0.108931        10.470274      
102             226.754000      2222.128751     210.134492      0.104519        10.574793      
103             227.630000      2245.517505     210.302849      0.102749        10.677542      
104             228.227000      2269.178940     210.475213      0.103675        10.781217      
105             228.506000      2292.669357     210.645514      0.102800        10.884017      
106             226.754000      2316.487143     210.799486      0.105038        10.989055      
107             228.227000      2346.245433     211.003845      0.130389        11.119444      
108             228.506000      2369.724196     211.164092      0.102749        11.222193      
109             228.227000      2393.211493     211.319144      0.102912        11.325105      
110             226.428000      2416.472895     211.454967      0.102732        11.427837      
111             228.506000      2439.950744     211.606903      0.102745        11.530582      
112             228.506000      2463.431563     211.756173      0.102758        11.633340      
113             226.428000      2486.698399     211.884633      0.102756        11.736096      
114             228.227000      2510.259641     212.027135      0.103236        11.839332      
115             228.506000      2534.274022     212.172124      0.105093        11.944425      
116             228.506000      2557.973065     212.312730      0.103713        12.048138      
117             226.428000      2581.828387     212.435091      0.105355        12.153493      
118             228.506000      2605.313548     212.569856      0.102777        12.256270      
119             228.506000      2628.802137     212.702399      0.102792        12.359062      
120             227.304000      2652.850900     212.826335      0.105800        12.464862      
121             227.630000      2676.239200     212.947363      0.102747        12.567609      
122             228.506000      2699.738757     213.073645      0.102840        12.670449      
123             228.506000      2723.216834     213.197781      0.102746        12.773195      
124             228.506000      2746.924789     213.321123      0.103752        12.876947      
125             228.777000      2771.167144     213.447272      0.105965        12.982912      
126             228.777000      2794.848537     213.568529      0.103513        13.086425      
127             225.886000      2818.065552     213.664518      0.102782        13.189207      
128             228.777000      2841.601215     213.781483      0.102876        13.292083      
129             228.777000      2865.102332     213.896484      0.102725        13.394808      
130             227.033000      2888.423389     213.996457      0.102721        13.497529      
131             228.506000      2911.905351     214.106091      0.102763        13.600292      
132             228.777000      2935.420653     214.216137      0.102787        13.703079      
133             228.777000      2958.930463     214.324520      0.102763        13.805842      
134             226.754000      2982.689748     214.418144      0.104780        13.910622      
135             228.777000      3006.200016     214.523442      0.102765        14.013387      
136             229.103000      3030.239106     214.631797      0.104927        14.118314      
137             227.901000      3053.853752     214.728474      0.103618        14.221932      
138             227.630000      3077.245011     214.821024      0.102760        14.324692      
139             229.103000      3100.783741     214.922732      0.102743        14.427435      
140             229.103000      3125.141055     215.026462      0.106316        14.533751      
141             226.754000      3148.450006     215.108826      0.102794        14.636545      
142             228.777000      3171.955927     215.204105      0.102746        14.739291      
143             229.103000      3195.759958     215.301396      0.103901        14.843192      
144             229.103000      3219.308539     215.396312      0.102786        14.945978      
145             227.033000      3243.407638     215.478374      0.106148        15.052126      
146             229.103000      3267.148207     215.571529      0.103624        15.155750      
147             229.103000      3291.149267     215.664421      0.104761        15.260511      
148             227.304000      3314.543394     215.742395      0.102920        15.363431      
149             228.506000      3338.024442     215.827197      0.102759        15.466190      
150             229.103000      3361.574856     215.914851      0.102794        15.568984      
151             228.777000      3385.089471     215.999208      0.102784        15.671768      
152             226.754000      3408.395248     216.069281      0.102780        15.774548      
153             229.103000      3431.932602     216.153618      0.102737        15.877285      
154             229.103000      3456.620054     216.240912      0.107757        15.985042      
155             228.506000      3480.094019     216.319230      0.102728        16.087770      
156             227.630000      3503.488920     216.391030      0.102776        16.190546      
157             229.103000      3527.021693     216.471169      0.102717        16.293263      
158             227.033000      3550.506213     216.537800      0.103441        16.396704      
159             229.103000      3574.692388     216.618183      0.105569        16.502273      
160             229.103000      3598.222870     216.695405      0.102707        16.604980      
161             229.374000      3622.090610     216.774362      0.104056        16.709036      
162             227.033000      3645.422565     216.837072      0.102769        16.811805      
163             229.103000      3669.103796     216.912026      0.103365        16.915170      
164             229.374000      3692.677709     216.987287      0.102775        17.017945      
165             227.630000      3716.074886     217.051181      0.102786        17.120731      
166             229.103000      3739.617053     217.123084      0.102758        17.223489      
167             229.103000      3763.188544     217.194222      0.102886        17.326375      
168             229.374000      3786.759704     217.266035      0.102763        17.429138      
169             227.033000      3810.439700     217.324136      0.104302        17.533440      
170             229.103000      3833.983012     217.392769      0.102763        17.636203      
171             229.374000      3857.555090     217.462180      0.102767        17.738970      
172             229.374000      3881.126021     217.530788      0.102762        17.841732      
173             227.304000      3904.658122     217.587170      0.103527        17.945259      
174             229.374000      3928.299012     217.654480      0.103067        18.048326      
175             229.374000      3952.150238     217.721614      0.103984        18.152310      
176             227.304000      3975.503223     217.775544      0.102739        18.255049      
177             229.374000      3999.177373     217.840752      0.103212        18.358261      
178             229.374000      4022.741423     217.904932      0.102732        18.460993      
179             229.374000      4046.302490     217.968394      0.102719        18.563712      
180             227.304000      4069.660022     218.019787      0.102759        18.666471      
181             229.374000      4093.531433     218.082739      0.104072        18.770543      
182             229.374000      4117.377613     218.144932      0.103962        18.874505      
183             227.901000      4142.151135     218.200798      0.108703        18.983208      
184             228.777000      4165.656828     218.257733      0.102745        19.085953      
185             229.645000      4189.268927     218.318750      0.102820        19.188773      
186             229.645000      4212.967832     218.379337      0.103198        19.291971      
187             227.304000      4236.334683     218.426641      0.102800        19.394771      
188             229.645000      4259.932314     218.485765      0.102757        19.497528      
189             229.645000      4283.538902     218.544290      0.102796        19.600324      
190             229.645000      4307.291773     218.602563      0.103433        19.703757      
191             227.033000      4330.736336     218.646515      0.103265        19.807022      
192             229.645000      4354.536055     218.703763      0.103637        19.910659      
193             229.979000      4378.180426     218.761685      0.102811        20.013470      
194             229.645000      4402.262837     218.818415      0.104868        20.118338      
195             229.979000      4426.250797     218.875980      0.104305        20.222643      
196             229.979000      4449.869180     218.932080      0.102698        20.325341      
197             227.630000      4473.242456     218.975800      0.102681        20.428022      
198             229.645000      4496.958125     219.029465      0.103271        20.531293      
199             229.979000      4520.593757     219.084002      0.102773        20.634066      
200             228.227000      4544.054123     219.129324      0.102794        20.736860      
201             229.103000      4567.594915     219.178501      0.102752        20.839612      
202             229.979000      4591.588624     219.232302      0.104330        20.943942      
203             229.979000      4615.230465     219.284793      0.102800        21.046742      
204             227.630000      4638.891920     219.325806      0.103947        21.150689      
205             229.979000      4663.133777     219.378636      0.105409        21.256098      
206             229.979000      4686.792407     219.429691      0.102873        21.358971      
207             229.979000      4710.424819     219.480201      0.102759        21.461730      
208             227.033000      4733.745875     219.516179      0.102721        21.564451      
209             229.979000      4757.377368     219.565798      0.102755        21.667206      
210             229.979000      4781.005640     219.614942      0.102741        21.769947      
211             227.901000      4804.426114     219.653873      0.102766        21.872713      
212             229.645000      4828.539987     219.701608      0.105005        21.977718      
213             229.979000      4852.328785     219.749752      0.103439        22.081157      
214             229.979000      4875.967637     219.797149      0.102787        22.183944      
215             227.630000      4899.361855     219.833269      0.102773        22.286717      
216             229.979000      4922.993577     219.879833      0.102756        22.389473      
217             229.979000      4946.710621     219.926137      0.103127        22.492600      
218             229.103000      4970.245456     219.967858      0.102726        22.595326      
219             229.103000      4994.057963     220.009687      0.103938        22.699264      
220             229.979000      5017.692215     220.054618      0.102767        22.802031      
221             229.979000      5041.710762     220.099866      0.104438        22.906469      
222             227.901000      5065.765713     220.135648      0.105550        23.012019      
223             229.979000      5089.414223     220.179437      0.102829        23.114848      
224             230.250000      5113.072181     220.224004      0.102749        23.217597      
225             230.250000      5136.763064     220.268240      0.102892        23.320489      
226             227.901000      5160.182626     220.301726      0.102762        23.423251      
227             229.979000      5183.810899     220.343988      0.102741        23.525992      
228             230.250000      5207.828276     220.387716      0.104310        23.630302      
229             228.227000      5231.279513     220.421656      0.102754        23.733056      
230             229.645000      5255.139399     220.461858      0.103899        23.836955      
231             230.250000      5278.808639     220.503889      0.102798        23.939753      
232             227.901000      5302.240736     220.535522      0.102817        24.042570      
233             230.250000      5326.173381     220.577340      0.103942        24.146512      
234             230.250000      5349.815451     220.618297      0.102680        24.249192      
235             229.645000      5373.395859     220.656359      0.102682        24.351874      
236             228.777000      5396.961492     220.690564      0.103007        24.454881      
237             230.250000      5421.050937     220.731287      0.104623        24.559504      
238             230.250000      5444.914738     220.771288      0.103643        24.663147      
239             227.901000      5468.859840     220.801533      0.105068        24.768215      
240             229.979000      5492.872868     220.840059      0.104414        24.872629      
241             230.250000      5517.252889     220.879949      0.105885        24.978514      
242             230.250000      5541.249314     220.918881      0.104219        25.082733      
243             227.901000      5565.432800     220.948295      0.106114        25.188847      
244             230.250000      5589.390083     220.986560      0.104049        25.292896      
245             230.575000      5613.343366     221.025781      0.103885        25.396781      
246             228.506000      5637.163517     221.056359      0.104243        25.501024      
247             229.979000      5661.198393     221.092777      0.104509        25.605533      
248             230.250000      5685.299811     221.130059      0.104675        25.710208      
249             230.575000      5709.492893     221.168448      0.104925        25.815133      
250             228.227000      5733.279396     221.196831      0.104223        25.919356      
251             230.250000      5757.475447     221.233387      0.105086        26.024442      
252             230.575000      5781.615267     221.270817      0.104694        26.129136      
253             230.575000      5805.795436     221.308010      0.104869        26.234005      
254             228.506000      5829.346407     221.336178      0.103065        26.337070      
255             230.575000      5853.393304     221.372618      0.104291        26.441361      
256             230.575000      5877.766465     221.409260      0.105706        26.547067      
257             228.506000      5901.760738     221.437220      0.105005        26.652072      
258             230.250000      5925.420307     221.471067      0.102756        26.754828      
259             230.250000      5949.608069     221.505402      0.105050        26.859878      
260             228.227000      5973.053829     221.531012      0.102730        26.962608      
261             230.575000      5996.729270     221.565323      0.102680        27.065288      
262             230.575000      6020.435378     221.599418      0.102813        27.168101      
263             228.777000      6044.089318     221.626630      0.103393        27.271494      
264             229.979000      6067.812572     221.658104      0.103154        27.374648      
265             230.575000      6091.566178     221.691535      0.103019        27.477667      
266             230.847000      6115.362117     221.725753      0.103081        27.580748      
267             228.227000      6138.896429     221.749969      0.103118        27.683866      
268             230.575000      6162.663869     221.782707      0.103079        27.786945      
269             230.847000      6186.904882     221.816832      0.105009        27.891954      
270             230.575000      6211.164370     221.849745      0.105213        27.997167      
271             227.901000      6234.834167     221.872110      0.103860        28.101027      
272             230.847000      6258.576320     221.904838      0.102848        28.203875      
273             231.126000      6282.609726     221.938711      0.103984        28.307859      
274             228.506000      6306.102428     221.962476      0.102810        28.410669      
275             230.250000      6329.768444     221.992350      0.102784        28.513453      
276             230.575000      6354.151058     222.024063      0.105747        28.619200      
277             230.847000      6377.878898     222.055637      0.102786        28.721986      
278             228.227000      6401.330591     222.077637      0.102756        28.824742      
279             230.575000      6425.318462     222.108196      0.104035        28.928777      
280             230.847000      6449.835798     222.140161      0.106206        29.034983      
281             229.374000      6473.493662     222.165767      0.103141        29.138124      
282             229.645000      6497.580207     222.192593      0.104886        29.243010      
283             230.847000      6521.332286     222.222936      0.102891        29.345901      
284             230.847000      6545.051123     222.253026      0.102747        29.448648      
285             228.506000      6568.526686     222.274764      0.102735        29.551383      
286             230.847000      6592.249217     222.304470      0.102763        29.654146      
287             230.847000      6616.049542     222.334068      0.103100        29.757246      
288             230.847000      6640.220147     222.363916      0.104704        29.861950      
289             228.506000      6663.713991     222.384991      0.102815        29.964765      
290             230.847000      6687.870745     222.414439      0.104644        30.069409      
291             231.126000      6711.905306     222.444463      0.103989        30.173398      
292             230.575000      6735.787804     222.472277      0.103578        30.276976      
293             230.847000      6759.525339     222.500624      0.102828        30.379804      
294             230.847000      6783.229171     222.528739      0.102682        30.482486      
295             228.506000      6806.746551     222.548852      0.102918        30.585404      
296             230.847000      6831.076440     222.577348      0.105394        30.690798      
297             231.126000      6854.823018     222.605871      0.102743        30.793541      
298             229.979000      6878.811898     222.630762      0.104309        30.897850      
299             229.645000      6903.450740     222.655035      0.107291        31.005141      
300             231.126000      6927.199167     222.683015      0.102751        31.107892      
301             231.126000      6951.761389     222.711760      0.106272        31.214164      
302             228.506000      6975.272829     222.730797      0.102892        31.317056      
303             230.847000      6998.996975     222.757344      0.102770        31.419826      
304             231.126000      7022.749101     222.784626      0.102767        31.522593      
305             231.126000      7046.494061     222.811724      0.102736        31.625329      
306             228.506000      7069.978537     222.830168      0.102774        31.728103      
307             231.126000      7093.727658     222.856948      0.102754        31.830857      
308             231.126000      7117.773314     222.883887      0.104037        31.934894      
309             229.103000      7141.773915     222.904222      0.104759        32.039653      
310             230.575000      7165.467571     222.928745      0.102759        32.142412      
311             230.847000      7189.187331     222.953977      0.102751        32.245163      
312             231.126000      7212.935990     222.979935      0.102752        32.347915      
313             228.506000      7236.411097     222.997430      0.102733        32.450648      
314             231.126000      7260.140341     223.023066      0.102668        32.553316      
315             231.126000      7283.894778     223.048568      0.102777        32.656093      
316             230.847000      7307.703183     223.073120      0.103135        32.759228      
317             229.374000      7331.813602     223.093272      0.105114        32.864342      
318             231.126000      7355.656791     223.118408      0.103161        32.967503      
319             231.126000      7379.403139     223.143286      0.102742        33.070245      
320             228.777000      7403.086363     223.160866      0.103521        33.173766      
321             231.126000      7426.834097     223.185460      0.102748        33.276514      
322             231.126000      7450.589458     223.209911      0.102781        33.379295      
323             231.126000      7474.336037     223.234202      0.102743        33.482038      
324             228.777000      7497.837612     223.251156      0.102727        33.584765      
325             231.126000      7521.883268     223.275475      0.104037        33.688802      
326             231.451000      7545.661849     223.300331      0.102737        33.791539      
327             230.575000      7569.349280     223.322380      0.102732        33.894271      
328             231.126000      7593.718281     223.346580      0.105436        33.999707      
329             231.451000      7617.561206     223.371061      0.103015        34.102722      
330             228.777000      7641.327704     223.387479      0.103885        34.206607      
331             231.126000      7665.790542     223.411350      0.105842        34.312449      
332             231.126000      7689.538970     223.434383      0.102751        34.415200      
333             231.451000      7713.458968     223.458384      0.103348        34.518548      
334             228.777000      7737.240337     223.474353      0.103950        34.622498      
335             231.451000      7761.044147     223.497977      0.102846        34.725344      
336             231.451000      7785.055336     223.521666      0.103742        34.829086      
337             228.777000      7808.562173     223.537124      0.102750        34.931836      
338             231.126000      7833.219619     223.560231      0.106684        35.038520      
339             231.126000      7856.967584     223.582352      0.102749        35.141269      
340             231.126000      7881.118171     223.604716      0.104491        35.245760      
341             228.777000      7904.658638     223.619773      0.102897        35.348657      
342             231.126000      7928.413769     223.641534      0.102780        35.451437      
343             231.451000      7952.215264     223.664122      0.102836        35.554273      
344             229.645000      7975.811517     223.681357      0.102751        35.657024      
345             230.250000      7999.621209     223.700352      0.103408        35.760432      
346             231.451000      8023.882366     223.723004      0.104822        35.865254      
347             231.451000      8047.851894     223.745255      0.103562        35.968816      
348             228.777000      8071.962702     223.759955      0.105390        36.074206      
349             231.451000      8095.912326     223.781953      0.103476        36.177682      
350             231.451000      8120.560469     223.804461      0.106494        36.284176      
351             231.451000      8144.426539     223.826130      0.103115        36.387291      
352             228.227000      8168.377821     223.838786      0.104945        36.492236      
353             231.451000      8192.294116     223.860280      0.103332        36.595568      
354             231.451000      8216.348355     223.881776      0.103928        36.699496      
355             229.103000      8239.897624     223.896359      0.102789        36.802285      
356             231.126000      8263.650211     223.916492      0.102769        36.905054      
357             231.451000      8287.814853     223.937747      0.104405        37.009459      
358             231.723000      8311.624855     223.959302      0.102752        37.112211      
359             231.451000      8335.428896     223.980006      0.102847        37.215058      
360             231.451000      8359.251684     224.000612      0.102928        37.317986      
361             230.250000      8382.908030     224.017770      0.102742        37.420728      
362             230.250000      8406.556777     224.034829      0.102709        37.523437      
363             231.723000      8430.357510     224.055816      0.102712        37.626149      
364             231.723000      8454.156389     224.076687      0.102704        37.728853      
365             229.103000      8478.128123     224.090588      0.104633        37.833486      
366             231.451000      8502.169170     224.110741      0.103871        37.937357      
367             231.723000      8525.981721     224.131305      0.102763        38.040120      
368             231.723000      8549.792881     224.151757      0.102757        38.142877      
369             229.103000      8573.331381     224.165057      0.102742        38.245619      
370             231.451000      8597.470795     224.184872      0.104296        38.349915      
371             231.723000      8621.288212     224.205022      0.102784        38.452699      
372             229.374000      8645.352755     224.219086      0.104914        38.557613      
373             231.126000      8669.098641     224.237441      0.102740        38.660353      
374             231.451000      8692.977209     224.256640      0.103169        38.763522      
375             231.723000      8716.788833     224.276381      0.102759        38.866281      
376             229.103000      8740.338788     224.289112      0.102792        38.969073      
377             231.451000      8764.131488     224.307955      0.102798        39.071871      
378             231.723000      8788.253621     224.327659      0.104099        39.175970      
379             230.847000      8811.974304     224.344713      0.102755        39.278725      
380             229.645000      8835.775401     224.358662      0.103643        39.382368      
381             231.723000      8859.580305     224.377822      0.102730        39.485098      
382             231.723000      8883.381501     224.396880      0.102714        39.587812      
383             229.103000      8906.923667     224.409064      0.102758        39.690570      
384             231.723000      8930.727644     224.427945      0.102726        39.793296      
385             231.723000      8954.529535     224.446727      0.102717        39.896013      
386             231.723000      8978.899612     224.465857      0.105169        40.001182      
387             229.103000      9002.451629     224.477744      0.102801        40.103983      
388             231.723000      9026.604812     224.496526      0.104233        40.208216      
389             231.723000      9050.412729     224.514945      0.102743        40.310959      
390             229.645000      9074.010590     224.527989      0.102758        40.413717      
391             231.126000      9098.178973     224.545016      0.104568        40.518285      
392             231.451000      9121.959869     224.562485      0.102747        40.621032      
393             231.723000      9146.135761     224.580828      0.104331        40.725363      
394             229.103000      9170.345075     224.592532      0.105670        40.831033      
395             231.723000      9194.588167     224.610755      0.104621        40.935654      
396             231.723000      9219.085691     224.629076      0.105719        41.041373      
397             229.645000      9242.823406     224.641677      0.103367        41.144740      
398             231.723000      9266.620895     224.659308      0.102698        41.247438      
399             231.723000      9290.448971     224.676874      0.102830        41.350268      
400             229.374000      9314.421306     224.688716      0.104512        41.454780      
401             231.723000      9338.230844     224.706108      0.102750        41.557530      
402             231.723000      9362.041078     224.723415      0.102753        41.660283      
403             231.723000      9385.850153     224.740636      0.102748        41.763031      
404             229.374000      9409.419019     224.752008      0.102753        41.865784      
405             231.723000      9433.273048     224.769107      0.102942        41.968726      
406             231.723000      9457.365289     224.786291      0.103970        42.072696      
407             229.979000      9481.828385     224.799387      0.106371        42.179067      
408             231.126000      9505.871267     224.814951      0.104025        42.283092      
409             231.723000      9529.781605     224.831768      0.103185        42.386277      
410             231.723000      9553.588826     224.848431      0.102740        42.489017      
411             229.374000      9577.147829     224.859345      0.102710        42.591727      
412             231.723000      9600.956672     224.875863      0.102747        42.694474      
413             231.994000      9624.792200     224.892951      0.102742        42.797216      
414             231.994000      9649.307934     224.910442      0.105674        42.902890      
415             229.103000      9673.433625     224.920707      0.105305        43.008195      
416             231.994000      9697.272401     224.937566      0.102756        43.110951      
417             231.994000      9721.132288     224.954360      0.102847        43.213798      
418             229.374000      9744.791298     224.964884      0.103146        43.316944      
419             231.723000      9768.648571     224.980909      0.102956        43.419900      
420             231.994000      9792.499179     224.997475      0.102807        43.522707      
421             231.994000      9816.428664     225.014017      0.103147        43.625854      
422             229.374000      9840.003265     225.024265      0.102778        43.728632      
423             231.994000      9863.843432     225.040605      0.102762        43.831394      
424             231.994000      9887.941809     225.057045      0.103875        43.935269      
425             230.575000      9911.901318     225.070065      0.103912        44.039181      
426             231.126000      9935.652982     225.084163      0.102765        44.141946      
427             231.994000      9959.500805     225.100217      0.102795        44.244741      
428             232.320000      9983.639782     225.117132      0.103904        44.348645      
429             229.374000      10007.507064    225.127097      0.104054        44.452699      
430             231.994000      10031.725150    225.143185      0.104391        44.557090      
431             231.994000      10055.548382    225.158937      0.102689        44.659779      
432             228.227000      10079.251353    225.166056      0.103857        44.763636      
433             231.994000      10103.076905    225.181685      0.102699        44.866335      
434             232.320000      10126.948250    225.197995      0.102752        44.969087      
435             229.645000      10150.547259    225.208135      0.102763        45.071850      
436             231.723000      10174.816304    225.223238      0.104733        45.176583      
437             231.994000      10198.655775    225.238604      0.102759        45.279342      
438             231.994000      10222.489447    225.253896      0.102734        45.382076      
439             229.374000      10246.059231    225.263204      0.102757        45.484833      
440             231.994000      10270.497247    225.278756      0.105339        45.590172      
441             232.320000      10294.368592    225.294590      0.102752        45.692924      
442             231.126000      10318.116326    225.307674      0.102748        45.795672      
443             230.847000      10342.299396    225.320316      0.104758        45.900430      
444             231.994000      10366.557849    225.335485      0.104565        46.004995      
445             232.320000      10390.583686    225.351150      0.103417        46.108412      
446             229.645000      10414.460336    225.360811      0.103972        46.212384      
447             231.994000      10438.303055    225.375530      0.102773        46.315157      
448             232.320000      10462.176723    225.390904      0.102762        46.417919      
449             232.320000      10487.107215    225.406886      0.107311        46.525230      
450             229.645000      10511.192842    225.416419      0.104882        46.630112      
451             232.320000      10535.074873    225.431604      0.102798        46.732910      
452             232.320000      10558.997793    225.446749      0.102974        46.835884      
453             229.979000      10582.657802    225.456683      0.102879        46.938763      
454             231.723000      10607.201207    225.470791      0.105917        47.044680      
455             232.320000      10631.347154    225.485889      0.103934        47.148614      
456             232.320000      10655.221287    225.500752      0.102764        47.251378      
457             229.645000      10678.851298    225.509758      0.102898        47.354276      
458             231.994000      10702.694945    225.523800      0.102777        47.457053      
459             232.320000      10726.572795    225.538487      0.102780        47.559833      
460             231.723000      10750.393456    225.551826      0.102798        47.662631      
461             230.575000      10774.091032    225.562634      0.102776        47.765407      
462             232.320000      10797.970740    225.577144      0.102788        47.868195      
463             229.645000      10822.592588    225.586235      0.107217        47.975412      
464             232.320000      10847.124186    225.601024      0.105594        48.081006      
465             232.320000      10870.994601    225.615352      0.102748        48.183754      
466             232.320000      10894.885461    225.629631      0.102836        48.286590      
467             229.645000      10918.478270    225.638156      0.102736        48.389326      
468             232.320000      10942.464845    225.652382      0.103248        48.492574      
469             232.320000      10966.554106    225.666609      0.103690        48.596264      
470             230.250000      10990.804036    225.676521      0.105320        48.701584      
471             231.723000      11014.611489    225.689250      0.102741        48.804325      
472             232.320000      11038.750001    225.703336      0.103902        48.908227      
473             232.599000      11064.530111    225.718928      0.110835        49.019062      
474             229.645000      11088.131417    225.727142      0.102773        49.121835      
475             232.320000      11112.017862    225.740913      0.102817        49.224652      
476             232.320000      11135.925914    225.754638      0.102910        49.327562      
477             232.599000      11159.830811    225.768869      0.102773        49.430335      
478             229.979000      11183.462303    225.777602      0.102755        49.533090      
479             232.320000      11207.335738    225.791147      0.102761        49.635851      
480             232.599000      11231.235751    225.805211      0.102752        49.738603      
481             229.979000      11254.868853    225.813817      0.102762        49.841365      
482             232.320000      11278.817560    225.827245      0.103085        49.944450      
483             232.320000      11302.903568    225.840695      0.103676        50.048126      
484             232.599000      11326.807767    225.854544      0.102770        50.150896      
485             229.645000      11350.404939    225.862295      0.102755        50.253651      
486             232.320000      11374.373858    225.875526      0.103172        50.356823      
487             232.599000      11398.279453    225.889220      0.102776        50.459599      
488             230.575000      11421.983255    225.898747      0.102803        50.562402      
489             231.723000      11445.830796    225.910577      0.102914        50.665316      
490             232.320000      11469.962107    225.923691      0.103871        50.769187      
491             232.599000      11493.977953    225.937239      0.103250        50.872437      
492             229.979000      11518.056525    225.945540      0.104699        50.977136      
493             232.320000      11541.921597    225.958360      0.102725        51.079861      
494             232.599000      11566.158645    225.971879      0.104201        51.184062      
495             232.599000      11590.097036    225.985177      0.102917        51.286979      
496             229.103000      11613.635766    225.991411      0.102743        51.389722      
497             232.320000      11637.746400    226.004165      0.103782        51.493504      
498             229.979000      11661.375362    226.012081      0.102744        51.596248      
499             231.994000      11685.198130    226.023962      0.102687        51.698935      
500             232.599000      11709.082326    226.036996      0.102684        51.801619      
501             232.599000      11733.155392    226.050080      0.103496        51.905115      
502             229.979000      11756.787114    226.057843      0.102756        52.007871      
503             232.599000      11780.671543    226.070732      0.102685        52.110556      
504             232.599000      11804.711580    226.083654      0.103354        52.213910      
505             231.126000      11828.999918    226.093782      0.105087        52.318997      
506             231.451000      11852.950930    226.104357      0.103482        52.422479      
507             232.599000      11876.853734    226.117064      0.102764        52.525243      
508             232.599000      11901.383159    226.130052      0.105458        52.630701      
509             229.979000      11925.380778    226.137668      0.104347        52.735048      
510             232.599000      11949.284279    226.150235      0.102767        52.837815      
511             232.599000      11973.783467    226.163065      0.105328        52.943143      
512             232.599000      11997.699528    226.175540      0.102821        53.045964      
513             229.645000      12021.573423    226.182326      0.103960        53.149924      
514             232.599000      12045.474831    226.194708      0.102758        53.252682      
515             232.599000      12069.409268    226.207059      0.102900        53.355582      
516             230.250000      12093.068606    226.214830      0.102755        53.458337      
517             232.320000      12116.936002    226.226540      0.102735        53.561072      
518             232.599000      12141.145371    226.238899      0.104082        53.665154      
519             232.599000      12165.043522    226.251053      0.102744        53.767898      
520             229.979000      12188.676624    226.258164      0.102762        53.870660      
521             232.599000      12213.321419    226.270611      0.105954        53.976614      
522             232.924000      12237.793579    226.283536      0.105065        54.081679      
523             231.723000      12262.498495    226.294238      0.106614        54.188293      
524             231.126000      12286.250852    226.303384      0.102768        54.291061      
525             232.599000      12310.144351    226.315274      0.102724        54.393785      
526             232.924000      12334.084513    226.327738      0.102781        54.496566      
527             229.979000      12357.715545    226.334610      0.102753        54.599319      
528             232.599000      12382.078895    226.346604      0.104744        54.704063      
529             232.599000      12406.315711    226.358491      0.104200        54.808263      
530             229.979000      12430.404631    226.365397      0.104744        54.913007      
531             232.924000      12455.144887    226.378059      0.106216        55.019223      
532             232.924000      12479.251356    226.390349      0.103495        55.122718      
533             230.575000      12503.518452    226.398323      0.105246        55.227964      
534             232.320000      12527.826326    226.409521      0.104631        55.332595      
535             232.599000      12552.204097    226.421222      0.104806        55.437401      
536             232.924000      12576.435414    226.433402      0.104031        55.541432      
537             229.979000      12600.048738    226.439945      0.102676        55.644108      
538             83.637000       12608.696469    226.175085      0.103396        55.747504      
539             80.743000       12617.254742    225.899097      0.105994        55.853498      
540             80.743000       12625.788470    225.624941      0.105690        55.959188      
541             80.417000       12634.111871    225.356858      0.103503        56.062691      
542             80.145000       12642.401188    225.089452      0.103429        56.166120      
543             80.145000       12650.714949    224.822246      0.103734        56.269854      
544             81.294000       12659.182939    224.557042      0.104165        56.374019      
545             79.268000       12667.406994    224.290145      0.103750        56.477769      
546             79.268000       12675.622409    224.024506      0.103641        56.581410      
547             78.942000       12683.769302    223.760366      0.103201        56.684611      
548             78.942000       12691.856910    223.499098      0.102450        56.787061      
549             78.671000       12700.009586    223.235284      0.103630        56.890691      
