#timestep       power           acc-energy      avg-power       dt              acc-time       
1               76.320000       7.638029        76.320000       0.100079        0.100079       
2               74.316000       15.286706       75.303972       0.102921        0.203000       
3               74.240000       22.897791       74.946947       0.102520        0.305520       
4               74.574000       30.692638       74.851878       0.104525        0.410045       
5               74.316000       38.404335       74.743653       0.103769        0.513814       
6               74.240000       46.111190       74.658999       0.103810        0.617624       
7               74.845000       53.983836       74.686067       0.105186        0.722810       
8               74.845000       61.654101       74.705803       0.102482        0.825292       
9               74.574000       69.421505       74.691032       0.104157        0.929449       
10              75.171000       77.125030       74.738698       0.102480        1.031929       
11              74.574000       84.766031       74.723822       0.102462        1.134391       
12              174.111000      102.607359      82.957807       0.102471        1.236862       
13              167.337000      120.277142      89.594849       0.105594        1.342456       
14              172.963000      138.435490      95.641608       0.104984        1.447440       
15              170.883000      156.026186      100.637383      0.102940        1.550380       
16              170.014000      173.493254      104.949041      0.102739        1.653119       
17              167.663000      190.747286      108.624285      0.102909        1.756028       
18              170.285000      208.933043      112.159304      0.106796        1.862824       
19              170.285000      226.486872      115.207200      0.103085        1.965909       
20              169.680000      244.514354      118.000145      0.106244        2.072153       
21              168.539000      261.838646      120.388684      0.102791        2.174944       
22              170.285000      279.342922      122.640498      0.102794        2.277738       
23              169.839000      296.798635      124.678278      0.102778        2.380516       
24              168.539000      314.366972      126.518297      0.104239        2.484755       
25              169.409000      331.975682      128.240455      0.103942        2.588697       
26              170.110000      349.466222      129.839920      0.102819        2.691516       
27              170.014000      367.157199      131.335268      0.104056        2.795572       
28              167.934000      384.408891      132.632494      0.102729        2.898301       
29              170.285000      401.935304      133.923749      0.102924        3.001225       
30              170.014000      419.412574      135.118985      0.102799        3.104024       
31              169.680000      436.867216      136.227605      0.102868        3.206892       
32              168.260000      454.428344      137.237247      0.104369        3.311261       
33              170.014000      471.901703      138.223957      0.102776        3.414037       
34              170.014000      489.381862      139.153346      0.102816        3.516853       
35              169.137000      506.898366      140.011045      0.103564        3.620417       
36              168.811000      524.261084      140.806625      0.102853        3.723270       
37              170.014000      541.745324      141.591675      0.102840        3.826110       
38              169.680000      559.183507      142.326405      0.102771        3.928881       
39              167.934000      576.451992      142.979528      0.102829        4.031710       
40              170.014000      594.119677      143.658843      0.103919        4.135629       
41              170.014000      611.597286      144.298074      0.102801        4.238430       
42              169.680000      629.041239      144.899145      0.102805        4.341235       
43              168.260000      646.633831      145.448545      0.104556        4.445791       
44              170.014000      664.265133      146.008510      0.103705        4.549496       
45              170.014000      681.735092      146.538728      0.102756        4.652252       
46              168.811000      699.229145      147.024043      0.103631        4.755883       
47              170.014000      717.327985      147.527380      0.106455        4.862338       
48              169.680000      734.773634      147.986101      0.102815        4.965153       
49              168.260000      752.106265      148.398170      0.103011        5.068164       
50              169.409000      769.513040      148.815672      0.102750        5.170914       
51              169.505000      786.930018      149.218782      0.102752        5.273666       
52              169.505000      804.344283      149.606425      0.102736        5.376402       
53              168.260000      821.630979      149.956194      0.102738        5.479140       
54              169.680000      839.065090      150.319254      0.102747        5.581887       
55              169.680000      856.841955      150.675943      0.104767        5.686654       
56              169.409000      874.248729      151.008416      0.102750        5.789404       
57              168.539000      891.711561      151.316645      0.103613        5.893017       
58              169.680000      909.174348      151.631839      0.102916        5.995933       
59              169.680000      926.615755      151.936029      0.102790        6.098723       
60              168.811000      943.963449      152.215662      0.102764        6.201487       
61              169.137000      961.348872      152.491558      0.102789        6.304276       
62              169.680000      978.789770      152.767308      0.102787        6.407063       
63              169.680000      996.491296      153.038277      0.104323        6.511386       
64              168.260000      1013.849335     153.275679      0.103162        6.614548       
65              169.680000      1031.335028     153.527328      0.103051        6.717599       
66              169.505000      1048.762685     153.768185      0.102815        6.820414       
67              169.409000      1066.165055     154.000260      0.102724        6.923138       
68              168.539000      1083.490527     154.212980      0.102798        7.025936       
69              169.505000      1100.906827     154.433389      0.102748        7.128684       
70              169.680000      1118.346877     154.650091      0.102782        7.231466       
71              169.137000      1135.758854     154.853430      0.102946        7.334412       
72              168.811000      1153.366010     155.049134      0.104301        7.438713       
73              169.680000      1171.289309     155.253984      0.105630        7.544343       
74              169.680000      1188.729867     155.447884      0.102785        7.647128       
75              168.539000      1206.182418     155.622786      0.103552        7.750680       
76              169.409000      1223.607319     155.803343      0.102857        7.853537       
77              169.680000      1241.071464     155.982850      0.102924        7.956461       
78              169.409000      1258.710159     156.156277      0.104119        8.060580       
79              168.539000      1276.033946     156.312192      0.102788        8.163368       
80              169.680000      1293.601256     156.479606      0.103532        8.266900       
81              169.680000      1311.036046     156.641662      0.102751        8.369651       
82              169.409000      1328.644587     156.798272      0.103941        8.473592       
83              169.680000      1346.454708     156.955887      0.104963        8.578555       
84              169.680000      1364.206460     157.109193      0.104619        8.683174       
85              169.137000      1382.250503     157.255175      0.106683        8.789857       
86              169.137000      1399.907391     157.394635      0.104394        8.894251       
87              169.680000      1417.579054     157.536825      0.104147        8.998398       
88              169.409000      1435.601291     157.675543      0.106383        9.104781       
89              168.539000      1452.914629     157.796744      0.102726        9.207507       
90              169.680000      1470.764625     157.930980      0.105198        9.312705       
91              169.505000      1488.312630     158.058228      0.103525        9.416230       
92              169.409000      1505.909821     158.182077      0.103874        9.520104       
93              168.811000      1523.457387     158.296878      0.103948        9.624052       
94              169.680000      1541.047434     158.418185      0.103666        9.727718       
95              169.409000      1558.668680     158.534464      0.104016        9.831734       
96              168.963000      1576.378875     158.644471      0.104817        9.936551       
97              168.811000      1594.116860     158.750854      0.105076        10.041627      
98              169.680000      1611.554873     158.861574      0.102770        10.144397      
99              169.680000      1629.190055     158.971287      0.103932        10.248329      
100             168.539000      1646.866594     159.068211      0.104881        10.353210      
101             169.409000      1665.071793     159.174443      0.107463        10.460673      
102             169.234000      1682.470910     159.272349      0.102811        10.563484      
103             169.409000      1699.876160     159.369989      0.102741        10.666225      
104             168.811000      1717.232125     159.460123      0.102813        10.769038      
105             169.409000      1734.640086     159.554157      0.102757        10.871795      
106             169.409000      1752.229484     159.647383      0.103828        10.975623      
107             169.137000      1769.606281     159.735387      0.102738        11.078361      
108             168.811000      1786.951273     159.818787      0.102748        11.181109      
109             169.409000      1804.624359     159.907438      0.104322        11.285431      
110             169.409000      1822.229851     159.994136      0.103923        11.389354      
111             168.539000      1839.618862     160.070848      0.103175        11.492529      
112             169.409000      1857.031227     160.153623      0.102783        11.595312      
113             169.409000      1874.458331     160.235012      0.102870        11.698182      
114             168.539000      1891.872792     160.307716      0.103326        11.801508      
115             169.234000      1909.261416     160.384761      0.102749        11.904257      
116             169.409000      1926.695127     160.462105      0.102909        12.007166      
117             169.137000      1944.154801     160.536049      0.103228        12.110394      
118             168.811000      1961.786604     160.606806      0.104447        12.214841      
119             169.409000      1979.389893     160.681054      0.103910        12.318751      
120             169.409000      1996.864092     160.753528      0.103148        12.421899      
121             169.137000      2014.251207     160.822337      0.102799        12.524698      
122             169.137000      2031.637306     160.890022      0.102793        12.627491      
123             169.409000      2049.053229     160.958817      0.102804        12.730295      
124             169.409000      2066.781542     161.027715      0.104648        12.834943      
125             168.260000      2084.163137     161.085459      0.103302        12.938245      
126             169.409000      2101.569911     161.151040      0.102750        13.040995      
127             169.409000      2119.023443     161.215768      0.103026        13.144021      
128             169.409000      2136.431743     161.279325      0.102759        13.246780      
129             168.811000      2154.112331     161.338408      0.104736        13.351516      
130             169.234000      2171.678990     161.399318      0.103801        13.455317      
131             169.409000      2189.218073     161.460478      0.103531        13.558848      
132             169.137000      2206.597407     161.518215      0.102753        13.661601      
133             168.811000      2224.296059     161.573756      0.104843        13.766444      
134             169.409000      2241.706052     161.631814      0.102769        13.869213      
135             169.409000      2259.327638     161.689708      0.104018        13.973231      
136             168.539000      2276.649233     161.739717      0.102775        14.076006      
137             169.137000      2294.026369     161.793319      0.102740        14.178746      
138             169.409000      2311.786700     161.849215      0.104837        14.283583      
139             169.409000      2329.195169     161.903214      0.102760        14.386343      
140             168.811000      2346.800468     161.952930      0.104290        14.490633      
141             169.409000      2364.219610     162.005464      0.102823        14.593456      
142             169.234000      2381.613480     162.056018      0.102780        14.696236      
143             169.137000      2398.992984     162.105183      0.102754        14.798990      
144             168.811000      2416.345910     162.151441      0.102795        14.901785      
145             169.409000      2434.134364     162.202222      0.105003        15.006788      
146             169.409000      2451.540969     162.251230      0.102749        15.109537      
147             169.137000      2468.968000     162.297868      0.103035        15.212572      
148             169.137000      2486.346657     162.343751      0.102749        15.315321      
149             169.409000      2503.755973     162.390842      0.102765        15.418086      
150             168.811000      2521.158193     162.433483      0.103087        15.521173      
151             169.409000      2538.558530     162.479340      0.102712        15.623885      
152             169.409000      2556.207051     162.525240      0.104177        15.728062      
153             169.409000      2573.826943     162.570463      0.104008        15.832070      
154             168.811000      2591.170416     162.610698      0.102739        15.934809      
155             169.409000      2608.581595     162.654265      0.102776        16.037585      
156             169.409000      2626.043428     162.697401      0.103075        16.140660      
157             169.137000      2643.616424     162.738588      0.103898        16.244558      
158             169.137000      2661.015547     162.778851      0.102870        16.347428      
159             169.409000      2678.681687     162.820877      0.104281        16.451709      
160             169.409000      2696.512662     162.862758      0.105254        16.556963      
161             168.811000      2713.858161     162.899445      0.102751        16.659714      
162             169.409000      2731.332022     162.939500      0.103146        16.762860      
163             169.409000      2749.010529     162.979525      0.104354        16.867214      
164             169.409000      2766.716988     163.019121      0.104519        16.971733      
165             168.811000      2784.089666     163.054029      0.102912        17.074645      
166             169.409000      2801.494916     163.092039      0.102741        17.177386      
167             169.409000      2819.056869     163.129934      0.103666        17.281052      
168             169.409000      2836.465677     163.167052      0.102762        17.383814      
169             169.137000      2853.911143     163.202264      0.103144        17.486958      
170             169.680000      2871.351024     163.240115      0.102781        17.589739      
171             169.409000      2888.779652     163.275986      0.102879        17.692618      
172             168.963000      2906.156145     163.308852      0.102842        17.795460      
173             169.137000      2923.543767     163.342327      0.102802        17.898262      
174             169.409000      2940.997468     163.377049      0.103027        18.001289      
175             169.409000      2958.785582     163.412029      0.105001        18.106290      
176             168.539000      2976.172234     163.441074      0.103161        18.209451      
177             169.409000      2993.578839     163.474560      0.102749        18.312200      
178             169.409000      3010.989002     163.507679      0.102770        18.414970      
179             169.409000      3028.662596     163.540923      0.104325        18.519295      
180             168.811000      3046.009783     163.570004      0.102761        18.622056      
181             169.409000      3063.419269     163.602050      0.102766        18.724822      
182             169.409000      3080.845864     163.633777      0.102867        18.827689      
183             169.137000      3099.029783     163.665023      0.107510        18.935199      
184             169.137000      3116.407933     163.694555      0.102746        19.037945      
185             169.409000      3133.812506     163.725227      0.102737        19.140682      
186             168.366000      3151.099990     163.749989      0.102678        19.243360      
187             169.234000      3168.478122     163.779098      0.102687        19.346047      
188             169.409000      3185.887438     163.808845      0.102765        19.448812      
189             169.409000      3203.306749     163.838297      0.102824        19.551636      
190             168.811000      3220.742224     163.864428      0.103284        19.654920      
191             169.234000      3238.805415     163.893430      0.106735        19.761655      
192             169.409000      3256.218627     163.921970      0.102788        19.864443      
193             168.963000      3273.599344     163.947940      0.102867        19.967310      
194             169.137000      3291.193313     163.974833      0.104022        20.071332      
195             169.234000      3309.242965     164.002631      0.106655        20.177987      
196             169.409000      3326.654314     164.030029      0.102777        20.280764      
197             168.811000      3344.003527     164.054135      0.102773        20.383537      
198             169.137000      3361.649759     164.080018      0.104331        20.487868      
199             169.409000      3379.366214     164.107081      0.104578        20.592446      
200             169.409000      3396.847698     164.133518      0.103191        20.695637      
201             169.137000      3414.782309     164.159023      0.106036        20.801673      
202             169.409000      3432.306653     164.185001      0.103444        20.905117      
203             169.409000      3449.738670     164.210588      0.102899        21.008016      
204             169.409000      3467.152729     164.235901      0.102793        21.110809      
205             169.137000      3484.531556     164.259640      0.102750        21.213559      
206             169.409000      3501.943583     164.284468      0.102781        21.316340      
207             169.409000      3519.348325     164.309048      0.102738        21.419078      
208             169.137000      3536.796159     164.332189      0.103158        21.522236      
209             169.137000      3554.421588     164.355341      0.104208        21.626444      
210             169.409000      3571.884267     164.379315      0.103080        21.729524      
211             169.409000      3589.348811     164.403064      0.103091        21.832615      
212             145.647000      3604.335887     164.315079      0.102900        21.935515      
213             76.917000       3612.262338     163.906407      0.103052        22.038567      
214             76.320000       3620.115360     163.499375      0.102896        22.141463      
215             76.048000       3628.045418     163.089446      0.104277        22.245740      
216             76.048000       3635.841326     162.690181      0.102513        22.348253      
217             76.320000       3643.789673     162.289555      0.104145        22.452398      
218             75.443000       3652.076709     161.866739      0.109845        22.562243      
219             76.320000       3659.893556     161.480152      0.102422        22.664665      
220             75.443000       3667.620202     161.093117      0.102417        22.767082      
221             75.520000       3675.356168     160.709822      0.102436        22.869518      
222             75.171000       3683.054656     160.328475      0.102413        22.971931      
223             75.249000       3690.760756     159.950877      0.102408        23.074339      
