#timestep       power           acc-energy      avg-power       dt              acc-time       
1               122.280000      12.246464       122.280000      0.100151        0.100151       
2               122.346000      24.783137       122.313378      0.102469        0.202620       
3               122.216000      37.280334       122.280717      0.102255        0.304875       
4               122.186000      49.773363       122.256929      0.102246        0.407121       
5               122.282000      62.269728       122.261960      0.102193        0.509314       
6               122.076000      74.762619       122.230846      0.102337        0.611651       
7               121.972000      87.235476       122.193769      0.102260        0.713911       
8               121.846000      99.695448       122.150197      0.102260        0.816171       
9               121.863000      112.159474      122.118214      0.102279        0.918450       
10              120.624000      124.493519      121.968527      0.102252        1.020702       
11              120.621000      136.827137      121.845827      0.102251        1.122953       
12              134.460000      150.581050      122.898927      0.102290        1.225243       
13              158.630000      166.820162      125.654115      0.102371        1.327614       
14              176.813000      185.443168      129.414468      0.105326        1.432940       
15              206.505000      206.580400      134.554031      0.102357        1.535297       
16              220.556000      229.152763      139.928655      0.102343        1.637640       
17              242.458000      253.975371      145.961263      0.102379        1.740019       
18              278.629000      282.492213      153.331213      0.102347        1.842366       
19              286.397000      311.810674      160.335734      0.102370        1.944736       
20              308.359000      343.378310      167.738166      0.102373        2.047109       
21              330.331000      377.189009      175.480578      0.102354        2.149463       
22              361.342000      414.179951      183.930055      0.102371        2.251834       
23              361.567000      451.197903      191.655270      0.102382        2.354216       
24              361.877000      488.238186      198.747761      0.102356        2.456572       
25              361.901000      525.288886      205.275166      0.102378        2.558950       
26              361.974000      562.356472      211.304649      0.102404        2.661354       
27              362.040000      599.410180      216.886769      0.102347        2.763701       
28              362.049000      636.831926      222.120040      0.103361        2.867062       
29              361.975000      673.871742      226.939529      0.102327        2.969389       
30              362.142000      710.937700      231.444546      0.102352        3.071741       
31              362.329000      748.035842      235.666490      0.102388        3.174129       
32              362.451000      785.135239      239.627222      0.102357        3.276486       
33              362.334000      822.224472      243.344617      0.102362        3.378848       
34              362.355000      859.308969      246.843385      0.102343        3.481191       
35              362.355000      896.446371      250.146880      0.102489        3.583680       
36              362.365000      933.545300      253.263729      0.102380        3.686060       
37              362.457000      970.654010      256.214630      0.102381        3.788441       
38              362.624000      1007.771477     259.014017      0.102358        3.890799       
39              362.580000      1044.892055     261.669291      0.102379        3.993178       
40              362.489000      1082.007666     264.189827      0.102391        4.095569       
41              362.521000      1119.121116     266.587846      0.102376        4.197945       
42              362.639000      1156.258614     268.875217      0.102409        4.300354       
43              362.753000      1193.413952     271.059184      0.102426        4.402780       
44              362.726000      1230.532792     273.141382      0.102333        4.505113       
45              362.638000      1267.683967     275.131299      0.102447        4.607560       
46              362.820000      1304.829842     277.037407      0.102381        4.709941       
47              362.973000      1341.987388     278.865474      0.102370        4.812311       
48              363.023000      1379.151141     280.618477      0.102373        4.914684       
49              362.943000      1416.307431     282.298341      0.102375        5.017059       
50              362.914000      1453.469462     283.910809      0.102399        5.119458       
51              362.792000      1490.595055     285.456667      0.102333        5.221791       
52              362.949000      1527.757040     286.946918      0.102389        5.324180       
53              363.009000      1566.139434     288.428037      0.105734        5.429914       
54              363.009000      1603.315186     289.808620      0.102410        5.532324       
55              362.895000      1640.500674     291.137700      0.102469        5.634793       
56              362.950000      1677.684901     292.420053      0.102450        5.737243       
57              363.063000      1714.842221     293.658134      0.102344        5.839587       
58              363.195000      1752.026125     294.856253      0.102380        5.941967       
59              363.195000      1789.201312     296.013518      0.102356        6.044323       
60              363.500000      1826.400812     297.137114      0.102337        6.146660       
61              363.377000      1863.580093     298.221675      0.102316        6.248976       
62              363.342000      1900.870609     299.273918      0.102632        6.351608       
63              363.308000      1938.375620     300.298012      0.103232        6.454840       
64              363.308000      1975.571093     301.281807      0.102380        6.557220       
65              363.360000      2012.814403     302.237228      0.102497        6.659717       
66              363.489000      2050.031315     303.164668      0.102388        6.762105       
67              363.460000      2087.243804     304.063974      0.102384        6.864489       
68              363.789000      2124.489977     304.941683      0.102384        6.966873       
69              363.755000      2161.733760     305.793500      0.102387        7.069260       
70              363.726000      2198.958206     306.620223      0.102342        7.171602       
71              363.598000      2236.173916     307.421974      0.102354        7.273956       
72              363.628000      2273.393787     308.201914      0.102357        7.376313       
73              363.608000      2311.419912     308.976470      0.104580        7.480893       
74              363.807000      2348.691939     309.717224      0.102450        7.583343       
75              363.779000      2385.935633     310.437370      0.102380        7.685723       
76              363.705000      2423.180480     311.137772      0.102404        7.788127       
77              363.802000      2460.431986     311.821193      0.102395        7.890522       
78              363.505000      2497.644719     312.483153      0.102372        7.992894       
79              363.705000      2534.879382     313.130925      0.102376        8.095270       
80              363.833000      2572.140611     313.764342      0.102413        8.197683       
81              364.035000      2609.411607     314.384441      0.102383        8.300066       
82              363.964000      2646.666962     314.988429      0.102360        8.402426       
83              363.863000      2684.969001     315.593150      0.105265        8.507691       
84              363.873000      2722.225957     316.167288      0.102390        8.610081       
85              363.838000      2759.475328     316.727460      0.102379        8.712460       
86              363.911000      2796.752915     317.275770      0.102436        8.814896       
87              363.949000      2834.017289     317.811676      0.102389        8.917285       
88              363.907000      2871.276999     318.334933      0.102388        9.019673       
89              363.824000      2908.524572     318.845463      0.102378        9.122051       
90              364.129000      2945.802643     319.348036      0.102376        9.224427       
91              364.163000      2983.089293     319.840015      0.102390        9.326817       
92              364.403000      3020.367355     320.323491      0.102299        9.429116       
93              364.443000      3057.679029     320.797389      0.102380        9.531496       
94              364.365000      3095.331780     321.264671      0.103338        9.634834       
95              364.315000      3133.095215     321.722897      0.103656        9.738490       
96              364.350000      3170.372228     322.166075      0.102311        9.840801       
97              364.502000      3207.676821     322.601835      0.102344        9.943145       
98              364.532000      3244.993233     323.029121      0.102368        10.045513      
99              364.230000      3282.288928     323.444852      0.102396        10.147909      
100             364.132000      3319.554197     323.851079      0.102340        10.250249      
101             364.286000      3356.849797     324.250951      0.102380        10.352629      
102             364.286000      3394.129005     324.642821      0.102335        10.454964      
103             364.467000      3431.442408     325.029009      0.102378        10.557342      
104             364.598000      3468.764482     325.408989      0.102365        10.659707      
105             364.868000      3506.126965     325.784437      0.102400        10.762107      
106             364.998000      3543.491445     326.153921      0.102369        10.864476      
107             364.797000      3580.838633     326.514663      0.102378        10.966854      
108             364.831000      3618.190760     326.869059      0.102382        11.069236      
109             364.932000      3655.555418     327.217907      0.102388        11.171624      
110             364.630000      3692.880038     327.557592      0.102363        11.273987      
111             364.772000      3730.231962     327.892557      0.102398        11.376385      
112             364.868000      3767.559782     328.222104      0.102305        11.478690      
113             364.700000      3804.900321     328.544601      0.102387        11.581077      
114             364.532000      3842.228034     328.860010      0.102399        11.683476      
115             364.430000      3879.538013     329.168992      0.102379        11.785855      
116             364.635000      3916.867885     329.474409      0.102376        11.888231      
117             364.713000      3959.341997     329.816263      0.116459        12.004690      
118             364.938000      3996.827698     330.114232      0.102718        12.107408      
119             364.930000      4034.174634     330.406052      0.102340        12.209748      
120             364.906000      4071.536265     330.692952      0.102387        12.312135      
121             364.944000      4109.706853     330.981467      0.104593        12.416728      
122             365.023000      4147.072797     331.259818      0.102366        12.519094      
123             365.112000      4184.493126     331.534705      0.102490        12.621584      
124             365.142000      4221.881476     331.805154      0.102394        12.723978      
125             365.206000      4259.276744     332.071798      0.102395        12.826373      
126             365.041000      4296.636865     332.332785      0.102345        12.928718      
127             365.242000      4334.032898     332.591357      0.102387        13.031105      
128             365.388000      4371.425244     332.846909      0.102336        13.133441      
129             365.388000      4408.816860     333.098505      0.102334        13.235775      
130             365.609000      4446.223414     333.347884      0.102313        13.338088      
131             365.372000      4483.609738     333.591689      0.102324        13.440412      
132             365.384000      4521.370348     333.834279      0.103345        13.543757      
133             365.442000      4558.806226     334.071553      0.102440        13.646197      
134             365.294000      4596.205756     334.304058      0.102382        13.748579      
135             365.294000      4633.604921     334.533124      0.102381        13.850960      
136             365.231000      4670.994715     334.758349      0.102373        13.953333      
137             365.202000      4708.400164     334.980191      0.102424        14.055757      
138             365.069000      4745.776659     335.197773      0.102382        14.158139      
139             365.204000      4783.156749     335.413141      0.102354        14.260493      
140             365.260000      4820.552068     335.625892      0.102380        14.362873      
141             365.261000      4859.004554     335.841525      0.105274        14.468147      
142             365.565000      4896.423056     336.050333      0.102358        14.570505      
143             365.629000      4934.261270     336.258936      0.103488        14.673993      
144             365.810000      4972.638763     336.468710      0.104911        14.778904      
145             365.680000      5010.091709     336.669755      0.102420        14.881324      
146             365.663000      5047.527190     336.867853      0.102377        14.983701      
147             365.680000      5084.968068     337.063397      0.102387        15.086088      
148             365.540000      5122.390957     337.255342      0.102377        15.188465      
149             365.410000      5159.800171     337.443844      0.102376        15.290841      
150             365.664000      5197.242336     337.631563      0.102395        15.393236      
151             365.746000      5234.658883     337.817176      0.102302        15.495538      
152             365.481000      5272.111549     337.998920      0.102475        15.598013      
153             365.548000      5309.536719     338.178565      0.102381        15.700394      
154             365.650000      5346.963190     338.356501      0.102356        15.802750      
155             365.606000      5384.377114     338.531825      0.102334        15.905084      
156             365.817000      5421.830922     338.706341      0.102384        16.007468      
157             366.114000      5459.319531     338.880547      0.102396        16.109864      
158             365.779000      5496.768351     339.050412      0.102381        16.212245      
159             365.644000      5534.205543     339.217308      0.102387        16.314632      
160             365.783000      5576.208039     339.402981      0.114829        16.429461      
161             365.875000      5613.667054     339.566923      0.102382        16.531843      
162             365.870000      5651.130678     339.728838      0.102396        16.634239      
163             365.869000      5688.590176     339.888748      0.102385        16.736624      
164             366.037000      5726.054429     340.047683      0.102351        16.838975      
165             366.017000      5763.522857     340.204602      0.102368        16.941343      
166             366.077000      5800.992302     340.359976      0.102354        17.043697      
167             365.988000      5838.461422     340.512999      0.102378        17.146075      
168             366.111000      5875.929221     340.664880      0.102340        17.248415      
169             366.037000      5913.404456     340.814592      0.102381        17.350796      
170             366.169000      5951.735026     340.966641      0.104680        17.455476      
171             366.081000      5989.230873     341.113147      0.102425        17.557901      
172             366.042000      6026.724189     341.257734      0.102429        17.660330      
173             365.963000      6064.194775     341.400141      0.102389        17.762719      
174             365.869000      6101.657199     341.540383      0.102393        17.865112      
175             365.842000      6139.070763     341.678704      0.102267        17.967379      
176             366.009000      6176.522268     341.816480      0.102324        18.069703      
177             366.144000      6214.012850     341.953556      0.102393        18.172096      
178             366.115000      6251.495704     342.088917      0.102380        18.274476      
179             366.242000      6288.980207     342.223437      0.102349        18.376825      
180             366.086000      6327.264382     342.358463      0.104577        18.481402      
181             366.145000      6364.777402     342.489600      0.102454        18.583856      
182             366.179000      6402.279624     342.619436      0.102415        18.686271      
183             366.345000      6439.779065     342.748693      0.102361        18.788632      
184             366.297000      6477.278720     342.876307      0.102375        18.891007      
185             366.331000      6514.782589     343.002731      0.102377        18.993384      
186             366.182000      6552.276330     343.127018      0.102391        19.095775      
187             366.483000      6589.769007     343.251479      0.102304        19.198079      
188             366.448000      6627.289984     343.374539      0.102391        19.300470      
189             366.454000      6664.809010     343.496323      0.102384        19.402854      
190             366.614000      6703.417864     343.621121      0.105312        19.508166      
191             366.513000      6740.950994     343.740662      0.102406        19.610572      
192             366.390000      6778.469697     343.858316      0.102401        19.712973      
193             366.079000      6815.944838     343.973111      0.102369        19.815342      
194             366.056000      6853.430803     344.086648      0.102405        19.917747      
195             366.022000      6890.907795     344.198833      0.102390        20.020137      
196             365.674000      6928.350619     344.308110      0.102394        20.122531      
197             365.906000      6965.812807     344.417442      0.102382        20.224913      
198             365.939000      7003.280935     344.525847      0.102389        20.327302      
199             366.051000      7040.741496     344.633672      0.102337        20.429639      
200             366.042000      7078.206993     344.740393      0.102353        20.531992      
201             366.106000      7115.691122     344.846407      0.102386        20.634378      
202             366.203000      7153.184816     344.951853      0.102385        20.736763      
203             366.203000      7190.680341     345.056267      0.102390        20.839153      
204             366.577000      7228.212327     345.161484      0.102385        20.941538      
205             366.744000      7265.760678     345.266487      0.102383        21.043921      
206             366.744000      7303.294726     345.370434      0.102344        21.146265      
207             366.754000      7340.842634     345.473463      0.102379        21.248644      
208             366.749000      7378.392230     345.575486      0.102385        21.351029      
209             366.895000      7415.928891     345.677157      0.102309        21.453338      
210             366.831000      7453.487983     345.777636      0.102388        21.555726      
211             366.862000      7491.049149     345.877309      0.102385        21.658111      
212             366.826000      7528.604062     345.975868      0.102378        21.760489      
213             366.850000      7566.165466     346.073626      0.102389        21.862878      
214             366.756000      7603.730816     346.170070      0.102426        21.965304      
215             366.811000      7641.285660     346.265832      0.102382        22.067686      
216             366.904000      7678.830946     346.361092      0.102330        22.170016      
217             366.806000      7716.380877     346.455062      0.102370        22.272386      
218             366.472000      7753.899913     346.546653      0.102379        22.374765      
219             366.624000      7791.409582     346.638041      0.102311        22.477076      
220             366.607000      7828.943539     346.728586      0.102382        22.579458      
221             366.594000      7866.486798     346.818280      0.102411        22.681869      
222             366.737000      7904.051668     346.907828      0.102430        22.784299      
223             366.771000      7941.606818     346.996694      0.102394        22.886693      
224             367.034000      7979.173482     347.085905      0.102352        22.989045      
225             366.952000      8016.742762     347.173986      0.102382        23.091427      
226             367.016000      8054.316392     347.261568      0.102376        23.193803      
227             367.096000      8091.901149     347.348738      0.102384        23.296187      
228             366.980000      8129.464488     347.434616      0.102358        23.398545      
229             366.826000      8167.003259     347.519055      0.102334        23.500879      
230             366.975000      8204.618197     347.603544      0.102500        23.603379      
231             366.994000      8242.185905     347.687276      0.102366        23.705745      
232             366.929000      8279.738886     347.769991      0.102344        23.808089      
233             366.865000      8317.297424     347.851749      0.102377        23.910466      
234             366.930000      8354.848307     347.933057      0.102338        24.012804      
235             367.162000      8392.439454     348.014695      0.102383        24.115187      
236             367.222000      8430.034908     348.095893      0.102378        24.217565      
237             367.330000      8467.628929     348.176834      0.102344        24.319909      
238             367.252000      8507.604677     348.261831      0.108851        24.428760      
239             367.131000      8545.191916     348.340581      0.102381        24.531141      
240             367.131000      8582.823210     348.418769      0.102501        24.633642      
241             367.041000      8620.402336     348.495847      0.102384        24.736026      
242             367.130000      8657.975889     348.572627      0.102344        24.838370      
243             367.040000      8695.551242     348.648430      0.102374        24.940744      
244             367.163000      8733.140288     348.724118      0.102377        25.043121      
245             367.104000      8770.725864     348.798955      0.102384        25.145505      
246             367.233000      8808.316568     348.873692      0.102362        25.247867      
247             367.336000      8845.921857     348.948249      0.102373        25.350240      
248             367.471000      8884.373655     349.024392      0.104639        25.454879      
249             367.287000      8921.979803     349.097556      0.102389        25.557268      
250             367.439000      8959.641933     349.170822      0.102499        25.659767      
251             367.633000      8997.269539     349.244171      0.102351        25.762118      
252             367.586000      9034.900788     349.316769      0.102374        25.864492      
253             367.698000      9072.548283     349.389246      0.102387        25.966879      
254             367.531000      9110.176842     349.460495      0.102382        26.069261      
255             367.363000      9147.780486     349.530514      0.102361        26.171622      
256             367.311000      9185.385419     349.599797      0.102379        26.274001      
257             367.281000      9223.003808     349.668456      0.102424        26.376425      
258             367.339000      9261.672850     349.738699      0.105268        26.481693      
259             367.626000      9299.341648     349.807643      0.102465        26.584158      
260             367.461000      9336.967817     349.875378      0.102395        26.686553      
261             367.584000      9374.585261     349.943027      0.102337        26.788890      
262             367.555000      9412.208926     350.010067      0.102362        26.891252      
263             367.525000      9449.836503     350.076498      0.102381        26.993633      
264             367.631000      9487.459859     350.142800      0.102340        27.095973      
265             367.896000      9525.125052     350.209627      0.102380        27.198353      
266             367.863000      9562.772151     350.275803      0.102340        27.300693      
267             367.795000      9600.426635     350.341255      0.102379        27.403072      
268             367.795000      9638.057213     350.406179      0.102314        27.505386      
269             367.696000      9675.696782     350.470288      0.102366        27.607752      
270             367.858000      9713.351830     350.534519      0.102363        27.710115      
271             367.673000      9751.001545     350.597619      0.102400        27.812515      
272             367.793000      9788.656560     350.660685      0.102381        27.914896      
273             367.793000      9826.314150     350.723295      0.102388        28.017284      
274             367.673000      9863.956144     350.785006      0.102379        28.119663      
275             367.737000      9901.605426     350.846502      0.102381        28.222044      
276             367.400000      9939.218736     350.906334      0.102377        28.324421      
277             367.098000      9977.693543     350.966027      0.104808        28.429229      
278             367.374000      10015.299782    351.024895      0.102365        28.531594      
279             367.271000      10052.900620    351.082982      0.102379        28.633973      
280             367.271000      10090.508803    351.140666      0.102399        28.736372      
281             367.271000      10128.095317    351.197908      0.102340        28.838712      
282             367.257000      10165.681501    351.254697      0.102343        28.941055      
283             367.316000      10203.276293    351.311297      0.102350        29.043405      
284             367.465000      10240.892950    351.368034      0.102368        29.145773      
285             367.497000      10278.519498    351.424495      0.102386        29.248159      
286             367.463000      10316.147709    351.480451      0.102400        29.350559      
287             367.797000      10354.614862    351.538387      0.104588        29.455147      
288             367.708000      10392.259704    351.594393      0.102377        29.557524      
289             367.708000      10429.910797    351.650021      0.102394        29.659918      
290             367.708000      10467.567038    351.705275      0.102408        29.762326      
291             367.767000      10505.237779    351.760364      0.102431        29.864757      
292             367.896000      10542.902972    351.815489      0.102380        29.967137      
293             367.825000      10580.564206    351.870003      0.102389        30.069526      
294             367.795000      10618.220897    351.924043      0.102385        30.171911      
295             367.918000      10656.156554    351.978514      0.103109        30.275020      
296             367.883000      10693.896935    352.032225      0.102588        30.377608      
297             368.025000      10732.380205    352.087087      0.104567        30.482175      
298             367.818000      10770.077136    352.139801      0.102488        30.584663      
299             367.878000      10807.758144    352.192332      0.102428        30.687091      
300             367.845000      10845.423633    352.244387      0.102395        30.789486      
301             367.877000      10883.087248    352.296197      0.102381        30.891867      
302             367.872000      10920.752559    352.347650      0.102387        30.994254      
303             367.916000      10958.415384    352.398900      0.102368        31.096622      
304             367.936000      10996.069218    352.449864      0.102338        31.198960      
305             367.907000      11033.730386    352.500414      0.102366        31.301326      
306             368.391000      11071.442573    352.552215      0.102370        31.403696      
307             368.398000      11109.558872    352.604250      0.103465        31.507161      
308             368.369000      11147.285383    352.655328      0.102415        31.609576      
309             368.403000      11184.998061    352.706162      0.102368        31.711944      
310             368.437000      11222.708693    352.756771      0.102353        31.814297      
311             368.346000      11260.424009    352.806783      0.102391        31.916688      
312             368.328000      11298.134903    352.856413      0.102384        32.019072      
313             368.463000      11335.858513    352.906156      0.102381        32.121453      
314             368.263000      11373.552441    352.954936      0.102356        32.223809      
315             367.762000      11411.205753    353.001834      0.102385        32.326194      
316             368.130000      11449.703316    353.050616      0.104576        32.430770      
317             368.189000      11487.386724    353.098240      0.102348        32.533118      
318             368.562000      11525.099462    353.146725      0.102324        32.635442      
319             368.401000      11562.787621    353.194393      0.102302        32.737744      
320             368.612000      11600.560030    353.242501      0.102472        32.840216      
321             368.767000      11638.315502    353.290750      0.102383        32.942599      
322             368.528000      11676.047609    353.337961      0.102386        33.044985      
323             368.411000      11713.757423    353.384506      0.102358        33.147343      
324             368.637000      11751.498847    353.431471      0.102381        33.249724      
325             368.410000      11789.217400    353.477451      0.102382        33.352106      
326             368.166000      11827.996693    353.523693      0.105331        33.457437      
327             368.501000      11865.712402    353.569370      0.102349        33.559786      
328             368.557000      11903.451533    353.614961      0.102397        33.662183      
329             368.566000      11941.194903    353.660307      0.102406        33.764589      
330             368.398000      11978.914069    353.704862      0.102387        33.866976      
331             368.231000      12016.612822    353.748641      0.102378        33.969354      
332             368.528000      12054.341244    353.793049      0.102376        34.071730      
333             368.658000      12092.087400    353.837586      0.102388        34.174118      
334             368.517000      12129.816907    353.881432      0.102382        34.276500      
335             368.787000      12167.574058    353.925822      0.102382        34.378882      
336             368.611000      12205.299182    353.969409      0.102344        34.481226      
337             368.523000      12243.069473    354.012539      0.102491        34.583717      
338             368.297000      12280.769827    354.054695      0.102364        34.686081      
339             368.283000      12318.489740    354.096585      0.102421        34.788502      
340             368.224000      12356.162001    354.138009      0.102308        34.890810      
341             368.377000      12393.883437    354.179676      0.102399        34.993209      
342             368.377000      12431.615188    354.221111      0.102427        35.095636      
343             368.500000      12469.343692    354.262646      0.102384        35.198020      
344             368.677000      12507.090318    354.304453      0.102384        35.300404      
345             368.342000      12544.803014    354.345049      0.102385        35.402789      
346             368.638000      12582.531639    354.386250      0.102346        35.505135      
347             368.600000      12620.309084    354.427161      0.102489        35.607624      
348             368.494000      12658.046923    354.467503      0.102411        35.710035      
349             368.567000      12695.779338    354.507808      0.102376        35.812411      
350             368.435000      12733.708248    354.547729      0.102946        35.915357      
351             368.405000      12771.503285    354.587199      0.102591        36.017948      
352             368.128000      12809.185972    354.625573      0.102363        36.120311      
353             368.360000      12846.883934    354.664377      0.102340        36.222651      
354             368.492000      12884.610145    354.703349      0.102380        36.325031      
355             368.644000      12923.355735    354.743568      0.105103        36.430134      
356             368.615000      12961.083481    354.782431      0.102350        36.532484      
357             368.668000      12998.855361    354.821264      0.102455        36.634939      
358             368.527000      13036.566729    354.859441      0.102330        36.737269      
359             368.493000      13074.296358    354.897333      0.102389        36.839658      
360             368.631000      13112.034957    354.935392      0.102375        36.942033      
361             368.631000      13149.776136    354.973243      0.102382        37.044415      
362             368.645000      13187.521698    355.010928      0.102390        37.146805      
363             368.645000      13225.260624    355.048398      0.102372        37.249177      
364             368.464000      13262.999812    355.085185      0.102423        37.351600      
365             368.861000      13301.629887    355.123703      0.104728        37.456328      
366             368.802000      13339.394105    355.160994      0.102397        37.558725      
367             368.831000      13377.162031    355.198162      0.102399        37.661124      
368             368.938000      13414.925786    355.235404      0.102358        37.763482      
369             368.538000      13452.662235    355.271376      0.102395        37.865877      
370             368.654000      13490.407243    355.307464      0.102386        37.968263      
371             368.560000      13528.142627    355.343105      0.102386        38.070649      
372             368.538000      13565.879445    355.378499      0.102396        38.173045      
373             368.560000      13603.611143    355.413756      0.102376        38.275421      
374             368.590000      13641.349599    355.448908      0.102386        38.377807      
375             368.165000      13679.856344    355.483469      0.104591        38.482398      
376             368.497000      13717.622128    355.518035      0.102486        38.584884      
377             368.398000      13755.343504    355.552124      0.102393        38.687277      
378             368.586000      13793.079708    355.586525      0.102381        38.789658      
379             368.620000      13830.823078    355.620839      0.102391        38.892049      
380             368.810000      13868.588853    355.655473      0.102399        38.994448      
381             369.112000      13906.380016    355.690712      0.102384        39.096832      
382             368.901000      13944.152158    355.725218      0.102391        39.199223      
383             368.816000      13981.906746    355.759315      0.102367        39.301590      
384             369.189000      14019.700255    355.794205      0.102369        39.403959      
385             368.951000      14058.552640    355.829272      0.105305        39.509264      
386             369.029000      14096.339733    355.863393      0.102396        39.611660      
387             369.021000      14134.123424    355.897315      0.102389        39.714049      
388             369.029000      14171.903875    355.931080      0.102378        39.816427      
389             369.139000      14209.699648    355.964958      0.102389        39.918816      
390             369.004000      14247.478278    355.998313      0.102380        40.021196      
391             369.338000      14285.337270    356.032393      0.102505        40.123701      
392             369.107000      14323.112787    356.065657      0.102343        40.226044      
393             368.766000      14360.862994    356.097895      0.102369        40.328413      
394             369.013000      14398.612655    356.130574      0.102299        40.430712      
395             368.984000      14436.385178    356.163036      0.102369        40.533081      
396             368.566000      14474.114911    356.194281      0.102369        40.635450      
397             368.765000      14511.867965    356.225872      0.102377        40.737827      
398             368.732000      14549.626491    356.257230      0.102401        40.840228      
399             368.801000      14587.371060    356.288585      0.102344        40.942572      
400             368.953000      14625.145206    356.320175      0.102382        41.044954      
401             368.803000      14662.899201    356.351231      0.102369        41.147323      
402             369.240000      14700.687592    356.383208      0.102341        41.249664      
403             369.076000      14738.460306    356.414622      0.102344        41.352008      
404             368.932000      14776.209797    356.445519      0.102321        41.454329      
405             369.012000      14813.988507    356.476477      0.102378        41.556707      
406             369.035000      14851.771787    356.507342      0.102384        41.659091      
407             368.954000      14889.536811    356.537848      0.102357        41.761448      
408             368.970000      14927.309008    356.568249      0.102372        41.863820      
409             368.971000      14965.089794    356.598511      0.102395        41.966215      
410             368.925000      15002.861811    356.628511      0.102384        42.068599      
411             368.971000      15040.624148    356.658465      0.102345        42.170944      
412             368.901000      15078.394815    356.688117      0.102387        42.273331      
413             368.978000      15116.171151    356.717809      0.102381        42.375712      
414             369.060000      15153.944811    356.747548      0.102351        42.478063      
415             369.222000      15191.776774    356.777566      0.102464        42.580527      
416             369.400000      15229.597055    356.807843      0.102383        42.682910      
417             369.459000      15267.414878    356.838110      0.102360        42.785270      
418             369.121000      15305.205117    356.867431      0.102379        42.887649      
419             369.243000      15343.010800    356.896905      0.102387        42.990036      
420             369.090000      15380.783101    356.925862      0.102339        43.092375      
421             369.149000      15418.573623    356.954831      0.102372        43.194747      
422             369.086000      15456.372827    356.983526      0.102413        43.297160      
423             368.974000      15494.145064    357.011809      0.102371        43.399531      
424             369.000000      15531.911845    357.040014      0.102349        43.501880      
425             369.335000      15569.767944    357.068915      0.102498        43.604378      
426             369.291000      15607.577065    357.097545      0.102383        43.706761      
427             369.438000      15645.418969    357.126399      0.102431        43.809192      
428             369.320000      15683.214808    357.154817      0.102339        43.911531      
429             369.503000      15721.046742    357.183541      0.102386        44.013917      
430             369.379000      15758.870782    357.211848      0.102399        44.116316      
431             369.481000      15796.684576    357.240245      0.102343        44.218659      
432             369.481000      15834.515736    357.268523      0.102390        44.321049      
433             369.266000      15874.431544    357.297713      0.108095        44.429144      
434             369.173000      15912.250365    357.325031      0.102442        44.531586      
435             369.136000      15950.082375    357.352152      0.102488        44.634074      
436             369.134000      15987.877636    357.379117      0.102389        44.736463      
437             369.163000      16025.662208    357.406015      0.102352        44.838815      
438             369.232000      16063.458641    357.432952      0.102365        44.941180      
439             369.103000      16101.242608    357.459474      0.102367        45.043547      
440             369.367000      16139.307724    357.486655      0.103055        45.146602      
441             369.091000      16177.120728    357.512928      0.102449        45.249051      
442             368.975000      16215.271636    357.539060      0.103397        45.352448      
443             369.464000      16253.297610    357.566061      0.102922        45.455370      
444             369.263000      16291.076538    357.592329      0.102309        45.557679      
445             369.250000      16328.854506    357.618450      0.102310        45.659989      
446             369.263000      16366.631957    357.644483      0.102305        45.762294      
447             369.342000      16404.469198    357.670610      0.102445        45.864739      
448             369.254000      16442.260868    357.696401      0.102346        45.967085      
449             369.435000      16480.088057    357.722491      0.102392        46.069477      
450             369.342000      16517.901291    357.748255      0.102380        46.171857      
451             369.283000      16555.695190    357.773767      0.102344        46.274201      
452             369.312000      16593.499074    357.799234      0.102363        46.376564      
453             369.312000      16632.376548    357.825308      0.105270        46.481834      
454             369.371000      16670.256283    357.850725      0.102552        46.584386      
455             369.332000      16708.065908    357.875900      0.102373        46.686759      
456             368.933000      16745.838006    357.900095      0.102382        46.789141      
457             369.202000      16783.625462    357.924763      0.102349        46.891490      
458             369.133000      16821.416191    357.949181      0.102377        46.993867      
459             369.198000      16859.218743    357.973637      0.102391        47.096258      
460             369.398000      16897.035864    357.998416      0.102375        47.198633      
461             369.167000      16934.814938    358.022580      0.102336        47.300969      
462             369.572000      16972.633241    358.047511      0.102330        47.403299      
463             369.469000      17010.446915    358.072118      0.102346        47.505645      
464             369.472000      17048.267916    358.096629      0.102365        47.608010      
465             369.349000      17086.082605    358.120776      0.102382        47.710392      
466             369.001000      17123.859821    358.144073      0.102377        47.812769      
467             369.385000      17161.681890    358.168094      0.102392        47.915161      
468             369.282000      17199.489350    358.191791      0.102381        48.017542      
469             369.301000      17237.301710    358.215429      0.102389        48.119931      
470             369.384000      17275.131803    358.239148      0.102414        48.222345      
471             369.271000      17312.933706    358.262518      0.102369        48.324714      
472             369.242000      17351.652422    358.286291      0.104860        48.429574      
473             369.583000      17389.449306    358.310096      0.102269        48.531843      
474             369.383000      17427.287423    358.333418      0.102436        48.634279      
475             369.481000      17465.114888    358.356835      0.102380        48.736659      
476             369.511000      17502.946533    358.380218      0.102383        48.839042      
477             369.482000      17540.777056    358.403444      0.102388        48.941430      
478             369.324000      17578.596203    358.426245      0.102401        49.043831      
479             369.307000      17616.395143    358.448905      0.102351        49.146182      
480             369.237000      17654.197258    358.471332      0.102379        49.248561      
481             369.437000      17692.017632    358.494079      0.102373        49.350934      
482             369.134000      17730.636800    358.516587      0.104621        49.455555      
483             369.166000      17768.426847    358.538585      0.102366        49.557921      
484             369.559000      17806.265993    358.561306      0.102390        49.660311      
485             369.589000      17844.104885    358.583995      0.102381        49.762692      
486             369.906000      17881.978080    358.607242      0.102386        49.865078      
487             369.835000      17919.843267    358.630248      0.102384        49.967462      
488             369.740000      17957.689853    358.652960      0.102360        50.069822      
489             369.647000      17995.538749    358.675396      0.102392        50.172214      
490             369.583000      18033.378504    358.697610      0.102385        50.274599      
491             369.553000      18071.215188    358.719672      0.102385        50.376984      
492             369.430000      18109.866063    358.741869      0.104623        50.481607      
493             369.224000      18147.704877    358.763106      0.102482        50.584089      
494             368.895000      18185.470134    358.783570      0.102374        50.686463      
495             369.333000      18223.284293    358.804836      0.102385        50.788848      
496             369.063000      18261.049772    358.825463      0.102328        50.891176      
497             369.468000      18298.846348    358.846813      0.102300        50.993476      
498             369.333000      18336.630591    358.867808      0.102304        51.095780      
499             369.377000      18374.448147    358.888824      0.102382        51.198162      
500             369.673000      18412.286027    358.910341      0.102355        51.300517      
501             369.614000      18450.126739    358.931659      0.102379        51.402896      
502             369.545000      18487.943388    358.952746      0.102333        51.505229      
503             369.825000      18525.848601    358.974339      0.102495        51.607724      
504             369.773000      18563.708179    358.995720      0.102386        51.710110      
505             369.622000      18601.551558    359.016718      0.102384        51.812494      
506             369.716000      18639.401973    359.037817      0.102377        51.914871      
507             369.815000      18677.268810    359.059032      0.102394        52.017265      
508             369.821000      18715.692842    359.080485      0.103899        52.121164      
509             369.557000      18753.504067    359.101010      0.102315        52.223479      
510             369.854000      18791.372308    359.122051      0.102387        52.325866      
511             369.669000      18830.037837    359.143091      0.104595        52.430461      
512             369.384000      18867.861281    359.163053      0.102396        52.532857      
513             369.641000      18905.777207    359.183472      0.102575        52.635432      
514             369.640000      18943.629821    359.203776      0.102404        52.737836      
515             369.640000      18981.473934    359.223997      0.102381        52.840217      
516             369.611000      19019.300663    359.244076      0.102342        52.942559      
517             369.520000      19057.135816    359.263911      0.102390        53.044949      
518             369.518000      19094.953027    359.283656      0.102342        53.147291      
519             369.577000      19132.777755    359.303440      0.102346        53.249637      
520             369.483000      19170.602099    359.322972      0.102371        53.352008      
521             369.687000      19209.533467    359.343389      0.105309        53.457317      
522             369.611000      19247.376090    359.363017      0.102385        53.559702      
523             369.352000      19285.185546    359.382072      0.102367        53.662069      
524             369.784000      19323.057344    359.401887      0.102416        53.764485      
525             369.654000      19360.905847    359.421374      0.102389        53.866874      
526             369.552000      19398.729125    359.440586      0.102349        53.969223      
527             369.581000      19436.566458    359.459786      0.102379        54.071602      
528             369.621000      19474.401603    359.478985      0.102362        54.173964      
529             369.556000      19512.207921    359.497979      0.102302        54.276266      
530             369.859000      19550.052264    359.517474      0.102321        54.378587      
531             369.675000      19588.292185    359.536760      0.103442        54.482029      
532             369.688000      19626.665430    359.556063      0.103799        54.585828      
533             369.920000      19664.526372    359.575459      0.102349        54.688177      
534             369.623000      19702.373549    359.594237      0.102394        54.790571      
535             369.675000      19740.223833    359.613039      0.102388        54.892959      
536             369.752000      19778.077934    359.631914      0.102377        54.995336      
537             369.281000      19815.885292    359.649843      0.102381        55.097717      
538             369.551000      19853.725466    359.668210      0.102395        55.200112      
539             369.448000      19891.546597    359.686313      0.102372        55.302484      
540             369.487000      19929.378371    359.704425      0.102390        55.404874      
541             369.550000      19967.183336    359.722571      0.102300        55.507174      
542             369.486000      20005.052695    359.740566      0.102492        55.609666      
543             369.850000      20042.926814    359.759148      0.102404        55.712070      
544             369.938000      20080.807356    359.777822      0.102397        55.814467      
545             369.967000      20118.684947    359.796478      0.102381        55.916848      
546             369.908000      20156.553909    359.814956      0.102374        56.019222      
547             369.943000      20194.429783    359.833433      0.102383        56.121605      
548             369.821000      20232.283181    359.851615      0.102356        56.223961      
549             369.791000      20270.155327    359.869687      0.102415        56.326376      
550             369.757000      20308.854834    359.888025      0.104662        56.431038      
551             369.918000      20346.718160    359.906185      0.102356        56.533394      
552             369.791000      20384.618040    359.924073      0.102490        56.635884      
553             369.668000      20422.910839    359.941862      0.103587        56.739471      
554             369.581000      20460.887874    359.959287      0.102757        56.842228      
555             369.487000      20498.697848    359.976409      0.102331        56.944559      
556             369.924000      20536.566598    359.994259      0.102369        57.046928      
557             369.768000      20574.427883    360.011771      0.102392        57.149320      
558             369.860000      20612.295629    360.029382      0.102384        57.251704      
559             370.093000      20650.173538    360.047341      0.102347        57.354051      
560             369.963000      20689.632681    360.065746      0.106657        57.460708      
561             369.832000      20727.494232    360.083115      0.102375        57.563083      
562             369.891000      20765.355535    360.100524      0.102358        57.665441      
563             369.827000      20803.218054    360.117762      0.102379        57.767820      
564             369.459000      20841.055458    360.134293      0.102413        57.870233      
565             369.828000      20878.894410    360.151401      0.102315        57.972548      
566             369.725000      20916.757208    360.168283      0.102408        58.074956      
567             369.957000      20954.619717    360.185503      0.102343        58.177299      
568             369.914000      20992.491143    360.202593      0.102379        58.279678      
569             369.821000      21030.349349    360.219458      0.102369        58.382047      
570             369.884000      21069.044024    360.236745      0.104613        58.486660      
571             370.053000      21106.968165    360.253915      0.102483        58.589143      
572             369.846000      21144.816356    360.270640      0.102335        58.691478      
573             370.060000      21182.719381    360.287694      0.102424        58.793902      
574             370.031000      21220.604265    360.304632      0.102383        58.896285      
575             369.679000      21258.440911    360.320894      0.102350        58.998635      
576             369.847000      21296.311394    360.337398      0.102395        59.101030      
577             369.711000      21334.162406    360.353608      0.102380        59.203410      
578             369.712000      21372.015369    360.369764      0.102385        59.305795      
579             369.610000      21409.854563    360.385688      0.102376        59.408171      
580             369.816000      21448.809131    360.402379      0.105335        59.513506      
581             369.951000      21486.692483    360.418780      0.102401        59.615907      
582             369.880000      21524.562647    360.435001      0.102385        59.718292      
583             370.086000      21562.451682    360.451518      0.102379        59.820671      
584             369.879000      21600.319524    360.467625      0.102379        59.923050      
585             369.880000      21638.176742    360.483674      0.102350        60.025400      
586             369.938000      21676.052104    360.499773      0.102383        60.127783      
587             370.015000      21713.919809    360.515941      0.102341        60.230124      
588             369.968000      21751.786774    360.531976      0.102352        60.332476      
589             369.909000      21789.641042    360.547854      0.102334        60.434810      
590             369.712000      21827.493265    360.563353      0.102383        60.537193      
591             369.913000      21865.371247    360.579141      0.102397        60.639590      
592             370.081000      21903.269022    360.595160      0.102404        60.741994      
593             369.843000      21941.136876    360.610722      0.102389        60.844383      
594             369.904000      21979.005429    360.626332      0.102374        60.946757      
595             369.904000      22016.875460    360.641891      0.102378        61.049135      
596             369.904000      22054.747711    360.657398      0.102384        61.151519      
597             369.816000      22092.592092    360.672698      0.102333        61.253852      
598             369.718000      22130.463046    360.687799      0.102432        61.356284      
599             369.750000      22168.302152    360.702889      0.102337        61.458621      
600             369.791000      22206.159506    360.718002      0.102375        61.560996      
601             369.879000      22244.033636    360.733215      0.102396        61.663392      
602             369.815000      22281.887160    360.748265      0.102358        61.765750      
603             370.213000      22319.789937    360.763928      0.102381        61.868131      
604             370.215000      22357.695880    360.779543      0.102389        61.970520      
605             370.519000      22395.623687    360.795604      0.102364        62.072884      
606             370.185000      22433.505459    360.811058      0.102332        62.175216      
607             370.156000      22471.397218    360.826418      0.102367        62.277583      
608             370.092000      22509.290568    360.841627      0.102389        62.379972      
609             370.122000      22547.158860    360.856823      0.102313        62.482285      
610             370.050000      22585.082694    360.871877      0.102483        62.584768      
611             370.092000      22622.969012    360.886934      0.102370        62.687138      
612             369.910000      22660.844837    360.901648      0.102392        62.789530      
613             369.384000      22698.664587    360.915457      0.102386        62.891916      
614             369.789000      22736.520996    360.929877      0.102373        62.994289      
615             369.733000      22774.382025    360.944164      0.102401        63.096690      
616             370.123000      22812.550219    360.959141      0.103123        63.199813      
617             369.949000      22850.675314    360.973776      0.103055        63.302868      
618             370.071000      22888.538758    360.988456      0.102314        63.405182      
619             370.226000      22926.991911    361.003563      0.103864        63.509046      
620             369.789000      22964.869768    361.017710      0.102431        63.611477      
621             370.226000      23002.774617    361.032507      0.102383        63.713860      
622             369.924000      23040.652245    361.046774      0.102393        63.816253      
623             369.653000      23078.496949    361.060558      0.102379        63.918632      
624             370.091000      23116.407591    361.075007      0.102436        64.021068      
625             369.892000      23154.269736    361.089082      0.102360        64.123428      
626             369.979000      23192.141527    361.103250      0.102362        64.225790      
627             370.124000      23230.035932    361.117608      0.102383        64.328173      
628             369.924000      23268.740710    361.131908      0.104629        64.432802      
629             370.101000      23306.634982    361.146138      0.102389        64.535191      
630             370.165000      23344.732734    361.160498      0.102921        64.638112      
631             370.026000      23382.601564    361.174513      0.102341        64.740453      
632             370.283000      23420.512249    361.188894      0.102383        64.842836      
633             370.224000      23458.416152    361.203138      0.102381        64.945217      
634             369.723000      23496.269872    361.216548      0.102384        65.047601      
635             369.948000      23534.142188    361.230268      0.102372        65.149973      
636             369.723000      23572.001454    361.243595      0.102399        65.252372      
637             369.737000      23609.899866    361.256916      0.102501        65.354873      
638             369.855000      23649.167741    361.270861      0.106171        65.461044      
639             369.796000      23687.030414    361.284175      0.102388        65.563432      
640             369.827000      23724.933614    361.297508      0.102489        65.665921      
641             369.915000      23762.798483    361.310920      0.102361        65.768282      
642             369.885000      23800.665090    361.324246      0.102374        65.870656      
643             370.119000      23838.565275    361.337896      0.102400        65.973056      
644             369.910000      23876.437031    361.351179      0.102381        66.075437      
645             369.675000      23914.287315    361.364057      0.102388        66.177825      
646             370.106000      23952.169885    361.377557      0.102356        66.280181      
647             369.997000      23990.057578    361.390853      0.102400        66.382581      
648             369.791000      24028.998419    361.404157      0.105305        66.487886      
649             369.952000      24066.881134    361.417302      0.102399        66.590285      
650             369.475000      24104.710571    361.429672      0.102387        66.692672      
651             369.594000      24142.794276    361.442267      0.103042        66.795714      
652             369.901000      24181.058684    361.455346      0.103445        66.899159      
653             369.799000      24219.144283    361.468171      0.102990        67.002149      
654             369.894000      24257.013661    361.481026      0.102379        67.104528      
655             369.797000      24294.867561    361.493693      0.102364        67.206892      
656             369.705000      24332.717590    361.506182      0.102379        67.309271      
657             369.669000      24370.544709    361.518573      0.102327        67.411598      
658             369.717000      24408.378589    361.530999      0.102332        67.513930      
659             370.017000      24446.266850    361.543850      0.102396        67.616326      
660             369.823000      24484.128589    361.556367      0.102378        67.718704      
661             369.824000      24521.994869    361.568849      0.102390        67.821094      
662             370.429000      24559.914204    361.582202      0.102366        67.923460      
663             370.196000      24597.819683    361.595167      0.102393        68.025853      
664             370.221000      24635.766595    361.608145      0.102498        68.128351      
665             370.261000      24673.678359    361.621130      0.102392        68.230743      
666             370.098000      24711.569362    361.633830      0.102381        68.333124      
667             370.003000      24751.408325    361.646997      0.107672        68.440796      
668             370.054000      24789.294824    361.659554      0.102381        68.543177      
669             370.097000      24827.184245    361.672137      0.102377        68.645554      
670             370.067000      24865.075035    361.684640      0.102389        68.747943      
671             370.008000      24902.953124    361.697016      0.102371        68.850314      
672             369.460000      24940.780286    361.708543      0.102385        68.952699      
673             369.862000      24978.644538    361.720630      0.102374        69.055073      
674             369.943000      25016.520042    361.732803      0.102382        69.157455      
675             370.118000      25054.459358    361.745213      0.102506        69.259961      
676             370.218000      25092.363017    361.757719      0.102382        69.362343      
677             370.193000      25131.089277    361.770422      0.104611        69.466954      
678             370.223000      25168.992708    361.782861      0.102380        69.569334      
679             370.097000      25206.884349    361.795079      0.102383        69.671717      
680             369.929000      25244.763229    361.807016      0.102395        69.774112      
681             370.264000      25282.671228    361.819407      0.102381        69.876493      
682             370.077000      25320.574144    361.831492      0.102419        69.978912      
683             370.107000      25358.478652    361.843586      0.102415        70.081327      
684             370.065000      25396.365537    361.855579      0.102379        70.183706      
685             370.106000      25434.811408    361.867772      0.103878        70.287584      
686             370.226000      25472.893595    361.879986      0.102862        70.390446      
687             370.224000      25510.904493    361.892138      0.102670        70.493116      
688             370.224000      25548.853564    361.904236      0.102503        70.595619      
689             346.086000      25584.278580    361.881334      0.102359        70.697978      
690             326.088000      25617.639665    361.829612      0.102307        70.800285      
691             303.948000      25648.726555    361.746118      0.102277        70.902562      
692             272.822000      25676.624514    361.618055      0.102257        71.004819      
693             248.159000      25702.000757    361.454891      0.102258        71.107077      
694             236.903000      25726.239488    361.275932      0.102315        71.209392      
695             173.926000      25744.033161    361.007154      0.102306        71.311698      
696             149.339000      25759.663130    360.696954      0.104661        71.416359      
697             124.847000      25772.437600    360.359526      0.102321        71.518680      
698             124.795000      25785.201633    360.023122      0.102280        71.620960      
699             124.377000      25797.928634    359.686931      0.102326        71.723286      
