#timestep       power           acc-energy      avg-power       dt              acc-time       
1               135.574000      13.576245       135.574000      0.100139        0.100139       
2               135.614000      28.699918       135.595075      0.111520        0.211659       
3               135.554000      42.269416       135.581887      0.100104        0.311763       
4               135.548000      55.837635       135.573651      0.100099        0.411862       
5               135.504000      69.404160       135.560030      0.100119        0.511981       
6               135.478000      82.968895       135.546612      0.100125        0.612106       
7               135.479000      96.533865       135.537107      0.100126        0.712232       
8               135.430000      110.094606      135.523905      0.100131        0.812363       
9               135.426000      123.654812      135.513162      0.100130        0.912493       
10              135.369000      137.211746      135.498905      0.100148        1.012641       
11              133.618000      150.591050      135.329654      0.100131        1.112772       
12              133.599000      163.985820      135.186610      0.100261        1.213033       
13              146.412000      178.643711      136.042431      0.100114        1.313147       
14              175.923000      196.257825      138.867793      0.100124        1.413271       
15              199.211000      216.202830      142.859863      0.100120        1.513391       
16              218.270000      238.057332      147.539401      0.100126        1.613517       
17              238.539000      261.935086      152.855093      0.100100        1.713617       
18              269.797000      288.947162      159.310397      0.100120        1.813737       
19              298.853000      318.859359      166.608246      0.100090        1.913827       
20              318.036000      350.699533      174.135865      0.100115        2.013942       
21              342.304000      384.979225      182.101970      0.100144        2.114086       
22              365.451000      421.571102      190.393116      0.100128        2.214214       
23              372.233000      458.841304      198.260110      0.100126        2.314340       
24              371.351000      496.023565      205.438122      0.100127        2.414467       
25              371.041000      533.174045      212.032030      0.100125        2.514592       
26              370.256000      570.246668      218.090995      0.100127        2.614719       
27              373.497000      607.644549      223.822678      0.100129        2.714848       
28              372.923000      644.977125      229.125118      0.100108        2.814956       
29              372.923000      682.304852      234.062750      0.100095        2.915051       
30              372.804000      719.624770      238.669087      0.100106        3.015157       
31              373.336000      756.992717      242.995894      0.100092        3.115249       
32              374.261000      794.456617      247.082469      0.100101        3.215350       
33              374.067000      831.894364      250.915752      0.100083        3.315433       
34              372.993000      869.232456      254.493644      0.100104        3.415537       
35              373.073000      906.587509      257.870846      0.100128        3.515665       
36              373.006000      943.944060      261.059833      0.100150        3.615815       
37              373.416000      981.330096      264.087063      0.100119        3.715934       
38              373.449000      1018.721304     266.956452      0.100124        3.816058       
39              373.327000      1056.094323     269.675576      0.100108        3.916166       
40              372.619000      1093.393113     272.241277      0.100099        4.016265       
41              372.838000      1130.703011     274.686830      0.100070        4.116335       
42              373.204000      1168.077526     277.026697      0.100145        4.216480       
43              373.076000      1205.476530     279.257198      0.100245        4.316725       
44              374.300000      1242.951820     281.411627      0.100121        4.416846       
45              374.492000      1280.442214     283.474582      0.100110        4.516956       
46              374.970000      1317.987210     285.458790      0.100128        4.617084       
47              375.379000      1355.575036     287.367538      0.100133        4.717217       
48              374.642000      1393.080821     289.181227      0.100111        4.817328       
49              374.656000      1430.602619     290.922017      0.100150        4.917478       
50              374.852000      1468.138424     292.596983      0.100135        5.017613       
51              374.380000      1505.625094     294.197089      0.100130        5.117743       
52              374.319000      1543.105655     295.734614      0.100130        5.217873       
53              374.445000      1580.598459     297.216597      0.100129        5.318002       
54              374.392000      1618.087827     298.642896      0.100134        5.418136       
55              374.493000      1655.585437     300.019197      0.100129        5.518265       
56              374.411000      1693.074087     301.344955      0.100127        5.618392       
57              374.362000      1730.560077     302.623505      0.100133        5.718525       
58              375.620000      1768.163020     303.879402      0.100109        5.818634       
59              375.852000      1805.794074     305.096894      0.100122        5.918756       
60              373.949000      1843.239831     306.242383      0.100136        6.018892       
61              373.846000      1880.707798     307.349641      0.100223        6.119115       
62              373.323000      1918.091617     308.411897      0.100138        6.219253       
63              373.106000      1955.452586     309.437019      0.100135        6.319388       
64              373.447000      1992.845834     310.435431      0.100130        6.419518       
65              373.385000      2030.235115     311.402279      0.100136        6.519654       
66              373.285000      2067.612515     312.338318      0.100131        6.619785       
67              373.292000      2104.990243     313.246558      0.100130        6.719915       
68              373.894000      2142.428249     314.136967      0.100130        6.820045       
69              374.208000      2179.896574     315.006126      0.100127        6.920172       
70              376.549000      2217.600425     315.883907      0.100130        7.020302       
71              376.549000      2255.305782     316.737034      0.100134        7.120436       
72              377.026000      2293.059281     317.573123      0.100135        7.220571       
73              377.626000      2330.865308     318.394384      0.100115        7.320686       
74              377.764000      2368.684395     319.195331      0.100113        7.420799       
75              377.139000      2406.446569     319.966750      0.100128        7.520927       
76              375.492000      2444.042706     320.696238      0.100125        7.621052       
77              375.829000      2481.672584     321.411177      0.100125        7.721177       
78              375.633000      2519.280585     322.105260      0.100119        7.821296       
79              375.082000      2556.836795     322.774894      0.100128        7.921424       
80              375.263000      2594.418259     323.430193      0.100147        8.021571       
81              375.706000      2632.038076     324.074692      0.100131        8.121702       
82              375.622000      2669.649107     324.702464      0.100130        8.221832       
83              375.314000      2707.228547     325.311411      0.100128        8.321960       
84              375.606000      2744.837976     325.909362      0.100130        8.422090       
85              376.148000      2782.502051     326.499636      0.100131        8.522221       
86              377.686000      2820.346566     327.094471      0.100201        8.622422       
87              377.140000      2858.108463     327.668949      0.100127        8.722549       
88              377.086000      2895.865330     328.229780      0.100128        8.822677       
89              377.097000      2933.622921     328.778142      0.100127        8.922804       
90              376.483000      2971.319411     329.307526      0.100128        9.022932       
91              375.263000      3008.893745     329.811899      0.100128        9.123060       
92              375.634000      3046.505226     330.309349      0.100128        9.223188       
93              375.971000      3084.150074     330.799729      0.100127        9.323315       
94              375.765000      3121.781436     331.277589      0.100146        9.423461       
95              375.480000      3159.376747     331.742310      0.100126        9.523587       
96              375.514000      3196.977714     332.197741      0.100132        9.623719       
97              375.647000      3234.588243     332.645119      0.100122        9.723841       
98              375.519000      3272.180324     333.082008      0.100107        9.823948       
99              375.409000      3309.766648     333.509032      0.100121        9.924069       
100             375.435000      3347.357453     333.927807      0.100126        10.024195      
101             375.877000      3384.987251     334.342612      0.100112        10.124307      
102             375.092000      3422.544088     334.741668      0.100127        10.224434      
103             374.610000      3460.055286     335.128335      0.100134        10.324568      
104             374.295000      3497.530824     335.504508      0.100123        10.424691      
105             374.342000      3535.013689     335.873996      0.100130        10.524821      
106             373.955000      3572.486971     336.233150      0.100208        10.625029      
107             374.139000      3609.939408     336.586944      0.100103        10.725132      
108             374.318000      3647.419495     336.935940      0.100129        10.825261      
109             374.316000      3684.888526     337.278423      0.100100        10.925361      
110             374.355000      3722.387666     337.615274      0.100170        11.025531      
111             374.732000      3759.903211     337.949265      0.100113        11.125644      
112             374.801000      3797.422665     338.277888      0.100105        11.225749      
113             374.892000      3834.951604     338.601510      0.100106        11.325855      
114             374.535000      3872.452295     338.916395      0.100126        11.425981      
115             374.360000      3909.934342     339.224281      0.100123        11.526104      
116             374.439000      3947.424298     339.527544      0.100123        11.626227      
117             374.113000      3984.881239     339.822842      0.100122        11.726349      
118             373.952000      4022.322435     340.111779      0.100123        11.826472      
119             373.952000      4059.764005     340.395869      0.100124        11.926596      
120             374.397000      4097.250131     340.678932      0.100124        12.026720      
121             374.625000      4134.759084     340.959205      0.100124        12.126844      
122             374.625000      4172.268412     341.234889      0.100125        12.226969      
123             374.895000      4209.804774     341.508289      0.100125        12.327094      
124             375.197000      4247.371749     341.779718      0.100126        12.427220      
125             375.762000      4284.992289     342.051303      0.100118        12.527338      
126             376.008000      4322.644226     342.320580      0.100136        12.627474      
127             376.197000      4360.310574     342.587075      0.100124        12.727598      
128             376.238000      4397.968612     342.849644      0.100091        12.827689      
129             376.138000      4435.645227     343.107568      0.100167        12.927856      
130             375.876000      4473.289209     343.359468      0.100150        13.028006      
131             375.502000      4510.888224     343.604623      0.100130        13.128136      
132             375.001000      4548.479824     343.842543      0.100244        13.228380      
133             374.734000      4585.997443     344.074587      0.100118        13.328498      
134             374.491000      4623.492980     344.301372      0.100124        13.428622      
135             374.485000      4660.993907     344.524792      0.100140        13.528762      
136             374.439000      4698.487608     344.744575      0.100133        13.628895      
137             374.618000      4735.998857     344.962455      0.100132        13.729027      
138             374.842000      4773.533286     345.178806      0.100134        13.829161      
139             375.226000      4811.124553     345.394913      0.100183        13.929344      
140             375.685000      4848.730997     345.611034      0.100101        14.029445      
141             376.054000      4886.393181     345.826815      0.100151        14.129596      
142             376.316000      4924.088378     346.041440      0.100169        14.229765      
143             376.510000      4961.789831     346.254348      0.100134        14.329899      
144             376.558000      4999.500985     346.464660      0.100147        14.430046      
145             376.493000      5037.197723     346.671583      0.100126        14.530172      
146             376.401000      5074.884873     346.875041      0.100125        14.630297      
147             376.005000      5112.536510     347.073064      0.100136        14.730433      
148             375.590000      5150.140956     347.265581      0.100121        14.830554      
149             375.277000      5187.730577     347.453500      0.100165        14.930719      
150             374.984000      5225.281100     347.636915      0.100139        15.030858      
151             374.831000      5262.821549     347.816914      0.100153        15.131011      
152             374.876000      5300.358257     347.994803      0.100131        15.231142      
153             374.876000      5337.897965     348.170382      0.100139        15.331281      
154             374.934000      5375.443481     348.344059      0.100139        15.431420      
155             375.378000      5413.037963     348.518380      0.100151        15.531571      
156             375.619000      5450.648694     348.691975      0.100130        15.631701      
157             376.238000      5488.321404     348.867300      0.100130        15.731831      
158             376.581000      5526.030720     349.042587      0.100136        15.831967      
159             376.581000      5563.741541     349.215678      0.100140        15.932107      
160             376.816000      5601.481547     349.388099      0.100155        16.032262      
161             376.832000      5639.216750     349.558451      0.100138        16.132400      
162             376.712000      5676.938806     349.725955      0.100135        16.232535      
163             376.659000      5714.656685     349.891086      0.100138        16.332673      
164             376.129000      5752.312840     350.050937      0.100115        16.432788      
165             375.800000      5789.944325     350.206895      0.100137        16.532925      
166             375.384000      5827.529272     350.358450      0.100124        16.633049      
167             375.187000      5865.092620     350.507006      0.100119        16.733168      
168             375.050000      5902.648626     350.653005      0.100136        16.833304      
169             375.155000      5940.211396     350.797883      0.100126        16.933430      
170             375.162000      5977.775617     350.941102      0.100128        17.033558      
171             375.552000      6015.399543     351.085005      0.100183        17.133741      
172             375.852000      6053.032476     351.228899      0.100127        17.233868      
173             376.198000      6090.699677     351.373127      0.100126        17.333994      
174             376.587000      6128.409216     351.517946      0.100135        17.434129      
175             376.874000      6166.142595     351.662731      0.100122        17.534251      
176             376.921000      6203.881810     351.806143      0.100125        17.634376      
177             377.022000      6241.631137     351.948506      0.100125        17.734501      
178             376.843000      6279.362166     352.088265      0.100124        17.834625      
179             376.672000      6317.076073     352.225508      0.100124        17.934749      
180             376.177000      6354.740419     352.358479      0.100124        18.034873      
181             375.850000      6392.373904     352.488183      0.100129        18.135002      
182             375.495000      6429.973345     352.614518      0.100133        18.235135      
183             375.222000      6467.551828     352.738004      0.100150        18.335285      
184             375.056000      6505.111811     352.859240      0.100145        18.435430      
185             375.025000      6542.676940     352.979024      0.100167        18.535597      
186             375.193000      6580.245391     353.098381      0.100131        18.635728      
187             375.397000      6617.835394     353.217556      0.100134        18.735862      
188             375.790000      6655.463247     353.337549      0.100130        18.835992      
189             376.069000      6693.129942     353.457782      0.100159        18.936151      
190             376.069000      6730.783850     353.576711      0.100125        19.036276      
191             376.750000      6768.521767     353.698008      0.100167        19.136443      
192             376.955000      6806.265141     353.819061      0.100127        19.236570      
193             377.026000      6844.015623     353.939229      0.100127        19.336697      
194             377.104000      6881.773538     354.058559      0.100126        19.436823      
195             377.104000      6919.531830     354.176667      0.100127        19.536950      
196             376.826000      6957.263041     354.292155      0.100129        19.637079      
197             376.563000      6994.963775     354.405125      0.100118        19.737197      
198             376.131000      7032.619002     354.514768      0.100112        19.837309      
199             375.855000      7070.254115     354.621945      0.100132        19.937441      
200             375.556000      7107.858913     354.726556      0.100131        20.037572      
201             375.482000      7145.455550     354.829757      0.100129        20.137701      
202             375.411000      7183.046204     354.931588      0.100132        20.237833      
203             375.498000      7220.645194     355.032844      0.100131        20.337964      
204             375.686000      7258.271650     355.134051      0.100154        20.438118      
205             375.934000      7295.912418     355.235453      0.100126        20.538244      
206             376.284000      7333.593121     355.337582      0.100139        20.638383      
207             376.561000      7371.288007     355.440026      0.100103        20.738486      
208             376.965000      7409.037282     355.543464      0.100140        20.838626      
209             377.167000      7446.804900     355.646874      0.100135        20.938761      
210             377.108000      7484.565101     355.749015      0.100131        21.038892      
211             377.210000      7522.336647     355.850674      0.100134        21.139026      
212             376.952000      7560.072558     355.950132      0.100108        21.239134      
213             376.724000      7597.778863     356.047571      0.100090        21.339224      
214             376.246000      7635.480970     356.141976      0.100206        21.439430      
215             375.915000      7673.119459     356.233890      0.100125        21.539555      
216             358.161000      7708.981045     356.242806      0.100127        21.639682      
217             334.110000      7742.436148     356.140864      0.100132        21.739814      
218             310.076000      7773.486228     355.929655      0.100137        21.839951      
219             287.817000      7802.305920     355.618797      0.100132        21.940083      
220             259.592000      7828.299905     355.182524      0.100134        22.040217      
221             236.001000      7851.938002     354.643358      0.100161        22.140378      
222             217.285000      7873.696921     354.024889      0.100140        22.240518      
223             185.461000      7892.267873     353.269362      0.100134        22.340652      
224             161.699000      7908.459603     352.414539      0.100135        22.440787      
225             137.677000      7922.247816     351.460464      0.100149        22.540936      
226             135.965000      7935.861312     350.507483      0.100125        22.641061      
227             135.786000      7949.458107     349.562022      0.100134        22.741195      
