#timestep       power           acc-energy      avg-power       dt              acc-time       
1               122.882000      12.309827       122.882000      0.100176        0.100176       
2               122.882000      24.903881       122.882000      0.102489        0.202665       
3               122.708000      37.455436       122.823637      0.102288        0.304953       
4               122.650000      50.003390       122.780018      0.102307        0.407260       
5               122.689000      64.158265       122.759925      0.115372        0.522632       
6               122.689000      76.708614       122.748316      0.102294        0.624926       
7               122.721000      89.264077       122.744473      0.102309        0.727235       
8               122.759000      101.816553      122.746264      0.102253        0.829488       
9               122.591000      114.353566      122.729222      0.102267        0.931755       
10              122.591000      126.892664      122.715550      0.102284        1.034039       
11              121.188000      139.289348      122.578039      0.102293        1.136332       
12              130.157000      152.633044      123.205229      0.102520        1.238852       
13              157.424000      168.771208      125.820401      0.102514        1.341366       
14              184.363000      187.664544      129.975547      0.102479        1.443845       
15              203.219000      208.481892      134.827772      0.102438        1.546283       
16              228.192000      231.856967      140.628553      0.102436        1.648719       
17              266.356000      259.122233      147.978270      0.102364        1.751083       
18              293.852000      289.214441      156.037851      0.102406        1.853489       
19              321.431000      322.184904      164.710904      0.102574        1.956063       
20              349.032000      357.983371      173.894153      0.102565        2.058628       
21              353.386000      394.251377      182.417544      0.102630        2.161258       
22              378.488000      433.071755      191.300898      0.102567        2.263825       
23              395.357000      473.638942      200.148807      0.102609        2.366434       
24              395.849000      514.251862      208.280844      0.102597        2.469031       
25              396.152000      554.887549      215.774630      0.102576        2.571607       
26              396.638000      595.596094      222.715938      0.102634        2.674241       
27              396.704000      636.305065      229.145616      0.102618        2.776859       
28              396.801000      677.009705      235.118450      0.102582        2.879441       
29              396.833000      717.736279      240.683914      0.102629        2.982070       
30              396.816000      758.461108      245.878482      0.102629        3.084699       
31              396.904000      799.185443      250.740263      0.102605        3.187304       
32              397.001000      839.932038      255.303148      0.102636        3.289940       
33              397.098000      880.677469      259.591749      0.102608        3.392548       
34              397.179000      921.429623      263.630773      0.102604        3.495152       
35              397.369000      962.192133      267.444008      0.102581        3.597733       
36              397.391000      1002.989088     271.049195      0.102662        3.700395       
37              397.537000      1043.822498     274.465431      0.102716        3.803111       
38              397.567000      1085.057750     277.733546      0.103719        3.906830       
39              397.724000      1126.053151     280.817912      0.103075        4.009905       
40              397.713000      1166.816347     283.731308      0.102494        4.112399       
41              397.713000      1207.942655     286.527097      0.103407        4.215806       
42              397.724000      1249.256634     289.201065      0.103876        4.319682       
43              397.756000      1290.092651     291.721197      0.102666        4.422348       
44              397.836000      1330.955182     294.129842      0.102712        4.525060       
45              397.923000      1371.786857     296.431307      0.102612        4.627672       
46              397.959000      1412.624216     298.633808      0.102617        4.730289       
47              398.097000      1453.454239     300.744620      0.102563        4.832852       
48              398.117000      1494.295867     302.768582      0.102587        4.935439       
49              398.240000      1535.159672     304.713068      0.102611        5.038050       
50              398.406000      1576.036128     306.583044      0.102600        5.140650       
51              398.438000      1616.906702     308.380069      0.102577        5.243227       
52              398.427000      1657.761008     310.107290      0.102539        5.345766       
53              398.477000      1698.618051     311.770343      0.102533        5.448299       
54              398.444000      1739.522710     313.373310      0.102661        5.550960       
55              398.476000      1780.386822     314.917017      0.102551        5.653511       
56              398.520000      1821.277764     316.407302      0.102607        5.756118       
57              398.578000      1862.181034     317.846622      0.102623        5.858741       
58              398.638000      1903.093651     319.237526      0.102631        5.961372       
59              398.727000      1944.016996     320.582908      0.102635        6.064007       
60              398.671000      1984.923033     321.882212      0.102606        6.166613       
61              398.671000      2025.819900     323.138709      0.102583        6.269196       
62              398.761000      2066.746337     324.356792      0.102634        6.371830       
63              398.932000      2107.668382     325.538344      0.102579        6.474409       
64              398.998000      2149.100734     326.697941      0.103841        6.578250       
65              399.088000      2190.045167     327.809606      0.102595        6.680845       
66              399.050000      2230.980115     328.886925      0.102581        6.783426       
67              399.059000      2271.934343     329.932741      0.102627        6.886053       
68              399.059000      2312.870613     330.947404      0.102582        6.988635       
69              399.017000      2353.812551     331.932340      0.102607        7.091242       
70              399.111000      2394.766927     332.890584      0.102614        7.193856       
71              399.161000      2435.724837     333.822543      0.102610        7.296466       
72              399.204000      2476.708716     334.729720      0.102664        7.399130       
73              399.246000      2518.604793     335.631926      0.104938        7.504068       
74              399.316000      2559.605761     336.491551      0.102678        7.606746       
75              399.406000      2600.593604     337.329027      0.102622        7.709368       
76              399.628000      2641.598234     338.147297      0.102607        7.811975       
77              399.594000      2682.592183     338.943773      0.102589        7.914564       
78              399.564000      2723.593843     339.719682      0.102616        8.017180       
79              399.635000      2764.608782     340.476987      0.102631        8.119811       
80              399.639000      2805.618937     341.215344      0.102618        8.222429       
81              399.639000      2846.629092     341.935498      0.102618        8.325047       
82              399.710000      2887.645733     342.638966      0.102616        8.427663       
83              399.706000      2930.363113     343.353576      0.106872        8.534535       
84              399.678000      2971.353689     344.022386      0.102559        8.637094       
85              399.678000      3012.320284     344.675122      0.102499        8.739593       
86              399.678000      3053.301268     345.312946      0.102535        8.842128       
87              399.706000      3094.472585     345.939287      0.103004        8.945132       
88              399.920000      3135.511176     346.551521      0.102617        9.047749       
89              399.956000      3176.549461     347.150369      0.102607        9.150356       
90              400.055000      3217.609506     347.737197      0.102636        9.252992       
91              400.087000      3258.655631     348.311263      0.102593        9.355585       
92              400.119000      3299.713042     348.873331      0.102613        9.458198       
93              400.107000      3340.740014     349.422818      0.102540        9.560738       
94              400.184000      3381.816901     349.962006      0.102645        9.663383       
95              400.166000      3422.863128     350.489305      0.102573        9.765956       
96              400.137000      3463.928788     351.005619      0.102629        9.868585       
97              400.119000      3504.989000     351.511076      0.102620        9.971205       
98              400.167000      3546.075746     352.006982      0.102674        10.073879      
99              400.167000      3587.125277     352.492446      0.102581        10.176460      
100             400.197000      3628.193093     352.968694      0.102619        10.279079      
101             400.250000      3669.265147     353.436038      0.102616        10.381695      
102             400.250000      3710.329597     353.894149      0.102597        10.484292      
103             400.315000      3751.392308     354.343920      0.102576        10.586868      
104             400.374000      3792.478288     354.785808      0.102619        10.689487      
105             400.510000      3833.578624     355.220591      0.102620        10.792107      
106             400.142000      3874.629992     355.643602      0.102592        10.894699      
107             400.187000      3915.700383     356.059285      0.102628        10.997327      
108             400.100000      3956.725437     356.466119      0.102537        11.099864      
109             399.965000      3997.725049     356.864158      0.102508        11.202372      
110             399.751000      4039.199615     357.257710      0.103751        11.306123      
111             399.728000      4080.212108     357.639654      0.102601        11.408724      
112             399.874000      4121.258774     358.016266      0.102649        11.511373      
113             399.835000      4162.301437     358.385875      0.102649        11.614022      
114             399.908000      4203.330398     358.749461      0.102596        11.716618      
115             399.909000      4244.361061     359.106758      0.102600        11.819218      
116             400.338000      4285.424931     359.461505      0.102573        11.921791      
117             400.395000      4326.498251     359.810715      0.102582        12.024373      
118             400.645000      4367.580790     360.155996      0.102541        12.126914      
119             400.645000      4408.675749     360.495588      0.102572        12.229486      
120             400.948000      4449.823037     360.832224      0.102625        12.332111      
121             400.891000      4490.949242     361.162711      0.102587        12.434698      
122             400.891000      4532.071038     361.487755      0.102576        12.537274      
123             400.856000      4573.196859     361.807299      0.102595        12.639869      
124             400.840000      4614.330659     362.121641      0.102619        12.742488      
125             400.840000      4655.446020     362.430822      0.102573        12.845061      
126             400.851000      4696.566518     362.735222      0.102583        12.947644      
127             400.852000      4737.689925     363.034864      0.102590        13.050234      
128             400.852000      4778.834577     363.329983      0.102643        13.152877      
129             400.886000      4819.992741     363.620865      0.102668        13.255545      
130             401.012000      4861.138978     363.908072      0.102606        13.358151      
131             401.042000      4902.324788     364.191378      0.102697        13.460848      
132             401.136000      4943.509421     364.471033      0.102670        13.563518      
133             401.185000      4984.668595     364.746652      0.102594        13.666112      
134             401.165000      5025.842165     365.018121      0.102635        13.768747      
135             401.165000      5067.000892     365.285478      0.102598        13.871345      
136             401.153000      5108.164003     365.548857      0.102612        13.973957      
137             401.115000      5149.324419     365.808126      0.102615        14.076572      
138             401.101000      5190.485404     366.063553      0.102620        14.179192      
139             401.115000      5231.637797     366.315350      0.102595        14.281787      
140             400.919000      5272.773289     366.562175      0.102603        14.384390      
141             400.910000      5313.939931     366.805629      0.102683        14.487073      
142             400.910000      5355.144659     367.045877      0.102778        14.589851      
143             400.979000      5396.264654     367.282721      0.102549        14.692400      
144             401.042000      5437.381485     367.516664      0.102525        14.794925      
145             401.088000      5478.536323     367.747890      0.102608        14.897533      
146             401.111000      5519.689108     367.976085      0.102597        15.000130      
147             401.233000      5560.863237     368.202056      0.102619        15.102749      
148             401.331000      5602.047423     368.425639      0.102619        15.205368      
149             401.530000      5643.245606     368.647524      0.102603        15.307971      
150             401.427000      5684.438037     368.865794      0.102615        15.410586      
151             401.356000      5729.554064     369.101070      0.112409        15.522995      
152             401.358000      5770.774735     369.313085      0.102703        15.625698      
153             401.391000      5811.958254     369.522342      0.102602        15.728300      
154             401.456000      5853.229135     369.729711      0.102803        15.831103      
155             401.475000      5894.709131     369.935548      0.103319        15.934422      
156             401.423000      5936.008733     370.137547      0.102883        16.037305      
157             401.416000      5977.195621     370.336389      0.102604        16.139909      
158             401.456000      6018.388619     370.532981      0.102609        16.242518      
159             401.559000      6059.575321     370.727673      0.102567        16.345085      
160             401.652000      6100.789636     370.920600      0.102612        16.447697      
161             401.778000      6143.929344     371.120733      0.107372        16.555069      
162             401.759000      6185.139773     371.309398      0.102575        16.657644      
163             401.662000      6226.343466     371.495175      0.102583        16.760227      
164             401.624000      6267.566957     371.678565      0.102642        16.862869      
165             401.527000      6308.766437     371.859088      0.102607        16.965476      
166             401.503000      6349.965463     372.037305      0.102612        17.068088      
167             401.591000      6391.167495     372.213892      0.102597        17.170685      
168             401.648000      6432.387826     372.388773      0.102628        17.273313      
169             401.580000      6473.591540     372.561145      0.102604        17.375917      
170             401.507000      6514.792583     372.731086      0.102616        17.478533      
171             401.539000      6555.982855     372.899172      0.102581        17.581114      
172             401.571000      6597.169583     373.065467      0.102564        17.683678      
173             401.601000      6638.388705     373.230133      0.102637        17.786315      
174             401.766000      6679.607486     373.393788      0.102594        17.888909      
175             401.864000      6720.845564     373.556171      0.102617        17.991526      
176             401.807000      6762.093463     373.716450      0.102656        18.094182      
177             401.867000      6803.333859     373.875207      0.102622        18.196804      
178             401.734000      6844.560605     374.031437      0.102622        18.299426      
179             401.767000      6885.787122     374.186095      0.102613        18.402039      
180             401.779000      6927.986774     374.342692      0.105032        18.507071      
181             401.720000      6969.199631     374.493617      0.102591        18.609662      
182             401.720000      7010.417308     374.642904      0.102603        18.712265      
183             401.720000      7051.638199     374.790575      0.102611        18.814876      
184             401.691000      7092.855311     374.936484      0.102609        18.917485      
185             401.768000      7134.122107     375.081380      0.102713        19.020198      
186             401.750000      7175.359334     375.224526      0.102644        19.122842      
187             401.750000      7216.565225     375.366038      0.102566        19.225408      
188             401.839000      7257.783860     375.506532      0.102575        19.327983      
189             401.897000      7299.020100     375.645888      0.102604        19.430587      
190             401.897000      7341.166636     375.786807      0.104869        19.535456      
191             401.962000      7382.416379     375.923589      0.102621        19.638077      
192             401.962000      7423.662102     376.058935      0.102611        19.740688      
193             401.952000      7464.899965     376.192807      0.102594        19.843282      
194             401.845000      7506.121225     376.324735      0.102580        19.945862      
195             401.905000      7547.362707     376.455663      0.102615        20.048477      
196             401.864000      7588.607215     376.585072      0.102633        20.151110      
197             401.892000      7629.844951     376.713282      0.102609        20.253719      
198             401.892000      7671.100772     376.840254      0.102654        20.356373      
199             401.892000      7712.344537     376.965916      0.102624        20.458997      
200             401.921000      7753.791836     377.091070      0.103123        20.562120      
201             401.588000      7794.967055     377.212616      0.102531        20.664651      
202             401.680000      7836.173398     377.333478      0.102585        20.767236      
203             401.718000      7877.392879     377.453367      0.102608        20.869844      
204             401.765000      7918.612361     377.572298      0.102596        20.972440      
205             401.841000      7959.849686     377.690470      0.102621        21.075061      
206             401.701000      8001.064208     377.806794      0.102600        21.177661      
207             401.663000      8042.272021     377.921806      0.102593        21.280254      
208             401.641000      8083.484404     378.035627      0.102610        21.382864      
209             401.673000      8124.703685     378.148524      0.102619        21.485483      
210             401.628000      8165.908308     378.260107      0.102594        21.588077      
211             401.690000      8207.126121     378.370945      0.102611        21.690688      
212             402.033000      8248.373099     378.482339      0.102596        21.793284      
213             401.945000      8289.605019     378.592260      0.102581        21.895865      
214             401.979000      8330.881428     378.701423      0.102683        21.998548      
215             401.979000      8372.134523     378.809510      0.102625        22.101173      
216             402.067000      8413.387401     378.916982      0.102602        22.203775      
217             402.316000      8454.665828     379.024609      0.102602        22.306377      
218             402.381000      8495.960580     379.131574      0.102626        22.409003      
219             402.346000      8541.558452     379.248387      0.113330        22.522333      
220             402.316000      8582.848948     379.353027      0.102632        22.624965      
221             402.287000      8624.133249     379.456582      0.102624        22.727589      
222             402.258000      8665.395668     379.559030      0.102577        22.830166      
223             402.219000      8706.680633     379.660452      0.102643        22.932809      
224             402.186000      8747.947330     379.760787      0.102606        23.035415      
225             402.224000      8789.239243     379.860452      0.102659        23.138074      
226             402.296000      8830.520445     379.959511      0.102614        23.240688      
227             402.296000      8871.808888     380.057716      0.102632        23.343320      
228             402.267000      8913.084700     380.154912      0.102608        23.445928      
229             402.296000      8954.344580     380.251344      0.102561        23.548489      
230             402.326000      8995.629263     380.347119      0.102615        23.651104      
231             402.428000      9036.934070     380.442529      0.102639        23.753743      
232             402.493000      9078.232670     380.537369      0.102607        23.856350      
233             402.558000      9119.529887     380.631657      0.102587        23.958937      
234             402.536000      9160.819212     380.725034      0.102573        24.061510      
235             402.488000      9202.124946     380.817462      0.102626        24.164136      
236             402.413000      9243.398435     380.908737      0.102565        24.266701      
237             402.289000      9284.682941     380.998774      0.102624        24.369325      
238             402.289000      9325.944920     381.088007      0.102568        24.471893      
239             402.289000      9367.248334     381.176583      0.102671        24.574564      
240             402.391000      9408.526005     381.264770      0.102581        24.677145      
241             402.384000      9449.807786     381.352207      0.102593        24.779738      
242             402.321000      9491.081898     381.438662      0.102590        24.882328      
243             402.289000      9532.372036     381.524315      0.102638        24.984966      
244             402.320000      9573.648861     381.609360      0.102597        25.087563      
245             402.350000      9614.929569     381.693836      0.102599        25.190162      
246             402.443000      9656.218611     381.778002      0.102596        25.292758      
247             402.531000      9697.518292     381.861846      0.102600        25.395358      
248             402.590000      9738.824026     381.945253      0.102600        25.497958      
249             402.488000      9780.156323     382.027656      0.102692        25.600650      
250             402.501000      9821.462586     382.109399      0.102624        25.703274      
251             402.450000      9862.741882     382.190247      0.102570        25.805844      
252             402.482000      9904.034926     382.270601      0.102596        25.908440      
253             402.520000      9945.334283     382.350476      0.102602        26.011042      
254             402.501000      9986.620420     382.429627      0.102574        26.113616      
255             402.488000      10027.939436    382.508172      0.102659        26.216275      
256             402.525000      10069.238501    382.586205      0.102600        26.318875      
257             402.536000      10110.516152    382.663632      0.102544        26.421419      
258             402.570000      10152.721994    382.742309      0.104841        26.526260      
259             402.722000      10194.097652    382.819394      0.102740        26.629000      
260             402.763000      10235.413886    382.895928      0.102582        26.731582      
261             402.786000      10276.738924    382.971975      0.102598        26.834180      
262             402.849000      10318.076871    383.047696      0.102614        26.936794      
263             402.832000      10359.406629    383.122765      0.102598        27.039392      
264             402.865000      10400.749441    383.197409      0.102622        27.142014      
265             402.815000      10442.085108    383.271299      0.102617        27.244631      
266             402.751000      10483.413402    383.344392      0.102615        27.347246      
267             402.447000      10524.705269    383.415794      0.102602        27.449848      
268             402.390000      10566.912358    383.488022      0.104891        27.554739      
269             402.390000      10608.216485    383.558174      0.102647        27.657386      
270             402.477000      10649.512235    383.628101      0.102604        27.759990      
271             402.477000      10690.817644    383.697528      0.102628        27.862618      
272             402.443000      10732.110308    383.766305      0.102605        27.965223      
273             402.408000      10773.400588    383.834454      0.102608        28.067831      
274             402.456000      10814.701428    383.902290      0.102622        28.170453      
275             402.526000      10856.005426    383.969882      0.102612        28.273065      
276             402.629000      10897.325630    384.037366      0.102626        28.375691      
277             402.926000      10938.699280    384.105472      0.102683        28.478374      
278             402.894000      10980.414925    384.173535      0.103540        28.581914      
279             402.812000      11021.730143    384.240180      0.102567        28.684481      
280             402.721000      11063.052540    384.306053      0.102608        28.787089      
281             402.759000      11104.383265    384.371599      0.102619        28.889708      
282             402.759000      11145.711172    384.436677      0.102612        28.992320      
283             402.796000      11187.045695    384.501431      0.102619        29.094939      
284             402.816000      11228.380256    384.565798      0.102614        29.197553      
285             402.693000      11269.686088    384.629257      0.102574        29.300127      
286             402.666000      11311.007270    384.692208      0.102619        29.402746      
287             402.727000      11353.684250    384.756973      0.105970        29.508716      
288             402.821000      11395.029395    384.819587      0.102639        29.611355      
289             402.944000      11436.839267    384.882875      0.103761        29.715116      
290             402.978000      11478.175944    384.945125      0.102578        29.817694      
291             402.944000      11519.515581    385.006842      0.102594        29.920288      
292             402.937000      11560.839188    385.068090      0.102556        30.022844      
293             402.880000      11602.181928    385.128763      0.102618        30.125462      
294             402.880000      11643.528294    385.189030      0.102627        30.228089      
295             402.910000      11684.864845    385.248972      0.102595        30.330684      
296             402.910000      11726.208246    385.308520      0.102612        30.433296      
297             402.910000      11768.471893    385.368980      0.104896        30.538192      
298             402.833000      11809.797725    385.427451      0.102588        30.640780      
299             402.800000      11851.158437    385.485475      0.102683        30.743463      
300             402.850000      11892.458217    385.543187      0.102519        30.845982      
301             402.904000      11933.799793    385.600747      0.102609        30.948591      
302             379.896000      11972.788900    385.581891      0.102631        31.051222      
303             350.069000      12008.602359    385.465272      0.102304        31.153526      
304             329.710000      12042.308282    385.282911      0.102229        31.255755      
305             294.665000      12072.434832    384.987460      0.102240        31.357995      
306             279.220000      12100.975583    384.643815      0.102216        31.460211      
307             253.868000      12126.927493    384.220252      0.102226        31.562437      
308             211.083000      12148.516640    383.661013      0.102278        31.664715      
309             183.180000      12167.257054    383.015362      0.102306        31.767021      
310             155.273000      12183.138065    382.284470      0.102278        31.869299      
311             127.364000      12196.162053    381.469131      0.102258        31.971557      
312             124.783000      12208.921365    380.650810      0.102252        32.073809      
313             124.707000      12221.688369    379.836465      0.102376        32.176185      
