#timestep       power           acc-energy      avg-power       dt              acc-time       
1               293.644706      15.749634       293.644706      0.053635        0.053635       
2               371.724277      34.383057       331.364629      0.050127        0.103762       
3               365.693247      52.706848       342.543645      0.050107        0.153869       
4               343.577803      69.921814       342.797680      0.050105        0.203974       
5               355.348222      87.723694       345.272360      0.050097        0.254071       
6               349.283604      105.218262      345.932909      0.050087        0.304158       
7               344.858017      122.489441      345.780942      0.050082        0.354240       
8               347.002485      139.868713      345.932256      0.050084        0.404324       
9               354.491642      157.622009      346.875605      0.050081        0.454405       
10              373.687689      176.337036      349.537324      0.050082        0.504487       
11              350.304673      193.879944      349.606618      0.050079        0.554566       
12              351.182113      211.449585      349.736990      0.050030        0.604596       
13              345.200013      228.736511      349.389943      0.050078        0.654674       
14              346.168961      246.071960      349.161067      0.050078        0.704752       
15              346.407846      263.419373      348.978409      0.050078        0.754830       
16              353.482990      281.121094      349.258665      0.050078        0.804908       
17              372.207203      299.761230      350.602851      0.050080        0.854988       
18              364.711841      318.025635      351.383527      0.050079        0.905067       
19              346.675982      335.386475      351.136712      0.050078        0.955145       
20              344.605670      352.643982      350.811343      0.050079        1.005224       
21              344.195721      369.880615      350.497408      0.050078        1.055302       
22              353.252637      387.570801      350.622230      0.050078        1.105380       
23              340.672874      404.630676      350.191029      0.050077        1.155457       
24              376.654433      423.493530      351.290363      0.050080        1.205537       
25              361.676584      441.599060      351.704456      0.050060        1.255597       
26              350.429262      459.147156      351.655549      0.050076        1.305673       
27              347.259788      476.537231      351.493181      0.050078        1.355751       
28              344.035615      493.765503      351.227535      0.050077        1.405828       
29              345.626183      511.073425      351.034872      0.050077        1.455905       
30              348.829258      528.541748      350.961531      0.050077        1.505982       
31              369.451731      547.043152      351.556593      0.050078        1.556060       
32              368.456060      565.493958      352.083483      0.050076        1.606136       
33              349.953910      583.018250      352.019095      0.050076        1.656212       
34              344.762892      600.283630      351.806128      0.050079        1.706291       
35              349.194906      617.770264      351.731678      0.050077        1.756368       
36              342.248816      634.909058      351.468801      0.050077        1.806445       
37              347.222006      652.297241      351.354247      0.050078        1.856523       
38              371.532651      670.901367      351.884204      0.050074        1.906597       
39              365.271223      689.193054      352.226817      0.050077        1.956674       
40              348.301652      706.633911      352.128873      0.050074        2.006748       
41              349.620939      724.142578      352.067810      0.050079        2.056827       
42              351.405561      741.739563      352.052070      0.050076        2.106903       
43              343.688249      758.950439      351.857894      0.050077        2.156980       
44              340.787842      776.031067      351.606504      0.050121        2.207101       
45              376.386714      794.879761      352.156280      0.050078        2.257179       
46              366.767941      813.246399      352.473414      0.050077        2.307256       
47              347.253233      830.636841      352.362515      0.050080        2.357336       
48              348.055303      848.066406      352.272920      0.050077        2.407413       
49              343.587990      865.272949      352.095937      0.050079        2.457492       
50              349.775630      882.787964      352.049602      0.050075        2.507567       
51              339.962038      899.796265      351.813153      0.050030        2.557597       
52              374.961760      918.573975      352.257709      0.050079        2.607676       
53              368.575555      937.030396      352.565156      0.050075        2.657751       
54              344.171345      954.265808      352.409923      0.050078        2.707829       
55              346.103963      971.597656      352.295421      0.050077        2.757906       
56              345.852885      988.916931      352.180526      0.050077        2.807983       
57              347.954266      1006.340393     352.106481      0.050074        2.858057       
58              327.191538      1022.724182     351.677480      0.050074        2.908131       
59              383.147203      1041.910278     352.210184      0.050075        2.958206       
60              375.797005      1060.729065     352.602819      0.050077        3.008283       
61              349.096181      1078.210754     352.545402      0.050077        3.058360       
62              348.255908      1095.651062     352.476295      0.050079        3.108439       
63              345.581498      1112.957092     352.366979      0.050078        3.158517       
64              346.554102      1130.311829     352.276254      0.050078        3.208595       
65              347.775088      1147.726318     352.207088      0.050074        3.258669       
66              366.365738      1166.071716     352.421363      0.050074        3.308743       
67              370.314807      1184.615601     352.688133      0.050076        3.358819       
68              347.136385      1201.998108     352.606582      0.050074        3.408893       
69              347.263066      1219.388000     352.529221      0.050077        3.458970       
70              344.498769      1236.639465     352.414620      0.050077        3.509047       
71              351.380557      1254.235901     352.400070      0.050078        3.559125       
72              341.661342      1271.345276     352.251073      0.050077        3.609202       
73              364.163310      1289.581482     352.414091      0.050077        3.659279       
74              370.686288      1308.145081     352.660779      0.050079        3.709358       
75              354.628664      1325.904175     352.686992      0.050078        3.759436       
76              347.865533      1343.324585     352.623612      0.050078        3.809514       
77              341.602110      1360.431335     352.480608      0.050078        3.859592       
78              349.501716      1377.932983     352.442454      0.050076        3.909668       
79              344.322039      1395.175598     352.339759      0.050077        3.959745       
80              359.774188      1413.191650     352.432602      0.050076        4.009821       
81              374.180682      1431.929871     352.700860      0.050078        4.059899       
82              351.901347      1449.551331     352.691119      0.050075        4.109974       
83              348.528208      1467.004578     352.641008      0.050077        4.160051       
84              348.597681      1484.461304     352.592915      0.050077        4.210128       
85              342.462110      1501.610779     352.473831      0.050077        4.260205       
86              345.628621      1518.918823     352.394303      0.050077        4.310282       
87              361.008552      1537.008240     352.493295      0.050108        4.360390       
88              370.913075      1555.582825     352.702440      0.050078        4.410468       
89              356.549110      1573.437378     352.745624      0.050076        4.460544       
90              346.557698      1590.783630     352.676958      0.050053        4.510597       
91              355.534021      1608.587708     352.708329      0.050077        4.560674       
92              344.579643      1625.843567     352.620043      0.050078        4.610752       
93              345.999959      1643.169861     352.548916      0.050076        4.660828       
94              350.773594      1660.735901     352.530044      0.050078        4.710906       
95              372.896199      1679.409424     352.744260      0.050077        4.760983       
96              361.090444      1697.491028     352.831129      0.050075        4.811058       
97              346.543566      1714.844543     352.766359      0.050076        4.861134       
98              344.276942      1732.084900     352.679797      0.050077        4.911211       
99              351.933323      1749.708313     352.672263      0.050076        4.961287       
100             343.002342      1766.884155     352.575638      0.050075        5.011362       
101             349.748910      1784.399231     352.547670      0.050079        5.061441       
102             372.774185      1803.067017     352.745831      0.050078        5.111519       
103             366.360853      1821.413269     352.877922      0.050077        5.161596       
104             344.579566      1838.668091     352.798189      0.050075        5.211671       
105             349.489862      1856.169495     352.766703      0.050077        5.261748       
106             344.508086      1873.421082     352.688847      0.050076        5.311824       
107             344.609251      1890.677734     352.613390      0.050076        5.361900       
108             353.152434      1908.362549     352.618378      0.050077        5.411977       
109             373.720125      1927.077332     352.811842      0.050077        5.462054       
110             368.938725      1945.552307     352.958350      0.050076        5.512130       
111             350.015748      1963.079346     352.931858      0.050075        5.562205       
112             342.465496      1980.229675     352.838466      0.050079        5.612284       
113             347.377260      1997.624939     352.790169      0.050076        5.662360       
114             348.633378      2015.083801     352.753728      0.050078        5.712438       
115             343.545472      2032.289246     352.673699      0.050082        5.762520       
116             373.270378      2050.981506     352.851145      0.050077        5.812597       
117             367.263834      2070.078491     352.978934      0.051998        5.864595       
118             348.710333      2087.540161     352.942795      0.050075        5.914670       
119             344.525583      2104.792969     352.872128      0.050077        5.964747       
120             344.561361      2122.047913     352.802935      0.050078        6.014825       
121             344.770204      2139.313660     352.736607      0.050079        6.064904       
122             349.950009      2156.838806     352.713786      0.050079        6.114983       
123             371.674608      2175.452271     352.867809      0.050080        6.165063       
124             364.397324      2193.700195     352.960705      0.050077        6.215140       
125             350.377483      2211.246399     352.940057      0.050078        6.265218       
126             348.916668      2228.718750     352.908154      0.050076        6.315294       
127             346.526895      2246.071777     352.857952      0.050077        6.365371       
128             345.845572      2263.390686     352.803216      0.050077        6.415448       
129             345.867511      2280.710693     352.749497      0.050077        6.465525       
130             373.657490      2299.420471     352.910174      0.050072        6.515597       
131             367.866203      2317.841003     353.024238      0.050074        6.565671       
132             351.838540      2335.460022     353.015263      0.050077        6.615748       
133             345.541278      2352.764038     352.959114      0.050078        6.665826       
134             349.281443      2370.255005     352.931691      0.050077        6.715903       
135             343.115401      2387.437195     352.859038      0.050077        6.765980       
136             325.868619      2403.755066     352.660750      0.050075        6.816055       
137             387.337273      2423.151367     352.913652      0.050076        6.866131       
138             362.477748      2441.303528     352.982903      0.050078        6.916209       
139             354.691053      2459.066101     352.995182      0.050079        6.966288       
140             345.259735      2476.356018     352.939972      0.050078        7.016366       
141             350.028583      2493.884399     352.919340      0.050077        7.066443       
142             344.494679      2511.135315     352.860059      0.050076        7.116519       
143             347.324385      2528.528625     352.821377      0.050078        7.166597       
144             370.604893      2547.087036     352.944776      0.050076        7.216673       
145             367.996446      2565.515930     353.048505      0.050079        7.266752       
146             353.303311      2583.207947     353.050249      0.050076        7.316828       
147             347.462580      2600.607483     353.012267      0.050076        7.366904       
148             344.655997      2617.866821     352.955848      0.050077        7.416981       
149             348.426690      2635.314636     352.925475      0.050076        7.467057       
150             340.452970      2652.363159     352.842388      0.050076        7.517133       
151             365.785567      2670.680603     352.928041      0.050077        7.567210       
152             367.612532      2689.090271     353.024583      0.050079        7.617289       
153             353.705781      2706.802795     353.029032      0.050077        7.667366       
154             354.285438      2724.545410     353.037185      0.050080        7.717446       
155             343.256941      2741.735718     352.974128      0.050080        7.767526       
156             346.852440      2759.102966     352.934919      0.050071        7.817597       
157             344.463325      2776.356445     352.880987      0.050088        7.867685       
158             365.433513      2794.660645     352.960396      0.050089        7.917774       
159             369.744616      2813.181152     353.065910      0.050090        7.967864       
160             353.546207      2830.889221     353.068910      0.050087        8.017951       
161             346.290765      2848.233887     353.026831      0.050087        8.068038       
162             356.210228      2866.075745     353.046472      0.050088        8.118126       
163             345.967026      2883.404541     353.003061      0.050088        8.168214       
164             345.031173      2900.686462     352.954474      0.050088        8.218302       
165             354.861284      2918.460754     352.966025      0.050088        8.268390       
166             370.976650      2937.085266     353.074722      0.050204        8.318594       
167             357.127803      2954.973083     353.098981      0.050088        8.368682       
168             352.731513      2972.641052     353.096794      0.050089        8.418771       
169             341.344311      2989.738647     353.027284      0.050089        8.468860       
170             344.572131      3006.996887     352.977573      0.050086        8.518946       
171             346.580708      3025.265503     352.938236      0.052711        8.571657       
172             357.224465      3043.161377     352.963141      0.050097        8.621754       
173             375.175404      3061.949036     353.091410      0.050077        8.671831       
174             356.242159      3079.788574     353.109500      0.050077        8.721908       
175             346.464592      3097.142639     353.071557      0.050089        8.771997       
176             347.453572      3114.546936     353.039659      0.050091        8.822088       
177             350.064786      3132.082031     353.022863      0.050091        8.872179       
178             345.466692      3149.864929     352.979276      0.051475        8.923654       
179             354.645727      3167.624878     352.988576      0.050078        8.973732       
180             374.143436      3186.365723     353.106003      0.050090        9.023822       
181             360.647222      3204.430542     353.147633      0.050090        9.073912       
182             346.830597      3221.802246     353.112955      0.050087        9.123999       
183             345.838267      3239.125977     353.073234      0.050092        9.174091       
184             343.628161      3256.337280     353.021947      0.050087        9.224178       
185             349.810299      3274.741150     353.003733      0.052611        9.276789       
186             350.551131      3293.615173     352.989581      0.053841        9.330630       
187             373.467197      3312.331482     353.098979      0.050115        9.380745       
188             360.140056      3330.652527     353.136957      0.050872        9.431617       
189             347.308204      3348.063782     353.106139      0.050132        9.481749       
190             348.492664      3365.535461     353.081874      0.050135        9.531884       
191             345.912565      3382.873291     353.044372      0.050122        9.582006       
192             345.595955      3400.195251     353.005613      0.050122        9.632128       
193             331.795920      3417.939697     352.888502      0.053480        9.685608       
194             394.101900      3437.688538     353.100633      0.050111        9.735719       
195             363.870165      3456.208801     353.156643      0.050898        9.786617       
196             345.490817      3473.525146     353.117583      0.050121        9.836738       
197             345.854522      3490.863525     353.080755      0.050132        9.886870       
198             344.518614      3508.130798     353.037570      0.050120        9.936990       
199             350.361303      3525.693359     353.024137      0.050127        9.987117       
200             357.865254      3544.843445     353.049938      0.053512        10.040629      
201             373.047567      3563.537231     353.149247      0.050111        10.090740      
202             339.399207      3581.818970     353.076238      0.053865        10.144605      
203             372.066727      3600.464722     353.169589      0.050114        10.194719      
204             350.057294      3618.013794     353.154360      0.050132        10.244851      
205             344.487385      3635.279846     353.112164      0.050121        10.294972      
206             346.523002      3652.649658     353.080237      0.050126        10.345098      
207             336.921226      3670.678650     352.997084      0.053511        10.398609      
208             395.391708      3690.491333     353.200396      0.050109        10.448718      
209             359.640927      3708.800293     353.231624      0.050909        10.499627      
210             345.205640      3726.107178     353.193482      0.050135        10.549762      
211             345.165843      3743.411377     353.155515      0.050133        10.599895      
212             344.194206      3760.665833     353.113334      0.050130        10.650025      
213             355.793092      3778.502808     353.125889      0.050133        10.700158      
214             350.247503      3796.879944     353.111844      0.052469        10.752627      
215             374.206416      3815.659119     353.209838      0.050184        10.802811      
216             359.717657      3833.938171     353.240306      0.050815        10.853626      
217             350.003326      3851.482788     353.225425      0.050127        10.903753      
218             345.971004      3868.825623     353.192227      0.050128        10.953881      
219             339.327753      3885.833069     353.129077      0.050121        11.004002      
220             355.502930      3903.648743     353.139839      0.050114        11.054116      
221             346.739150      3921.857056     353.109576      0.052513        11.106629      
222             381.391202      3940.977722     353.236662      0.050134        11.156763      
223             333.013734      3958.909180     353.139529      0.053846        11.210609      
224             377.599766      3977.832214     353.248385      0.050114        11.260723      
225             347.166069      3995.232178     353.221433      0.050120        11.310843      
226             345.826511      4012.565002     353.188810      0.050120        11.360963      
227             345.767655      4029.895569     353.156213      0.050122        11.411085      
228             359.699426      4049.154236     353.186771      0.053541        11.464626      
229             373.158959      4067.852112     353.273681      0.050107        11.514733      
230             355.952355      4086.323547     353.285699      0.051893        11.566626      
231             345.914992      4103.664612     353.253891      0.050131        11.616757      
232             350.557089      4121.239441     353.242303      0.050134        11.666891      
233             345.065072      4138.535828     353.207321      0.050125        11.717016      
234             344.009471      4155.776550     353.168146      0.050117        11.767133      
235             335.114089      4173.696106     353.086475      0.053473        11.820606      
236             393.999361      4193.442566     353.259209      0.050118        11.870724      
237             358.897798      4211.711182     353.283284      0.050902        11.921626      
238             347.442968      4229.133362     353.258822      0.050144        11.971770      
239             350.747886      4246.714600     353.248352      0.050125        12.021895      
240             347.120555      4264.112976     353.222910      0.050122        12.072017      
241             345.033735      4281.406067     353.189051      0.050120        12.122137      
242             351.512429      4300.207764     353.181686      0.053488        12.175625      
243             374.316161      4318.969238     353.268331      0.050122        12.225747      
244             359.750884      4338.350098     353.296771      0.053873        12.279620      
245             347.964807      4355.791138     353.275096      0.050123        12.329743      
246             349.538971      4373.310730     353.259969      0.050122        12.379865      
247             349.271611      4390.816223     353.243888      0.050120        12.429985      
248             346.492280      4408.181030     353.216775      0.050116        12.480101      
249             361.308964      4427.516479     353.251327      0.053515        12.533616      
250             366.235296      4445.870361     353.303036      0.050115        12.583731      
251             362.389515      4465.399170     353.341782      0.053889        12.637620      
252             346.931486      4482.786682     353.316461      0.050118        12.687738      
253             347.251904      4500.193726     353.292594      0.050128        12.737866      
254             344.826659      4517.482300     353.259403      0.050137        12.788003      
255             344.299164      4534.740295     353.224418      0.050125        12.838128      
256             350.144678      4552.989136     353.211966      0.052118        12.890246      
257             384.053800      4572.240601     353.331438      0.050127        12.940373      
258             358.176891      4590.953552     353.350922      0.052245        12.992618      
259             345.876033      4608.290588     353.322195      0.050125        13.042743      
260             344.686739      4625.567322     353.289136      0.050123        13.092866      
261             344.758583      4642.847656     353.256604      0.050123        13.142989      
262             352.303160      4660.502625     353.252982      0.050113        13.193102      
263             362.246983      4678.658081     353.287020      0.050119        13.243221      
264             367.230057      4697.066589     353.339598      0.050128        13.293349      
265             355.353756      4715.640930     353.347487      0.052270        13.345619      
266             353.443839      4733.359070     353.347847      0.050130        13.395749      
267             345.259025      4750.663452     353.317696      0.050120        13.445869      
268             349.150461      4768.166016     353.302217      0.050129        13.495998      
269             342.240798      4785.322205     353.261283      0.050129        13.546127      
270             354.032004      4803.625305     353.264213      0.051699        13.597826      
271             387.279250      4823.038452     353.389146      0.050127        13.647953      
272             354.264868      4841.697937     353.392512      0.052671        13.700624      
273             346.312722      4859.058594     353.366702      0.050130        13.750754      
274             344.680433      4876.337769     353.335150      0.050131        13.800885      
275             354.038490      4894.082886     353.337695      0.050122        13.851007      
276             348.313429      4911.541748     353.319579      0.050124        13.901131      
277             353.828793      4929.276001     353.321408      0.050121        13.951252      
278             374.294492      4948.038635     353.396496      0.050128        14.001380      
279             354.178222      4966.541260     353.399402      0.052241        14.053621      
280             343.622098      4983.768066     353.364648      0.050133        14.103754      
281             355.223343      5001.572571     353.371230      0.050122        14.153876      
282             349.145787      5019.073853     353.356318      0.050126        14.204002      
283             339.994568      5036.116760     353.309330      0.050127        14.254129      
284             366.613495      5054.626709     353.356287      0.050489        14.304618      
285             371.502144      5073.250854     353.419659      0.050132        14.354750      
286             358.748366      5092.217163     353.439213      0.052868        14.407618      
287             340.692988      5109.298828     353.395010      0.050138        14.457756      
288             350.785031      5126.882629     353.385992      0.050127        14.507883      
289             344.489470      5144.149475     353.355362      0.050123        14.558006      
290             350.826113      5161.733582     353.346684      0.050122        14.608128      
291             358.427207      5179.788635     353.364142      0.050373        14.658501      
292             372.068744      5198.439697     353.427889      0.050128        14.708629      
293             360.103966      5217.521606     353.451854      0.052990        14.761619      
294             348.388321      5234.988403     353.434715      0.050136        14.811755      
295             345.817989      5252.321838     353.409027      0.050123        14.861878      
296             351.311279      5269.935181     353.401974      0.050136        14.912014      
297             345.835440      5287.267761     353.376628      0.050118        14.962132      
298             359.438211      5305.773438     353.397415      0.051485        15.013617      
299             371.891090      5324.415222     353.458956      0.050127        15.063744      
300             357.674317      5342.612976     353.473145      0.050878        15.114622      
301             338.341848      5359.575745     353.423121      0.050135        15.164757      
302             355.848637      5377.410522     353.431111      0.050119        15.214876      
303             348.889228      5394.896851     353.416198      0.050120        15.264996      
304             345.380832      5412.208374     353.389900      0.050123        15.315119      
305             359.997091      5430.988342     353.412329      0.052167        15.367286      
306             369.956777      5449.536865     353.466131      0.050137        15.417423      
307             352.873021      5467.602905     353.464168      0.051197        15.468620      
308             357.255089      5485.512817     353.476415      0.050132        15.518752      
309             343.270847      5502.717896     353.443560      0.050121        15.568873      
310             345.938538      5520.058411     353.419474      0.050126        15.618999      
311             348.025951      5537.500427     353.402223      0.050117        15.669116      
312             326.856426      5554.981689     353.311923      0.053483        15.722599      
313             405.199091      5575.286621     353.476772      0.050111        15.772710      
314             331.175970      5593.135681     353.400829      0.053896        15.826606      
315             379.425236      5612.153992     353.482990      0.050124        15.876730      
316             342.052837      5629.298706     353.447018      0.050123        15.926853      
317             351.894635      5646.937073     353.442148      0.050124        15.976977      
318             343.092427      5664.131836     353.409784      0.050117        16.027094      
319             363.784889      5682.463684     353.442303      0.050392        16.077486      
320             374.606864      5701.240479     353.508082      0.050124        16.127610      
321             354.482884      5720.031616     353.511276      0.053010        16.180620      
322             348.921722      5737.524109     353.497100      0.050133        16.230753      
323             341.400146      5754.636108     353.459857      0.050123        16.280876      
324             354.029234      5772.381470     353.461605      0.050124        16.331000      
325             348.794417      5789.862000     353.447326      0.050117        16.381117      
326             341.954679      5807.717163     353.410809      0.052215        16.433332      
327             388.396354      5827.189026     353.517217      0.050134        16.483466      
328             354.962406      5845.343933     353.521687      0.051146        16.534612      
329             345.274389      5862.682922     353.496715      0.050218        16.584830      
330             348.839993      5880.167480     353.482684      0.050122        16.634952      
331             351.052277      5897.768188     353.475381      0.050137        16.685089      
332             346.577924      5915.137634     353.454725      0.050117        16.735206      
333             353.537553      5932.960876     353.454974      0.050414        16.785620      
334             372.514467      5951.637634     353.511733      0.050137        16.835757      
335             358.595793      5969.876892     353.527046      0.050863        16.886620      
336             346.865098      5987.264893     353.507329      0.050129        16.936749      
337             346.638195      6004.642212     353.487057      0.050131        16.986880      
338             347.548080      6022.060974     353.469585      0.050119        17.036999      
339             354.213885      6039.811340     353.471768      0.050112        17.087111      
340             358.535489      6058.996216     353.487576      0.053509        17.140620      
341             374.438850      6077.758972     353.548647      0.050109        17.190729      
342             354.968135      6096.534302     353.553001      0.052893        17.243622      
343             350.644084      6114.127869     353.544561      0.050175        17.293797      
344             349.041793      6131.622192     353.531549      0.050121        17.343918      
345             341.640793      6148.749329     353.497278      0.050132        17.394050      
346             347.450655      6166.163208     353.479905      0.050119        17.444169      
347             348.078389      6184.042603     353.464047      0.051366        17.495535      
348             383.886795      6203.287231     353.550970      0.050131        17.545666      
349             356.784405      6221.823608     353.560516      0.051954        17.597620      
350             347.851085      6239.263123     353.544296      0.050135        17.647755      
351             348.095063      6256.714172     353.528860      0.050133        17.697888      
352             346.071260      6274.061340     353.507798      0.050126        17.748014      
353             349.936682      6291.597717     353.497743      0.050113        17.798127      
354             357.093629      6310.341919     353.508317      0.052491        17.850618      
355             374.619631      6329.123474     353.567443      0.050135        17.900753      
356             358.345758      6347.710510     353.581249      0.051869        17.952622      
357             346.006280      6365.059265     353.560152      0.050140        18.002762      
358             344.671768      6382.335938     353.535473      0.050125        18.052887      
359             354.972521      6400.131775     353.539452      0.050133        18.103020      
360             347.639786      6417.555481     353.523164      0.050120        18.153140      
361             360.518903      6435.747986     353.542556      0.050462        18.203602      
362             375.363715      6454.563843     353.602480      0.050127        18.253729      
363             329.917467      6472.338806     353.532778      0.053877        18.307606      
364             377.193101      6491.243347     353.597374      0.050119        18.357725      
365             343.884061      6508.481567     353.570923      0.050128        18.407853      
366             347.012177      6525.874512     353.553113      0.050122        18.457975      
367             349.737461      6543.404053     353.542779      0.050122        18.508097      
368             361.824737      6562.002930     353.565717      0.051403        18.559500      
369             369.317597      6580.519775     353.608156      0.050138        18.609638      
370             356.900490      6599.429077     353.617503      0.052982        18.662620      
371             348.103813      6616.881958     353.602730      0.050137        18.712757      
372             341.568704      6634.004456     353.570578      0.050129        18.762886      
373             353.236340      6651.711487     353.569688      0.050128        18.813014      
374             348.297864      6669.179321     353.555671      0.050152        18.863166      
375             359.205466      6687.183777     353.570644      0.050123        18.913289      
376             371.078361      6705.787048     353.616929      0.050133        18.963422      
377             358.622428      6723.788818     353.630144      0.050197        19.013619      
378             348.570550      6741.261963     353.616839      0.050128        19.063747      
379             347.603252      6758.683838     353.601071      0.050120        19.113867      
380             341.509247      6775.800964     353.569446      0.050122        19.163989      
381             348.679084      6793.278503     353.556688      0.050125        19.214114      
382             361.505078      6811.897461     353.577937      0.051504        19.265618      
383             371.020403      6830.495972     353.623203      0.050128        19.315746      
384             361.705465      6849.983215     353.645684      0.053876        19.369622      
385             349.681014      6867.508179     353.635452      0.050117        19.419739      
386             346.699200      6884.902771     353.617578      0.050172        19.469911      
387             349.767204      6902.436951     353.607690      0.050131        19.520042      
388             348.273747      6919.893127     353.594029      0.050122        19.570164      
389             361.675445      6938.042725     353.614698      0.050182        19.620346      
390             369.161737      6956.544373     353.654310      0.050118        19.670464      
391             356.419520      6975.133789     353.661622      0.052156        19.722620      
392             348.486266      6992.618042     353.648490      0.050172        19.772792      
393             350.173213      7010.171875     353.639702      0.050129        19.822921      
394             346.134160      7027.522888     353.620770      0.050128        19.873049      
395             345.444931      7044.836243     353.600203      0.050119        19.923168      
396             344.954589      7062.918762     353.577515      0.052420        19.975588      
397             386.255545      7083.398804     353.664024      0.053022        20.028610      
398             352.849444      7101.072327     353.661992      0.050088        20.078698      
399             352.576617      7118.730774     353.659291      0.050084        20.128782      
400             345.803332      7136.051025     353.639791      0.050087        20.178869      
401             345.867510      7153.374146     353.620548      0.050086        20.228955      
402             346.623483      7170.734436     353.603267      0.050084        20.279039      
403             329.558407      7187.242676     353.544019      0.050092        20.329131      
404             372.904927      7205.929688     353.591627      0.050112        20.379243      
405             356.870314      7223.803894     353.599665      0.050086        20.429329      
406             351.119406      7241.389709     353.593599      0.050085        20.479414      
407             347.117726      7258.776489     353.577799      0.050089        20.529503      
408             352.425503      7276.427368     353.574995      0.050084        20.579587      
409             338.947040      7293.403870     353.539480      0.050086        20.629673      
410             359.186228      7311.395508     353.553158      0.050090        20.679763      
411             371.929404      7330.025452     353.597561      0.050090        20.729853      
412             366.789776      7348.396484     353.629358      0.050086        20.779939      
413             347.015821      7365.777466     353.613455      0.050087        20.830026      
414             346.257465      7383.120117     353.595810      0.050086        20.880112      
415             346.606769      7400.480957     353.579085      0.050088        20.930200      
416             346.462979      7417.834595     353.562096      0.050088        20.980288      
417             347.286262      7435.230164     353.547148      0.050090        21.030378      
418             375.950733      7454.063416     353.600387      0.050095        21.080473      
419             363.018314      7472.246277     353.622712      0.050088        21.130561      
420             350.189971      7489.787292     353.614593      0.050090        21.180651      
421             341.953079      7506.916748     353.587079      0.050093        21.230744      
422             351.148336      7524.505066     353.581339      0.050088        21.280832      
423             350.312139      7542.052551     353.573662      0.050091        21.330923      
424             343.688002      7559.267883     353.550502      0.050090        21.381013      
425             377.629593      7578.183350     353.606781      0.050090        21.431103      
426             362.922180      7596.362122     353.628503      0.050090        21.481193      
427             347.825694      7613.784363     353.615004      0.050089        21.531282      
428             348.754408      7631.269165     353.603712      0.050135        21.581417      
429             351.793529      7648.890503     353.599521      0.050090        21.631507      
430             346.838237      7666.263977     353.583900      0.050091        21.681598      
431             346.825278      7683.636108     353.568322      0.050089        21.731687      
432             367.908356      7702.064270     353.601298      0.050089        21.781776      
433             376.709028      7720.932495     353.654312      0.050087        21.831863      
434             342.032300      7738.064209     353.627709      0.050088        21.881951      
435             351.666457      7755.680237     353.623230      0.050093        21.932044      
436             344.119691      7772.916504     353.601575      0.050088        21.982132      
437             347.797668      7790.337341     353.588380      0.050089        22.032221      
438             343.443846      7807.540100     353.565370      0.050089        22.082310      
439             374.515082      7826.299561     353.612783      0.050090        22.132400      
440             368.329503      7844.752869     353.646021      0.050100        22.182500      
441             347.188322      7862.144226     353.631472      0.050092        22.232592      
442             346.698550      7879.510010     353.615887      0.050089        22.282681      
443             352.132932      7897.147644     353.612561      0.050088        22.332769      
444             340.012977      7914.178894     353.582127      0.050090        22.382859      
445             342.089573      7931.313477     353.556467      0.050088        22.432947      
446             374.327671      7950.060181     353.602735      0.050081        22.483028      
447             376.067191      7968.893250     353.652661      0.050079        22.533107      
448             349.693736      7986.405212     353.643882      0.050078        22.583185      
449             349.503603      8003.907654     353.634721      0.050078        22.633263      
450             345.533965      8021.211304     353.616837      0.050078        22.683341      
451             346.919743      8038.584351     353.602085      0.050078        22.733419      
452             347.015261      8055.961487     353.587607      0.050076        22.783495      
453             362.839732      8074.131775     353.607899      0.050078        22.833573      
454             373.280501      8092.826782     353.650954      0.050083        22.883656      
455             357.228368      8110.716064     353.658766      0.050078        22.933734      
456             348.189374      8128.152344     353.646849      0.050077        22.983811      
457             346.536253      8145.505493     353.631391      0.050076        23.033887      
458             350.393012      8163.052124     353.624366      0.050077        23.083964      
459             343.121495      8180.234619     353.601631      0.050077        23.134041      
460             367.566218      8198.641968     353.631795      0.050079        23.184120      
461             368.792308      8217.110718     353.664472      0.050079        23.234199      
462             356.526725      8234.965576     353.670628      0.050080        23.284279      
463             346.367229      8252.310608     353.654954      0.050077        23.334356      
464             349.114805      8269.793579     353.645232      0.050078        23.384434      
465             345.687124      8287.104553     353.628226      0.050077        23.434511      
466             348.126356      8304.538025     353.616494      0.050078        23.484589      
467             361.784868      8322.658020     353.633877      0.050085        23.534674      
468             371.381095      8341.256042     353.671560      0.050078        23.584752      
469             355.927291      8359.079102     353.676340      0.050075        23.634827      
470             345.707844      8376.391113     353.659492      0.050077        23.684904      
471             351.139747      8393.984619     353.654173      0.050104        23.735008      
472             344.380979      8411.230530     353.634649      0.050078        23.785086      
473             347.002238      8428.607361     353.620714      0.050077        23.835163      
474             355.826539      8446.426086     353.625339      0.050077        23.885240      
475             379.536364      8465.432129     353.679549      0.050077        23.935317      
476             357.979876      8483.357971     353.688527      0.050075        23.985392      
477             350.752257      8500.922241     353.682410      0.050076        24.035468      
478             351.780901      8518.539429     353.678456      0.050080        24.085548      
479             344.137843      8535.763184     353.658672      0.050049        24.135597      
480             345.065101      8553.042664     353.640879      0.050076        24.185673      
481             359.395126      8571.039734     353.652769      0.050076        24.235749      
482             369.332102      8589.536255     353.685102      0.050081        24.285830      
483             362.154684      8607.671875     353.702530      0.050077        24.335907      
484             347.071711      8625.052185     353.688913      0.050077        24.385984      
485             349.051427      8642.531982     353.679410      0.050078        24.436062      
486             351.886074      8660.153381     353.675742      0.050077        24.486139      
487             340.762356      8677.218079     353.649386      0.050078        24.536217      
488             346.131980      8694.552368     353.634074      0.050080        24.586297      
489             384.014839      8713.783447     353.695830      0.050079        24.636376      
490             357.864249      8731.703857     353.704285      0.050076        24.686452      
491             351.558502      8749.309204     353.699941      0.050078        24.736530      
492             346.897604      8766.677673     353.686201      0.050068        24.786598      
493             345.082586      8783.958374     353.668854      0.050077        24.836675      
494             350.370487      8801.504578     353.662216      0.050079        24.886754      
495             344.464992      8818.753662     353.643748      0.050075        24.936829      
496             372.920307      8837.429138     353.682382      0.050079        24.986908      
497             369.336070      8855.924011     353.713691      0.050076        25.036984      
498             345.958518      8873.248230     353.698211      0.050076        25.087060      
499             349.004769      8890.725342     353.688861      0.050077        25.137137      
500             354.983335      8908.502197     353.691434      0.050078        25.187215      
501             343.713845      8925.714355     353.671636      0.050077        25.237292      
502             347.297571      8943.106323     353.659013      0.050078        25.287370      
503             373.532280      8961.812073     353.698292      0.050078        25.337448      
504             368.969086      8980.289307     353.728414      0.050078        25.387526      
505             351.010872      8997.892151     353.723056      0.050149        25.437675      
506             337.995539      9014.837219     353.692121      0.050134        25.487809      
507             355.074895      9032.636414     353.694835      0.050128        25.537937      
508             346.461762      9050.001770     353.680667      0.050122        25.588059      
509             346.729960      9068.574707     353.666147      0.053566        25.641625      
510             379.391335      9087.587524     353.716326      0.050114        25.691739      
511             370.867687      9107.201233     353.751559      0.052886        25.744625      
512             346.624384      9124.568848     353.737715      0.050105        25.794730      
513             348.187370      9142.023132     353.726949      0.050129        25.844859      
514             348.864091      9159.524597     353.717529      0.050167        25.895026      
515             341.548239      9176.645386     353.694017      0.050127        25.945153      
516             348.287378      9194.223450     353.683520      0.050470        25.995623      
517             376.608113      9213.101685     353.727640      0.050127        26.045750      
518             369.548482      9232.639343     353.759689      0.052869        26.098619      
519             345.136564      9249.931030     353.743167      0.050101        26.148720      
520             348.305116      9267.390869     353.732762      0.050128        26.198848      
521             348.120809      9284.838684     353.722047      0.050120        26.248968      
522             350.559493      9302.412231     353.716018      0.050130        26.299098      
523             352.666420      9320.936035     353.713926      0.052525        26.351623      
524             374.955644      9339.729187     353.754251      0.050121        26.401744      
525             362.630601      9358.540649     353.771658      0.051875        26.453619      
526             355.128030      9376.337891     353.774223      0.050115        26.503734      
527             344.994076      9393.631409     353.757648      0.050127        26.553861      
528             347.824272      9411.062622     353.746471      0.050115        26.603976      
529             347.626550      9428.488098     353.734961      0.050127        26.654103      
530             346.271749      9446.679138     353.720281      0.052534        26.706637      
531             371.472379      9465.295105     353.753530      0.050114        26.756751      
532             367.067681      9483.966370     353.778792      0.050866        26.807617      
533             348.259421      9501.419739     353.768493      0.050116        26.857733      
534             346.013602      9518.766785     353.754045      0.050134        26.907867      
535             344.822570      9536.047913     353.737441      0.050116        26.957983      
536             355.234084      9553.852600     353.740218      0.050121        27.008104      
537             321.227938      9571.040222     353.675935      0.053506        27.061610      
538             403.090098      9591.251160     353.767321      0.050140        27.111750      
539             335.929649      9609.343323     353.731957      0.053857        27.165607      
540             379.733026      9628.370605     353.779828      0.050107        27.215714      
541             347.868489      9645.807861     353.768960      0.050126        27.265840      
542             351.553392      9663.428772     353.764895      0.050123        27.315963      
543             344.751572      9680.707031     353.748388      0.050118        27.366081      
544             350.931063      9699.499390     353.742886      0.053550        27.419631      
545             380.203894      9718.555969     353.791167      0.050122        27.469753      
546             337.975392      9736.756958     353.760222      0.053853        27.523606      
547             377.172681      9755.653687     353.802762      0.050101        27.573707      
548             349.237384      9773.162354     353.794476      0.050134        27.623841      
549             342.469496      9790.328979     353.773963      0.050126        27.673967      
550             350.733274      9807.909485     353.768466      0.050125        27.724092      
551             330.826536      9825.614990     353.724263      0.053519        27.777611      
552             394.143931      9845.370667     353.797067      0.050123        27.827734      
553             366.897311      9865.142029     353.822386      0.053888        27.881622      
554             348.777715      9882.622070     353.813335      0.050118        27.931740      
555             347.330872      9900.035156     353.801720      0.050134        27.981874      
556             346.084833      9917.401001     353.787907      0.050178        28.032052      
557             345.177894      9934.702698     353.772539      0.050124        28.082176      
558             332.733266      9952.482300     353.732581      0.053435        28.135611      
559             398.923999      9972.477966     353.812947      0.050124        28.185735      
560             359.936383      9991.153625     353.824199      0.051886        28.237621      
561             352.488742      10008.823181    353.821832      0.050128        28.287749      
562             346.061495      10026.171936    353.808104      0.050132        28.337881      
563             348.467565      10043.639221    353.798674      0.050126        28.388007      
564             343.788070      10060.870911    353.781030      0.050123        28.438130      
565             358.719322      10079.344238    353.789956      0.051498        28.489628      
566             374.736135      10098.129761    353.826748      0.050130        28.539758      
567             364.110736      10117.377747    353.845761      0.052863        28.592621      
568             348.380962      10134.841736    353.836197      0.050129        28.642750      
569             351.182853      10152.447937    353.831561      0.050134        28.692884      
570             344.609311      10169.722168    353.815478      0.050127        28.743011      
571             345.941795      10187.060425    353.801772      0.050119        28.793130      
572             356.870459      10205.795410    353.807357      0.052498        28.845628      
573             374.703061      10224.577026    353.843604      0.050124        28.895752      
574             360.024185      10243.611145    353.854892      0.052869        28.948621      
575             350.015179      10261.156006    353.848254      0.050126        28.998747      
576             346.988273      10278.547058    353.836418      0.050120        29.048867      
577             347.201444      10295.953308    353.824987      0.050133        29.099000      
578             345.164836      10313.252625    353.810097      0.050119        29.149119      
579             353.887447      10331.836670    353.810236      0.052514        29.201633      
580             377.748917      10350.776245    353.851268      0.050138        29.251771      
581             361.344569      10369.874390    353.864782      0.052853        29.304624      
582             347.458234      10387.294556    353.853840      0.050136        29.354760      
583             348.247890      10404.751526    353.844284      0.050128        29.404888      
584             350.292111      10422.308167    353.838239      0.050120        29.455008      
585             342.663465      10439.482117    353.819257      0.050119        29.505127      
586             363.839363      10458.219116    353.836716      0.051498        29.556625      
587             363.255287      10476.432373    353.852666      0.050139        29.606764      
588             361.281988      10495.530823    353.865907      0.052863        29.659627      
589             351.412396      10513.146423    353.861768      0.050128        29.709755      
590             354.087433      10530.896118    353.862148      0.050128        29.759883      
591             346.152773      10548.251526    353.849181      0.050138        29.810021      
592             350.153925      10565.801941    353.842979      0.050122        29.860143      
593             357.678854      10584.575073    353.849709      0.052486        29.912629      
594             366.923126      10602.970764    353.871584      0.050135        29.962764      
595             360.701236      10622.394165    353.883836      0.053849        30.016613      
596             349.460884      10639.940247    353.876450      0.050209        30.066822      
597             349.713962      10657.472107    353.869522      0.050132        30.116954      
598             351.857891      10675.106873    353.866180      0.050119        30.167073      
599             347.261860      10692.526917    353.855216      0.050164        30.217237      
600             358.491144      10711.497192    353.863320      0.052917        30.270154      
601             372.427087      10730.165100    353.894009      0.050125        30.320279      
602             360.239308      10749.020386    353.904944      0.052341        30.372620      
603             343.973615      10766.265503    353.888578      0.050135        30.422755      
604             349.317191      10783.817993    353.881040      0.050248        30.473003      
605             345.741674      10801.146912    353.867675      0.050121        30.523124      
606             347.300230      10818.556030    353.856907      0.050127        30.573251      
607             346.851671      10836.709900    353.844935      0.052339        30.625590      
608             387.959894      10856.157166    353.900682      0.050127        30.675717      
609             359.729568      10875.547668    353.910906      0.053903        30.729620      
610             352.969804      10893.234985    353.909374      0.050110        30.779730      
611             338.296908      10910.194824    353.883987      0.050133        30.829863      
612             355.569760      10928.015625    353.886723      0.050119        30.879982      
613             348.664822      10945.492798    353.878260      0.050126        30.930108      
614             360.500651      10963.560730    353.888973      0.050119        30.980227      
615             373.654962      10982.292053    353.920906      0.050130        31.030357      
616             339.584855      11000.374268    353.896347      0.053248        31.083605      
617             367.885219      11018.814514    353.918869      0.050125        31.133730      
618             346.420359      11036.177795    353.906817      0.050122        31.183852      
619             349.993185      11053.720154    353.900536      0.050122        31.233974      
620             343.513976      11070.934326    353.883899      0.050112        31.284086      
621             358.033602      11088.980652    353.890574      0.050404        31.334490      
622             380.629880      11108.060486    353.933282      0.050127        31.384617      
623             359.378915      11126.749268    353.942290      0.052003        31.436620      
624             345.449512      11144.067688    353.928768      0.050133        31.486753      
625             345.930426      11161.406067    353.916056      0.050121        31.536874      
626             347.164316      11178.807678    353.905342      0.050125        31.586999      
627             345.792408      11196.137756    353.892490      0.050117        31.637116      
628             360.780422      11214.506531    353.903557      0.050914        31.688030      
629             372.777025      11233.197571    353.933373      0.050140        31.738170      
630             338.531646      11251.288025    353.907485      0.053438        31.791608      
631             370.213942      11269.842407    353.933151      0.050118        31.841726      
632             346.728445      11287.221130    353.921828      0.050122        31.891848      
633             348.588814      11304.695190    353.913458      0.050128        31.941976      
634             346.455209      11322.061951    353.901772      0.050127        31.992103      
635             351.206654      11340.191589    353.897431      0.051621        32.043724      
636             391.743408      11359.830078    353.956546      0.050131        32.093855      
637             334.151953      11377.791748    353.923432      0.053753        32.147608      
638             371.641480      11396.421021    353.951016      0.050127        32.197735      
639             351.393140      11414.038818    353.947039      0.050137        32.247872      
640             343.146041      11431.239014    353.930277      0.050125        32.297997      
641             351.180473      11448.840881    353.926016      0.050122        32.348119      
642             355.484754      11466.704346    353.928434      0.050251        32.398370      
643             379.903420      11485.760681    353.968587      0.050161        32.448531      
644             355.734876      11504.287354    353.971418      0.052080        32.500611      
645             348.789160      11521.806335    353.963421      0.050228        32.550839      
646             344.221869      11539.062866    353.948441      0.050132        32.600971      
647             348.793196      11556.545776    353.940527      0.050124        32.651095      
648             345.065024      11573.841125    353.926923      0.050122        32.701217      
649             364.943229      11592.606506    353.944218      0.051420        32.752637      
650             372.868569      11611.380066    353.973265      0.050349        32.802986      
651             360.033410      11629.966431    353.982788      0.051624        32.854610      
652             348.257490      11647.448608    353.974053      0.050199        32.904809      
653             342.745526      11664.627014    353.956976      0.050120        32.954929      
654             350.272154      11682.186157    353.951379      0.050130        33.005059      
655             345.866291      11699.518555    353.939122      0.050113        33.055172      
656             370.306660      11718.076843    353.963900      0.050116        33.105288      
657             371.911983      11736.723022    353.991040      0.050136        33.155424      
658             353.292009      11755.163452    353.989941      0.052196        33.207620      
659             353.935955      11772.903076    353.989860      0.050121        33.257741      
660             347.398665      11790.314697    353.979942      0.050120        33.307861      
661             350.185008      11807.867371    353.974239      0.050124        33.357985      
662             343.977363      11825.106140    353.959243      0.050116        33.408101      
663             361.184955      11843.300110    353.970122      0.050373        33.458474      
664             371.060213      11861.911377    353.995703      0.050157        33.508631      
665             363.530289      11881.172302    354.010755      0.052983        33.561614      
666             346.964499      11898.559387    354.000249      0.050112        33.611726      
667             349.674595      11916.083679    353.993809      0.050116        33.661842      
668             345.796070      11933.416016    353.981621      0.050123        33.711965      
669             345.096685      11950.712952    353.968431      0.050122        33.762087      
670             357.961848      11969.046326    353.974479      0.051216        33.813303      
671             376.131829      11987.901062    354.007279      0.050128        33.863431      
672             355.940645      12006.122375    354.010197      0.051192        33.914623      
673             351.751110      12023.756714    354.006863      0.050133        33.964756      
674             345.544829      12041.077148    353.994393      0.050125        34.014881      
675             346.671602      12058.453369    353.983618      0.050123        34.065004      
676             346.631509      12075.825500    353.972818      0.050117        34.115121      
677             358.921812      12095.027100    353.980566      0.053498        34.168619      
678             369.342413      12113.535217    354.003063      0.050111        34.218730      
679             359.860586      12132.568604    354.012102      0.052891        34.271621      
680             355.507415      12150.391968    354.014287      0.050135        34.321756      
681             349.258216      12167.896790    354.007352      0.050120        34.371876      
682             347.099472      12185.293762    353.997293      0.050121        34.421997      
683             347.678059      12202.722168    353.988104      0.050128        34.472125      
684             360.175407      12220.959290    353.997179      0.050634        34.522759      
685             372.105272      12239.612183    354.023434      0.050128        34.572887      
686             356.021626      12258.383423    354.026477      0.052725        34.625612      
687             351.664347      12276.044006    354.023056      0.050220        34.675832      
688             350.886093      12293.632874    354.018528      0.050127        34.725959      
689             343.520940      12310.850830    354.003398      0.050122        34.776081      
690             350.570359      12328.420715    353.998457      0.050118        34.826199      
691             358.855002      12346.872681    354.005617      0.051419        34.877618      
692             378.089471      12365.825928    354.040183      0.050129        34.927747      
693             354.008613      12384.190125    354.040136      0.051875        34.979622      
694             348.039915      12401.638062    354.031549      0.050132        35.029754      
695             348.579560      12419.108521    354.023759      0.050119        35.079873      
696             344.633737      12436.385010    354.010360      0.050130        35.130003      
697             349.755303      12453.913696    354.004298      0.050117        35.180120      
698             360.220861      12472.229126    354.013270      0.050845        35.230965      
699             370.593205      12490.805481    354.036826      0.050126        35.281091      
700             365.408940      12509.270691    354.053091      0.050533        35.331624      
701             345.870349      12526.610901    354.041496      0.050135        35.381759      
702             352.381984      12544.274048    354.039149      0.050125        35.431884      
703             342.056210      12561.421326    354.022219      0.050130        35.482014      
704             348.983528      12578.911682    354.015112      0.050118        35.532132      
705             237.003822      12590.819702    353.849886      0.050244        35.582376      
