#timestep       power           acc-energy      avg-power       dt              acc-time       
1               295.633919      15.202087       295.633919      0.051422        0.051422       
2               381.479163      34.325256       338.010028      0.050129        0.101551       
3               360.852638      52.406860       345.557206      0.050108        0.151659       
4               349.775209      69.929199       346.604541      0.050096        0.201755       
5               343.490773      87.132935       345.985287      0.050085        0.251840       
6               345.193580      104.421265      345.853958      0.050083        0.301923       
7               353.598102      122.131226      346.955824      0.050085        0.352008       
8               345.451940      139.432495      346.768505      0.050083        0.402091       
9               347.877114      156.855225      346.891295      0.050083        0.452174       
10              376.424899      175.707336      349.836212      0.050082        0.502256       
11              361.021176      193.786194      350.850291      0.050077        0.552333       
12              345.762233      211.092285      350.427526      0.050052        0.602385       
13              346.920128      228.465698      350.158320      0.050079        0.652464       
14              345.362530      245.761108      349.816464      0.050079        0.702543       
15              342.908954      262.932617      349.356869      0.050076        0.752619       
16              355.941724      280.758179      349.767695      0.050080        0.802699       
17              373.508540      299.464233      351.161944      0.050082        0.852781       
18              360.139965      317.498962      351.659909      0.050077        0.902858       
19              341.800288      334.615295      351.141783      0.050077        0.952935       
20              346.772268      351.980957      350.923624      0.050078        1.003013       
21              343.305538      369.172668      350.561366      0.050077        1.053090       
22              345.130542      386.456116      350.314835      0.050078        1.103168       
23              361.940597      404.582825      350.819705      0.050082        1.153250       
24              369.156664      423.070190      351.582850      0.050080        1.203330       
25              358.229736      441.000305      351.848283      0.050052        1.253382       
26              347.391419      458.396973      351.677054      0.050078        1.303460       
27              351.596285      476.004211      351.674066      0.050078        1.353538       
28              343.947415      493.227722      351.398406      0.050076        1.403614       
29              348.526989      510.680908      351.299491      0.050077        1.453691       
30              357.290349      528.572937      351.498993      0.050077        1.503768       
31              367.505279      546.977234      352.014860      0.050079        1.553847       
32              362.504635      565.131104      352.342380      0.050079        1.603926       
33              347.666128      582.540833      352.200803      0.050076        1.654002       
34              345.348738      599.836243      351.999429      0.050081        1.704083       
35              343.452007      618.142578      351.740188      0.053301        1.757384       
36              351.720024      635.755310      351.739629      0.050076        1.807460       
37              345.754568      653.070007      351.578276      0.050078        1.857538       
38              370.791195      671.638489      352.082646      0.050078        1.907616       
39              362.916450      689.812256      352.359770      0.050077        1.957693       
40              349.552908      707.316467      352.289764      0.050076        2.007769       
41              344.763682      724.581543      352.106616      0.050078        2.057847       
42              344.993612      741.857788      351.937635      0.050077        2.107924       
43              345.792351      759.174377      351.795030      0.050078        2.158002       
44              347.763518      776.604980      351.703519      0.050122        2.208124       
45              380.636387      795.666870      352.345148      0.050079        2.258203       
46              360.682342      813.728760      352.526019      0.050077        2.308280       
47              352.587846      831.384949      352.527332      0.050076        2.358356       
48              343.712306      848.597717      352.344040      0.050079        2.408435       
49              339.907976      865.619629      352.090727      0.050078        2.458513       
50              354.174051      883.355957      352.132315      0.050078        2.508591       
51              346.970164      900.730835      352.031286      0.050076        2.558667       
52              370.280435      919.274109      352.381607      0.050079        2.608746       
53              367.810037      937.692932      352.672191      0.050077        2.658823       
54              347.552774      955.096985      352.577555      0.050076        2.708899       
55              344.207129      972.334534      352.425621      0.050079        2.758978       
56              350.849160      989.904358      352.397516      0.050078        2.809056       
57              347.175311      1007.289856     352.306051      0.050077        2.859133       
58              340.490824      1024.344360     352.102628      0.050088        2.909221       
59              373.767660      1043.061523     352.469242      0.050077        2.959298       
60              362.218302      1061.201416     352.631479      0.050080        3.009378       
61              353.845221      1078.921631     352.651347      0.050079        3.059457       
62              344.323695      1096.164673     352.517233      0.050078        3.109535       
63              342.055505      1113.294128     352.351420      0.050078        3.159613       
64              346.279474      1130.634766     352.256687      0.050077        3.209690       
65              349.474017      1148.135376     352.213939      0.050077        3.259767       
66              372.287762      1166.779175     352.517662      0.050079        3.309846       
67              369.231068      1185.269897     352.766772      0.050079        3.359925       
68              348.882360      1202.741577     352.709726      0.050079        3.410004       
69              346.745895      1220.105225     352.623415      0.050076        3.460080       
70              344.375667      1237.350525     352.505750      0.050077        3.510157       
71              347.441390      1254.749695     352.434515      0.050078        3.560235       
72              334.626908      1271.507141     352.187509      0.050078        3.610313       
73              385.290671      1290.798645     352.640323      0.050070        3.660383       
74              371.287247      1309.391968     352.891990      0.050078        3.710461       
75              349.928964      1326.915710     352.852533      0.050078        3.760539       
76              345.364135      1344.210510     352.754124      0.050077        3.810616       
77              347.132195      1361.594543     352.681199      0.050079        3.860695       
78              344.328133      1378.837463     352.574239      0.050077        3.910772       
79              348.317351      1396.280151     352.520420      0.050077        3.960849       
80              361.869479      1414.401489     352.637144      0.050077        4.010926       
81              373.991613      1433.130615     352.900480      0.050079        4.061005       
82              350.285755      1450.671875     352.868630      0.050077        4.111082       
83              344.846561      1467.941101     352.772088      0.050078        4.161160       
84              347.265882      1485.331482     352.706611      0.050078        4.211238       
85              345.795192      1502.647522     352.625393      0.050076        4.261314       
86              346.746390      1520.009460     352.557116      0.050071        4.311385       
87              364.853870      1538.289734     352.698376      0.050103        4.361488       
88              371.503081      1556.893494     352.911834      0.050077        4.411565       
89              348.602556      1574.350464     352.863467      0.050077        4.461642       
90              347.968767      1591.775696     352.809139      0.050077        4.511719       
91              347.710376      1609.187988     352.753167      0.050077        4.561796       
92              345.780974      1626.503662     352.677461      0.050077        4.611873       
93              345.005377      1643.780151     352.595052      0.050076        4.661949       
94              362.946921      1661.955444     352.705067      0.050077        4.712026       
95              371.834264      1680.576904     352.906236      0.050080        4.762106       
96              352.351666      1698.221619     352.900465      0.050077        4.812183       
97              351.817820      1715.839600     352.889315      0.050077        4.862260       
98              344.640153      1733.098145     352.805222      0.050077        4.912337       
99              346.086630      1750.418396     352.737464      0.050046        4.962383       
100             348.111504      1767.849731     352.691251      0.050074        5.012457       
101             361.088211      1785.931946     352.774311      0.050077        5.062534       
102             370.877730      1804.504761     352.951634      0.050078        5.112612       
103             356.863387      1822.374695     352.989576      0.050075        5.162687       
104             338.605744      1839.331055     352.851396      0.050077        5.212764       
105             355.954106      1857.155457     352.880918      0.050075        5.262839       
106             346.524025      1874.509033     352.820998      0.050079        5.312918       
107             343.582978      1891.714294     352.734740      0.050076        5.362994       
108             359.852449      1909.734985     352.800588      0.050078        5.413072       
109             370.179356      1928.272827     352.959891      0.050078        5.463150       
110             357.799818      1946.190369     353.003852      0.050077        5.513227       
111             350.440231      1963.739014     352.980777      0.050076        5.563303       
112             346.391147      1981.086975     352.921985      0.050082        5.613385       
113             345.873199      1998.406921     352.859660      0.050076        5.663461       
114             342.965776      2015.580933     352.772947      0.050075        5.713536       
115             359.375761      2033.577393     352.830315      0.050077        5.763613       
116             367.462647      2051.979187     352.956355      0.050078        5.813691       
117             365.211500      2070.267883     353.061015      0.050077        5.863768       
118             342.638563      2087.426880     352.972757      0.050079        5.913847       
119             350.443888      2104.975708     352.951523      0.050076        5.963923       
120             340.580243      2122.030945     352.848511      0.050077        6.014000       
121             352.883340      2139.702637     352.848799      0.050078        6.064078       
122             352.896215      2157.374268     352.849187      0.050076        6.114154       
123             373.255331      2176.066895     353.014972      0.050080        6.164234       
124             360.926002      2194.140625     353.078721      0.050076        6.214310       
125             347.961215      2211.564087     353.037815      0.050073        6.264383       
126             345.848009      2228.883118     352.980796      0.050077        6.314460       
127             345.171561      2246.168274     352.919352      0.050077        6.364537       
128             346.087314      2263.498596     352.866018      0.050075        6.414612       
129             351.146848      2281.083679     352.852701      0.050079        6.464691       
130             370.432063      2299.643066     352.987895      0.050102        6.514793       
131             362.966422      2317.819336     353.064011      0.050077        6.564870       
132             350.467360      2335.369690     353.044354      0.050077        6.614947       
133             347.923182      2352.793335     353.005875      0.050079        6.665026       
134             342.929386      2369.966553     352.930729      0.050078        6.715104       
135             346.661795      2387.325989     352.884327      0.050076        6.765180       
136             353.820846      2405.044983     352.891208      0.050079        6.815259       
137             369.449229      2423.546631     353.011990      0.050079        6.865338       
138             367.909814      2441.959045     353.119804      0.050046        6.915384       
139             346.819026      2459.326355     353.074507      0.050076        6.965460       
140             344.627608      2476.584961     353.014210      0.050079        7.015539       
141             349.040991      2494.063538     352.986051      0.050076        7.065615       
142             341.958735      2511.187805     352.908446      0.050077        7.115692       
143             348.925362      2528.661987     352.880609      0.050080        7.165772       
144             373.847950      2547.383545     353.026122      0.050078        7.215850       
145             375.377546      2566.181702     353.180172      0.050078        7.265928       
146             343.199340      2583.367065     353.111859      0.050074        7.316002       
147             346.862459      2600.737244     353.069373      0.050078        7.366080       
148             348.751950      2618.202393     353.040218      0.050079        7.416159       
149             339.358443      2635.196106     352.948455      0.050076        7.466235       
150             339.819201      2652.215271     352.860971      0.050083        7.516318       
151             375.280996      2671.004089     353.009322      0.050066        7.566384       
152             367.060956      2690.824280     353.108890      0.053997        7.620381       
153             349.854856      2708.343262     353.087647      0.050075        7.670456       
154             343.162475      2725.527466     353.023272      0.050076        7.720532       
155             350.614838      2743.085205     353.007751      0.050077        7.770609       
156             347.351664      2760.479187     352.971535      0.050076        7.820685       
157             343.050803      2777.658142     352.908415      0.050077        7.870762       
158             372.251319      2796.299744     353.030707      0.050078        7.920840       
159             373.097305      2814.983337     353.156774      0.050077        7.970917       
160             342.412138      2832.130310     353.089693      0.050077        8.020994       
161             348.689093      2849.591614     353.062390      0.050077        8.071071       
162             344.532976      2866.845825     353.009792      0.050080        8.121151       
163             347.514518      2884.248657     352.976114      0.050078        8.171229       
164             326.680459      2900.606201     352.815960      0.050072        8.221301       
165             391.186624      2920.196045     353.048270      0.050078        8.271379       
166             370.972701      2938.773987     353.156140      0.050079        8.321458       
167             351.424139      2956.372253     353.145780      0.050077        8.371535       
168             348.037877      2973.800598     353.115407      0.050076        8.421611       
169             346.037733      2991.129822     353.073569      0.050079        8.471690       
170             344.655997      3008.389160     353.024104      0.050077        8.521767       
171             343.158819      3025.573181     352.966472      0.050076        8.571843       
172             369.809335      3044.108765     353.064384      0.050122        8.621965       
173             365.646632      3062.419617     353.137042      0.050078        8.672043       
174             354.020970      3080.147217     353.142117      0.050075        8.722118       
175             351.165447      3097.732178     353.130833      0.050076        8.772194       
176             346.529726      3115.085693     353.093363      0.050078        8.822272       
177             344.410578      3132.332397     353.044357      0.050076        8.872348       
178             346.669734      3149.678711     353.008608      0.050037        8.922385       
179             360.208339      3167.717224     353.048792      0.050078        8.972463       
180             371.359156      3186.314148     353.150420      0.050078        9.022541       
181             352.208124      3203.952026     353.145219      0.050078        9.072619       
182             345.297100      3221.243469     353.102139      0.050077        9.122696       
183             350.192805      3238.779724     353.086256      0.050076        9.172772       
184             348.464475      3256.229431     353.061162      0.050076        9.222848       
185             347.658444      3273.638428     353.031987      0.050075        9.272923       
186             357.070595      3291.518738     353.053678      0.050075        9.322998       
187             371.679592      3310.132080     353.153194      0.050079        9.373077       
188             359.603681      3328.139954     353.187473      0.050077        9.423154       
189             348.047628      3345.568787     353.160304      0.050076        9.473230       
190             351.973829      3363.194580     353.154065      0.050077        9.523307       
191             346.030430      3380.522400     353.116803      0.050076        9.573383       
192             344.721814      3397.785034     353.073119      0.050077        9.623460       
193             356.338446      3415.629395     353.090022      0.050077        9.673537       
194             369.827122      3434.149597     353.176221      0.050078        9.723615       
195             359.067255      3452.130249     353.206404      0.050076        9.773691       
196             352.423576      3469.778564     353.202413      0.050077        9.823768       
197             345.396240      3487.075317     353.162822      0.050078        9.873846       
198             339.552086      3504.079407     353.094140      0.050078        9.923924       
199             353.836196      3521.798462     353.097865      0.050077        9.974001       
200             357.730515      3539.712891     353.121009      0.050078        10.024079      
201             368.842331      3558.183777     353.199159      0.050078        10.074157      
202             357.210766      3576.071106     353.219000      0.050075        10.124232      
203             349.175745      3593.557129     353.199099      0.050078        10.174310      
204             349.901415      3611.077393     353.182950      0.050072        10.224382      
205             345.972330      3628.402649     353.147806      0.050077        10.274459      
206             345.083008      3645.683716     353.108688      0.050078        10.324537      
207             345.906105      3663.006348     353.073921      0.050079        10.374616      
208             375.155367      3681.794128     353.180000      0.050080        10.424696      
209             364.865434      3700.066589     353.235868      0.050080        10.474776      
210             348.320650      3717.509094     353.212482      0.050076        10.524852      
211             347.664431      3734.919434     353.186209      0.050078        10.574930      
212             346.532990      3752.272766     353.154851      0.050077        10.625007      
213             345.329591      3769.565491     353.118144      0.050076        10.675083      
214             355.917143      3787.389465     353.131213      0.050079        10.725162      
215             371.453311      3806.002991     353.216419      0.050110        10.775272      
216             364.257159      3824.243896     353.267492      0.050077        10.825349      
217             346.704328      3841.591248     353.237297      0.050035        10.875384      
218             345.192281      3858.877441     353.200423      0.050077        10.925461      
219             346.226665      3876.215088     353.168605      0.050076        10.975537      
220             348.694318      3893.677002     353.148283      0.050078        11.025615      
221             349.338519      3911.171875     353.131056      0.050080        11.075695      
222             376.625391      3930.032898     353.236808      0.050079        11.125774      
223             365.141963      3948.317017     353.290150      0.050074        11.175848      
224             347.545935      3965.720032     353.264528      0.050074        11.225922      
225             344.427293      3982.968262     353.225280      0.050078        11.276000      
226             348.197047      4000.405273     353.203048      0.050078        11.326078      
227             343.067278      4017.586426     353.158428      0.050081        11.376159      
228             347.772904      4035.002197     353.134824      0.050078        11.426237      
229             371.898858      4053.626892     353.216706      0.050080        11.476317      
230             369.727953      4072.138062     353.288426      0.050067        11.526384      
231             348.425471      4089.585815     353.267391      0.050076        11.576460      
232             341.855867      4106.704590     353.218241      0.050076        11.626536      
233             346.919743      4124.077637     353.191228      0.050078        11.676614      
234             354.597730      4141.834473     353.197234      0.050076        11.726690      
235             345.246746      4159.124084     353.163426      0.050079        11.776769      
236             365.594236      4177.432678     353.216062      0.050079        11.826848      
237             375.793731      4196.250549     353.311253      0.050075        11.876923      
238             348.566858      4213.705383     353.291334      0.050076        11.926999      
239             346.783292      4231.070557     353.264124      0.050075        11.977074      
240             346.704794      4248.433533     353.236812      0.050080        12.027154      
241             348.530646      4265.886902     353.217298      0.050077        12.077231      
242             337.558698      4282.791504     353.152637      0.050079        12.127310      
243             370.448965      4301.341736     353.223762      0.050075        12.177385      
244             376.727179      4320.206726     353.320017      0.050076        12.227461      
245             350.954891      4337.781494     353.310370      0.050077        12.277538      
246             348.015938      4355.208740     353.288864      0.050076        12.327614      
247             342.490143      4372.359619     353.245175      0.050077        12.377691      
248             347.683561      4389.770569     353.222764      0.050077        12.427768      
249             321.640013      4405.877014     353.096017      0.050076        12.477844      
250             385.251898      4425.170044     353.224556      0.050079        12.527923      
251             381.186056      4444.259460     353.335884      0.050079        12.578002      
252             348.257270      4461.698792     353.315745      0.050076        12.628078      
253             348.604127      4479.156189     353.297135      0.050078        12.678156      
254             343.976336      4496.381836     353.260463      0.050078        12.728234      
255             346.064144      4513.712036     353.232261      0.050078        12.778312      
256             343.348352      4530.904175     353.193682      0.050072        12.828384      
257             377.886539      4549.826843     353.289694      0.050075        12.878459      
258             375.523553      4568.640198     353.375852      0.050099        12.928558      
259             350.382359      4586.186646     353.364302      0.050078        12.978636      
260             344.547954      4603.440918     353.330414      0.050078        13.028714      
261             346.064144      4620.771118     353.302592      0.050078        13.078792      
262             349.275144      4638.262817     353.287230      0.050080        13.128872      
263             347.222845      4655.650696     353.264186      0.050077        13.178949      
264             366.853220      4674.022705     353.315629      0.050080        13.229029      
265             369.227412      4692.513245     353.375637      0.050079        13.279108      
266             351.632504      4710.123352     353.369087      0.050081        13.329189      
267             346.756035      4727.487854     353.344335      0.050077        13.379266      
268             347.647367      4744.897339     353.323091      0.050078        13.429344      
269             346.489598      4762.234985     353.297724      0.050038        13.479382      
270             349.914907      4779.757324     353.285204      0.050076        13.529458      
271             359.635502      4797.767151     353.308622      0.050078        13.579536      
272             370.640063      4816.328064     353.372301      0.050078        13.629614      
273             360.991820      4834.405090     353.400193      0.050076        13.679690      
274             345.449453      4851.704163     353.371194      0.050077        13.729767      
275             346.785675      4869.070496     353.347262      0.050078        13.779845      
276             348.143917      4886.504150     353.328421      0.050076        13.829921      
277             335.415473      4903.301086     353.263792      0.050078        13.879999      
278             364.572835      4921.557800     353.304447      0.050077        13.930076      
279             374.614744      4940.317383     353.380781      0.050077        13.980153      
280             357.550132      4958.222778     353.395662      0.050078        14.030231      
281             348.153307      4975.656555     353.377019      0.050075        14.080306      
282             350.241559      4993.195251     353.365907      0.050076        14.130382      
283             345.169123      5010.480286     353.336961      0.050077        14.180459      
284             345.321861      5027.772278     353.308757      0.050075        14.230534      
285             364.537489      5046.027222     353.348132      0.050077        14.280611      
286             367.511347      5064.432190     353.397627      0.050080        14.330691      
287             356.674842      5082.293396     353.409039      0.050077        14.380768      
288             349.233230      5099.781250     353.394549      0.050075        14.430843      
289             343.070305      5116.961182     353.358846      0.050077        14.480920      
290             354.363711      5134.706299     353.362309      0.050076        14.530996      
291             346.082024      5152.037048     353.337306      0.050077        14.581073      
292             353.797193      5169.754150     353.338880      0.050077        14.631150      
293             372.231818      5188.394775     353.403324      0.050078        14.681228      
294             358.939276      5206.369019     353.422142      0.050076        14.731304      
295             352.104526      5224.001709     353.417678      0.050078        14.781382      
296             341.032930      5241.079956     353.375862      0.050078        14.831460      
297             351.205349      5258.667969     353.368557      0.050079        14.881539      
298             340.312651      5275.970825     353.324103      0.050844        14.932383      
299             355.152528      5293.755798     353.330214      0.050077        14.982460      
300             376.965795      5312.641785     353.408986      0.050100        15.032560      
301             366.195092      5330.979370     353.451437      0.050076        15.082636      
302             340.109776      5348.011047     353.407287      0.050077        15.132713      
303             354.069476      5365.742493     353.409471      0.050079        15.182792      
304             349.428250      5383.240112     353.396384      0.050075        15.232867      
305             346.698750      5400.601746     353.374438      0.050077        15.282944      
306             352.259592      5418.242554     353.370797      0.050079        15.333023      
307             373.831191      5436.962524     353.437401      0.050076        15.383099      
308             362.638487      5455.122009     353.467255      0.050076        15.433175      
309             348.059816      5472.551453     353.449767      0.050076        15.483251      
310             343.426348      5489.750244     353.417451      0.050080        15.533331      
311             351.985294      5507.368164     353.412851      0.050053        15.583384      
312             341.159403      5524.451721     353.373602      0.050075        15.633459      
313             356.381105      5542.298218     353.383205      0.050077        15.683536      
314             370.214701      5560.837830     353.436777      0.050078        15.733614      
315             366.794755      5579.205811     353.479158      0.050077        15.783691      
316             346.900304      5596.576843     353.458352      0.050075        15.833766      
317             344.724252      5613.839600     353.430816      0.050077        15.883843      
318             344.659654      5631.099121     353.403250      0.050077        15.933920      
319             348.560602      5648.554688     353.388078      0.050079        15.983999      
320             352.983282      5666.231384     353.386814      0.050078        16.034077      
321             371.435523      5684.833618     353.443013      0.050082        16.084159      
322             365.469906      5703.135620     353.480342      0.050078        16.134237      
323             350.672721      5720.695557     353.471656      0.050075        16.184312      
324             346.146655      5738.027466     353.449063      0.050071        16.234383      
325             346.267684      5755.367859     353.426979      0.050078        16.284461      
326             346.711788      5774.063599     353.404816      0.053923        16.338384      
327             354.760295      5791.829285     353.408958      0.050078        16.388462      
328             370.707008      5810.393921     353.461656      0.050079        16.438541      
329             367.940521      5828.818542     353.505627      0.050075        16.488616      
330             351.245294      5846.406799     353.498784      0.050074        16.538690      
331             347.671373      5863.817139     353.481192      0.050077        16.588767      
332             344.755084      5881.080750     353.454931      0.050075        16.638842      
333             346.215696      5898.417847     353.433209      0.050076        16.688918      
334             345.993050      5915.744141     353.410951      0.050077        16.738995      
335             377.818342      5934.665283     353.483756      0.050080        16.789075      
336             366.258471      5953.006775     353.521746      0.050078        16.839153      
337             348.797569      5970.473511     353.507739      0.050077        16.889230      
338             345.576211      5987.778931     353.484291      0.050077        16.939307      
339             346.055612      6005.108704     353.462395      0.050078        16.989385      
340             347.771685      6022.524414     353.445670      0.050078        17.039463      
341             344.550825      6039.779175     353.419605      0.050079        17.089542      
342             372.166122      6058.416138     353.474376      0.050077        17.139619      
343             371.057782      6077.003906     353.525618      0.050094        17.189713      
344             354.427797      6094.753296     353.528238      0.050079        17.239792      
345             344.707617      6112.015564     353.502691      0.050078        17.289870      
346             344.755579      6129.280579     353.477428      0.050079        17.339949      
347             344.708836      6146.542908     353.452177      0.050078        17.390027      
348             341.292535      6163.634155     353.417262      0.050078        17.440105      
349             377.627226      6182.545349     353.486581      0.050079        17.490184      
350             374.178404      6201.283081     353.545656      0.050077        17.540261      
351             348.015082      6218.710632     353.529911      0.050077        17.590338      
352             351.575037      6236.305908     353.524365      0.050047        17.640385      
353             344.843331      6253.575317     353.499790      0.050079        17.690464      
354             346.359520      6270.919617     353.479636      0.050076        17.740540      
355             341.648172      6288.027649     353.446334      0.050075        17.790615      
356             374.914575      6306.802246     353.506593      0.050077        17.840692      
357             370.893480      6325.376221     353.555262      0.050079        17.890771      
358             353.810600      6343.093994     353.555974      0.050077        17.940848      
359             339.435765      6360.091919     353.516671      0.050077        17.990925      
360             351.018270      6377.669861     353.509736      0.050077        18.041002      
361             344.570247      6394.924561     353.484992      0.050076        18.091078      
362             348.164277      6412.358887     353.470305      0.050075        18.141153      
363             366.502249      6430.711487     353.506178      0.050075        18.191228      
364             372.761866      6449.379028     353.559042      0.050079        18.241307      
365             349.403325      6466.876099     353.547665      0.050077        18.291384      
366             346.904346      6484.247681     353.529527      0.050076        18.341460      
367             343.482268      6501.448242     353.502170      0.050077        18.391537      
368             348.371842      6518.893311     353.488239      0.050076        18.441613      
369             348.278851      6536.333374     353.474132      0.050075        18.491688      
370             363.035895      6554.513123     353.499957      0.050077        18.541765      
371             371.098430      6573.096619     353.547358      0.050077        18.591842      
372             353.898602      6590.819153     353.548302      0.050078        18.641920      
373             357.417975      6608.716858     353.558668      0.050075        18.691995      
374             346.959963      6626.091919     353.541037      0.050078        18.742073      
375             346.217314      6643.429443     353.521521      0.050077        18.792150      
376             346.948609      6660.803589     353.504052      0.050077        18.842227      
377             355.598618      6678.610901     353.509604      0.050077        18.892304      
378             372.309700      6697.255798     353.559307      0.050079        18.942383      
379             355.519181      6715.058777     353.564474      0.050076        18.992459      
380             353.523211      6732.762512     353.564366      0.050078        19.042537      
381             340.038561      6749.790283     353.528890      0.050076        19.092613      
382             351.145028      6767.374573     353.522654      0.050077        19.142690      
383             345.731403      6784.687073     353.502326      0.050075        19.192765      
384             362.957956      6802.863281     353.526934      0.050078        19.242843      
385             373.476360      6821.565857     353.578715      0.050077        19.292920      
386             355.318330      6839.365173     353.583220      0.050094        19.343014      
387             352.184686      6857.001526     353.579609      0.050077        19.393091      
388             345.233721      6874.289795     353.558113      0.050077        19.443168      
389             344.569029      6891.544434     353.535021      0.050076        19.493244      
390             344.444791      6908.793884     353.511728      0.050079        19.543323      
391             355.628145      6926.596985     353.517135      0.050061        19.593384      
392             376.161633      6945.433655     353.574862      0.050076        19.643460      
393             356.309392      6963.276917     353.581815      0.050078        19.693538      
394             348.890726      6980.747620     353.569918      0.050075        19.743613      
395             349.173505      6998.232483     353.558795      0.050075        19.793688      
396             348.955486      7015.707825     353.547178      0.050079        19.843767      
397             349.566315      7033.212708     353.537158      0.050076        19.893843      
398             354.457328      7050.962158     353.539468      0.050075        19.943918      
399             371.402826      7069.562012     353.584211      0.050080        19.993998      
400             360.726110      7087.625732     353.602054      0.050076        20.044074      
401             346.669108      7104.985535     353.584776      0.050076        20.094150      
402             349.313469      7122.478455     353.574158      0.050078        20.144228      
403             346.266067      7139.818420     353.556036      0.050077        20.194305      
404             346.900242      7157.190491     353.539571      0.050078        20.244383      
405             355.237846      7174.979736     353.543762      0.050077        20.294460      
406             370.749846      7193.545776     353.586114      0.050077        20.344537      
407             361.875660      7211.667786     353.606468      0.050078        20.394615      
408             350.407007      7229.214417     353.598632      0.050075        20.444690      
409             346.294497      7246.556152     353.580785      0.050078        20.494768      
410             345.109822      7263.838562     353.560137      0.050078        20.544846      
411             349.490530      7281.340698     353.550241      0.050079        20.594925      
412             352.668831      7299.001648     353.548103      0.050078        20.645003      
413             373.376273      7317.699585     353.596083      0.050078        20.695081      
414             368.007523      7336.127930     353.630871      0.050076        20.745157      
415             349.292412      7353.619446     353.620423      0.050077        20.795234      
416             344.682382      7370.879761     353.598952      0.050076        20.845310      
417             346.020689      7388.206055     353.580791      0.050073        20.895383      
418             346.847506      7405.574097     353.564694      0.050074        20.945457      
419             350.119995      7423.107056     353.556478      0.050077        20.995534      
420             377.692280      7442.020752     353.613908      0.050077        21.045611      
421             365.445515      7460.321167     353.641994      0.050077        21.095688      
422             352.939829      7477.994629     353.640331      0.050075        21.145763      
423             343.655341      7495.203857     353.616741      0.050077        21.195840      
424             347.040404      7512.582947     353.601240      0.050078        21.245918      
425             350.727280      7530.146667     353.594482      0.050078        21.295996      
426             341.743491      7547.260498     353.566679      0.050078        21.346074      
427             375.290648      7566.055054     353.617526      0.050080        21.396154      
428             369.586956      7584.570251     353.654830      0.050097        21.446251      
429             347.658337      7601.980286     353.640861      0.050078        21.496329      
430             344.998495      7619.248840     353.620784      0.050054        21.546383      
431             348.813761      7636.716736     353.609637      0.050078        21.596461      
432             351.831227      7654.335388     353.605523      0.050077        21.646538      
433             334.921858      7671.107605     353.562399      0.050078        21.696616      
434             379.906066      7690.133301     353.623065      0.050080        21.746696      
435             367.394347      7708.532410     353.654706      0.050080        21.796776      
436             343.496582      7725.734375     353.631421      0.050079        21.846855      
437             354.356871      7743.479858     353.633080      0.050078        21.896933      
438             345.385271      7760.776062     353.614260      0.050078        21.947011      
439             351.125526      7778.359375     353.608595      0.050077        21.997088      
440             332.322561      7795.000427     353.560248      0.050075        22.047163      
441             385.574815      7814.308472     353.632799      0.050076        22.097239      
442             366.051278      7832.639954     353.660879      0.050079        22.147318      
443             356.256837      7850.475952     353.666734      0.050065        22.197383      
444             350.923201      7868.049133     353.660559      0.050077        22.247460      
445             346.873042      7885.419495     353.645315      0.050077        22.297537      
446             343.100018      7902.601257     353.621684      0.050078        22.347615      
447             346.634198      7919.958618     353.606063      0.050074        22.397689      
448             365.878198      7938.280701     353.633440      0.050077        22.447766      
449             369.540704      7956.786560     353.668848      0.050078        22.497844      
450             358.377073      7974.731934     353.679303      0.050074        22.547918      
451             342.910927      7991.903198     353.655442      0.050075        22.597993      
452             350.850378      8009.473083     353.649239      0.050078        22.648071      
453             347.769502      8026.890076     353.636266      0.050082        22.698153      
454             347.845665      8044.309143     353.623519      0.050077        22.748230      
455             364.026888      8062.539246     353.646371      0.050079        22.798309      
456             374.318893      8081.283264     353.691677      0.050075        22.848384      
457             350.690096      8098.844421     353.685113      0.050076        22.898460      
458             345.755787      8116.159180     353.667810      0.050078        22.948538      
459             348.954453      8133.633423     353.657547      0.050076        22.998614      
460             344.791287      8150.899536     353.638284      0.050077        23.048691      
461             347.323166      8168.292786     353.624593      0.050078        23.098769      
462             364.982361      8186.570007     353.649163      0.050077        23.148846      
463             371.193499      8205.158264     353.687034      0.050077        23.198923      
464             354.055827      8222.888672     353.687828      0.050078        23.249001      
465             350.738249      8240.452942     353.681489      0.050078        23.299079      
466             348.576961      8257.908630     353.670541      0.050077        23.349156      
467             345.946325      8275.233276     353.654009      0.050079        23.399235      
468             344.924564      8292.506409     353.635367      0.050078        23.449313      
469             363.983875      8310.731445     353.657417      0.050071        23.499384      
470             373.758676      8329.449280     353.700164      0.050080        23.549464      
471             355.803867      8347.566101     353.704703      0.050918        23.600382      
472             351.298898      8365.158447     353.699609      0.050078        23.650460      
473             342.642497      8382.316956     353.676246      0.050077        23.700537      
474             347.063561      8399.697205     353.662303      0.050078        23.750615      
475             348.744638      8417.161987     353.651956      0.050079        23.800694      
476             359.088260      8435.144409     353.663370      0.050078        23.850772      
477             372.726522      8453.810181     353.703313      0.050079        23.900851      
478             356.633402      8471.669312     353.709439      0.050077        23.950928      
479             347.781804      8489.085876     353.697071      0.050079        24.001007      
480             351.474405      8506.687012     353.692443      0.050078        24.051085      
481             341.136528      8523.770447     353.666354      0.050078        24.101163      
482             345.652189      8541.080017     353.649737      0.050078        24.151241      
483             365.914769      8559.404297     353.675116      0.050078        24.201319      
484             367.317919      8577.793701     353.703280      0.050064        24.251383      
485             357.911785      8595.716492     353.711952      0.050076        24.301459      
486             347.950849      8613.141174     353.700104      0.050078        24.351537      
487             344.645532      8630.401367     353.681521      0.050081        24.401618      
488             358.990467      8648.378174     353.692393      0.050076        24.451694      
489             345.960141      8665.702820     353.676590      0.050077        24.501771      
490             355.552303      8683.507812     353.680416      0.050077        24.551848      
491             373.099605      8702.191895     353.719944      0.050078        24.601926      
492             360.098524      8720.224548     353.732901      0.050077        24.652003      
493             349.255170      8737.713501     353.723824      0.050075        24.702078      
494             346.484630      8755.064758     353.709178      0.050078        24.752156      
495             348.505404      8772.517212     353.698671      0.050078        24.802234      
496             346.764178      8789.881775     353.684699      0.050076        24.852310      
497             346.072286      8807.210999     353.669392      0.050074        24.902384      
498             383.427388      8826.412659     353.729115      0.050079        24.952463      
499             360.562672      8844.467834     353.742801      0.050075        25.002538      
500             349.180280      8861.953735     353.733682      0.050077        25.052615      
501             349.632388      8880.403137     353.725061      0.052768        25.105383      
502             345.472611      8897.703369     353.708633      0.050077        25.155460      
503             344.768920      8914.968018     353.690872      0.050076        25.205536      
504             348.478236      8932.418762     353.680537      0.050077        25.255613      
505             369.915947      8950.944153     353.712667      0.050080        25.305693      
506             368.163497      8969.380676     353.741207      0.050077        25.355770      
507             342.461162      8986.529419     353.718974      0.050075        25.405845      
508             355.529572      9004.333984     353.722536      0.050079        25.455924      
509             346.441578      9021.682739     353.708241      0.050077        25.506001      
510             346.695483      9039.044556     353.694499      0.050078        25.556079      
511             350.650495      9056.604431     353.688546      0.050078        25.606157      
512             377.473885      9075.507568     353.734972      0.050078        25.656235      
513             368.189092      9093.945374     353.763129      0.050077        25.706312      
514             354.826729      9111.711548     353.765197      0.050070        25.756382      
515             340.513720      9128.763794     353.739482      0.050078        25.806460      
516             346.295716      9146.105591     353.725065      0.050078        25.856538      
517             350.267209      9163.646973     353.718381      0.050080        25.906618      
518             348.338428      9181.091064     353.708001      0.050078        25.956696      
519             366.277972      9199.433533     353.732206      0.050078        26.006774      
520             372.819149      9218.103943     353.768889      0.050079        26.056853      
521             348.481539      9235.554504     353.758748      0.050076        26.106929      
522             347.540486      9252.958984     353.746842      0.050079        26.157008      
523             349.181839      9270.445312     353.738119      0.050078        26.207086      
524             346.576867      9287.800842     353.724461      0.050077        26.257163      
525             348.463256      9305.250488     353.714447      0.050076        26.307239      
526             375.428551      9324.051575     353.755704      0.050079        26.357318      
527             370.470282      9342.600281     353.787394      0.050068        26.407386      
528             350.024031      9360.128784     353.780271      0.050078        26.457464      
529             345.746854      9377.443787     353.765094      0.050080        26.507544      
530             345.453524      9394.743408     353.749421      0.050078        26.557622      
531             346.455379      9412.093201     353.735693      0.050078        26.607700      
532             345.742380      9429.407288     353.720677      0.050078        26.657778      
533             372.400985      9448.057129     353.755705      0.050080        26.707858      
534             375.104889      9466.840881     353.795659      0.050076        26.757934      
535             350.835139      9484.409302     353.790128      0.050076        26.808010      
536             346.125485      9501.742920     353.775837      0.050079        26.858089      
537             348.473361      9519.193420     353.765969      0.050077        26.908166      
538             343.750410      9536.407410     353.747364      0.050077        26.958243      
539             335.995634      9553.232727     353.714451      0.050076        27.008319      
540             384.539528      9572.484314     353.771484      0.050064        27.058383      
541             376.261177      9591.326721     353.813030      0.050078        27.108461      
542             344.940778      9608.599976     353.796671      0.050076        27.158537      
543             348.591587      9626.056396     353.787091      0.050077        27.208614      
544             346.871377      9643.427368     353.774386      0.050079        27.258693      
545             348.005332      9660.854431     353.763807      0.050077        27.308770      
546             345.639179      9678.162659     353.748936      0.050076        27.358846      
547             369.662653      9696.674255     353.778011      0.050077        27.408923      
548             372.218412      9715.314209     353.811641      0.050078        27.459001      
549             353.351360      9733.009338     353.810803      0.050078        27.509079      
550             345.796411      9750.325439     353.796241      0.050076        27.559155      
551             345.955670      9767.650208     353.782019      0.050078        27.609233      
552             345.142730      9784.934265     353.766378      0.050078        27.659311      
553             350.757117      9802.497375     353.760940      0.050072        27.709383      
554             366.804458      9820.867310     353.784472      0.050081        27.759464      
555             371.842796      9839.489197     353.816992      0.050080        27.809544      
556             352.015780      9857.123779     353.813753      0.050096        27.859640      
557             349.730300      9874.637573     353.806426      0.050078        27.909718      
558             349.793677      9892.154541     353.799239      0.050078        27.959796      
559             350.457924      9909.704773     353.793265      0.050078        28.009874      
560             342.952078      9926.878784     353.773917      0.050077        28.059951      
561             367.257909      9945.269958     353.797939      0.050077        28.110028      
562             371.068693      9963.853821     353.828654      0.050082        28.160110      
563             353.223126      9981.542175     353.827579      0.050077        28.210187      
564             350.142255      9999.076599     353.821049      0.050078        28.260265      
565             345.213040      10016.364868    353.805821      0.050080        28.310345      
566             348.276928      10033.792297    353.796066      0.050039        28.360384      
567             344.849364      10051.060974    353.780297      0.050076        28.410460      
568             367.274994      10069.452637    353.804041      0.050076        28.460536      
569             372.749809      10088.119202    353.837318      0.050078        28.510614      
570             355.146655      10105.904236    353.839614      0.050078        28.560692      
571             350.920764      10123.477295    353.834505      0.050077        28.610769      
572             344.270944      10140.718384    353.817795      0.050080        28.660849      
573             347.778630      10158.134094    353.807261      0.050077        28.710926      
574             345.526239      10175.437012    353.792843      0.050077        28.761003      
575             358.988462      10193.414795    353.801874      0.050079        28.811082      
576             372.379170      10212.063171    353.834108      0.050079        28.861161      
577             360.079023      10230.094849    353.844925      0.050077        28.911238      
578             344.836810      10247.363586    353.829349      0.050078        28.961316      
579             346.663157      10264.719971    353.816982      0.050067        29.011383      
580             349.664257      10282.231506    353.809825      0.050081        29.061464      
581             353.163404      10299.916870    353.808714      0.050077        29.111541      
582             355.544990      10317.721497    353.811695      0.050077        29.161618      
583             371.974536      10336.349609    353.842833      0.050079        29.211697      
584             361.968204      10354.475891    353.856738      0.050077        29.261774      
585             353.104900      10372.158325    353.855453      0.050077        29.311851      
586             346.119808      10389.490967    353.842260      0.050077        29.361928      
587             347.852978      10406.910400    353.832063      0.050077        29.412005      
588             345.577430      10424.215881    353.818032      0.050077        29.462082      
589             355.313631      10442.009277    353.820570      0.050078        29.512160      
590             370.961447      10460.587769    353.849609      0.050082        29.562242      
591             363.219938      10478.776733    353.865455      0.050077        29.612319      
592             349.927500      10496.296204    353.858808      0.050066        29.662385      
593             347.340694      10513.689636    353.847823      0.050076        29.712461      
594             346.306262      10531.032654    353.835133      0.050080        29.762541      
595             346.188881      10548.368408    353.822290      0.050076        29.812617      
596             347.394232      10565.765564    353.811510      0.050079        29.862696      
597             376.241476      10584.607361    353.849062      0.050079        29.912775      
598             362.781161      10602.774353    353.863990      0.050077        29.962852      
599             355.019595      10620.558350    353.865919      0.050093        30.012945      
600             346.688021      10638.737976    353.853399      0.052438        30.065383      
601             344.442703      10655.986633    353.837751      0.050077        30.115460      
602             349.843083      10673.506775    353.831119      0.050080        30.165540      
603             348.760133      10690.971985    353.822715      0.050078        30.215618      
604             377.111683      10709.857361    353.861250      0.050079        30.265697      
605             367.273733      10728.249695    353.883405      0.050078        30.315775      
606             348.810452      10745.717773    353.875039      0.050079        30.365854      
607             344.965579      10762.992615    353.860371      0.050077        30.415931      
608             350.510333      10780.545471    353.854864      0.050078        30.466009      
609             343.062697      10797.725708    353.837153      0.050079        30.516088      
610             348.732101      10815.189514    353.828789      0.050078        30.566166      
611             380.229316      10834.231018    353.871973      0.050079        30.616245      
612             369.253067      10852.722473    353.897090      0.050078        30.666323      
613             340.450319      10869.765076    353.875176      0.050059        30.716382      
614             351.096275      10887.346924    353.870653      0.050077        30.766459      
615             349.613295      10904.854858    353.863734      0.050078        30.816537      
616             347.809468      10922.272461    353.853912      0.050078        30.866615      
617             342.282943      10939.412964    353.835170      0.050077        30.916692      
618             371.578433      10958.021240    353.863864      0.050079        30.966771      
619             374.065053      10976.753296    353.896479      0.050077        31.016848      
620             346.846615      10994.122681    353.885115      0.050078        31.066926      
621             345.215819      11011.409363    353.871164      0.050075        31.117001      
622             352.704446      11029.072449    353.869289      0.050079        31.167080      
623             349.010863      11046.549866    353.861496      0.050077        31.217157      
624             337.559917      11063.454529    353.835386      0.050079        31.267236      
625             377.804180      11082.374207    353.873714      0.050078        31.317314      
626             374.741475      11101.137512    353.907024      0.050070        31.367384      
627             349.878667      11118.658386    353.900603      0.050077        31.417461      
628             351.663319      11136.268982    353.897042      0.050078        31.467539      
629             346.653216      11153.629028    353.885532      0.050079        31.517618      
630             349.007894      11171.106995    353.877795      0.050079        31.567697      
631             332.387837      11187.751648    353.843759      0.050076        31.617773      
632             385.447670      11207.053711    353.893735      0.050077        31.667850      
633             361.159206      11225.140564    353.905206      0.050080        31.717930      
634             360.416522      11243.188782    353.915470      0.050076        31.768006      
635             340.425452      11260.236267    353.894239      0.050077        31.818083      
636             356.070507      11278.067566    353.897659      0.050078        31.868161      
637             344.758017      11295.332703    353.883319      0.050079        31.918240      
638             343.038152      11312.510681    353.866331      0.050076        31.968316      
639             368.478407      11330.959290    353.889180      0.050067        32.018383      
640             374.195149      11349.698608    353.920890      0.050079        32.068462      
641             351.190424      11367.285522    353.916633      0.050078        32.118540      
642             350.133087      11384.825439    353.910741      0.050095        32.168635      
643             348.104780      11402.258179    353.901716      0.050079        32.218714      
644             341.945078      11419.382446    353.883160      0.050079        32.268793      
645             348.969767      11436.858154    353.875547      0.050078        32.318871      
646             365.331015      11455.154297    353.893271      0.050081        32.368952      
647             372.273137      11473.797363    353.921663      0.050079        32.419031      
648             354.760523      11491.563416    353.922957      0.050079        32.469110      
649             349.314351      11509.056030    353.915860      0.050077        32.519187      
650             345.934947      11526.380798    353.903588      0.050081        32.569268      
651             351.986586      11544.007935    353.900645      0.050079        32.619347      
652             352.052713      11561.623596    353.897814      0.050037        32.669384      
653             361.243002      11579.713562    353.909056      0.050077        32.719461      
654             375.338726      11598.509399    353.941804      0.050077        32.769538      
655             352.089900      11616.141357    353.938978      0.050078        32.819616      
656             348.216188      11633.578979    353.930260      0.050077        32.869693      
657             348.665067      11651.039429    353.922250      0.050078        32.919771      
658             345.250366      11668.328186    353.909079      0.050076        32.969847      
659             344.427642      11685.575745    353.894700      0.050076        33.019923      
660             366.861791      11703.947083    353.914336      0.050077        33.070000      
661             373.463942      11722.652771    353.943900      0.050087        33.120087      
662             357.482924      11740.554443    353.949243      0.050077        33.170164      
663             337.620362      11757.461121    353.924629      0.050076        33.220240      
664             355.001617      11775.238892    353.926250      0.050078        33.270318      
665             346.171872      11792.570679    353.914598      0.050067        33.320385      
666             346.897419      11809.942261    353.904068      0.050077        33.370462      
667             364.737465      11828.208313    353.920302      0.050080        33.420542      
668             372.430483      11846.858887    353.947996      0.050078        33.470620      
669             362.042552      11864.988892    353.960089      0.050077        33.520697      
670             348.497737      11882.440613    353.951941      0.050077        33.570774      
671             345.451062      11899.739075    353.939280      0.050075        33.620849      
672             347.384573      11917.134705    353.929531      0.050076        33.670925      
673             349.107492      11934.617310    353.922370      0.050078        33.721003      
674             357.631963      11952.527161    353.927871      0.050079        33.771082      
675             370.865542      11971.099365    353.952950      0.050078        33.821160      
676             361.508800      11989.203003    353.964122      0.050078        33.871238      
677             350.200437      12006.739990    353.958565      0.050077        33.921315      
678             344.672488      12023.997742    353.944879      0.050070        33.971385      
679             353.154872      12041.682678    353.943716      0.050077        34.021462      
680             348.785728      12059.149170    353.936135      0.050078        34.071540      
681             345.224770      12076.436646    353.923350      0.050076        34.121616      
682             382.475198      12095.591003    353.965194      0.050080        34.171696      
683             365.388230      12113.888550    353.981909      0.050077        34.221773      
684             342.362949      12131.038879    353.964926      0.050094        34.271867      
685             343.680617      12148.250061    353.949921      0.050079        34.321946      
686             356.595234      12166.106567    353.953774      0.050075        34.372021      
687             343.795850      12183.764954    353.938618      0.051363        34.423384      
688             352.972577      12201.441467    353.937214      0.050079        34.473463      
689             376.213444      12220.281860    353.969528      0.050079        34.523542      
690             363.796395      12238.499329    353.983761      0.050076        34.573618      
691             345.922358      12255.822083    353.972102      0.050077        34.623695      
692             347.996308      12273.249390    353.963471      0.050079        34.673774      
693             349.622051      12290.756714    353.957210      0.050075        34.723849      
694             344.403700      12308.003418    353.943452      0.050077        34.773926      
695             355.234847      12325.793579    353.945309      0.050080        34.824006      
696             376.996330      12344.672424    353.978409      0.050077        34.874083      
697             367.356611      12363.068909    353.997592      0.050078        34.924161      
698             347.614936      12380.476074    353.988454      0.050076        34.974237      
699             351.535638      12398.080627    353.984947      0.050079        35.024316      
700             346.146271      12415.411133    353.973757      0.050067        35.074383      
701             344.491456      12432.662231    353.960238      0.050077        35.124460      
702             349.441444      12450.161560    353.953805      0.050078        35.174538      
703             372.002452      12468.791443    353.979465      0.050080        35.224618      
704             374.430865      12487.541443    354.008498      0.050076        35.274694      
705             343.494456      12504.742615    353.993593      0.050077        35.324771      
706             353.506148      12522.445496    353.992903      0.050078        35.374849      
707             345.420643      12539.744507    353.980784      0.050081        35.424930      
708             349.375839      12557.239502    353.974284      0.050075        35.475005      
709             312.382192      12572.886414    353.915641      0.050089        35.525094      
710             98.402277       12577.818237    353.555669      0.050119        35.575213      
