#timestep       power           acc-energy      avg-power       dt              acc-time       
1               285.162384      15.253906       285.162384      0.053492        0.053492       
2               376.122255      34.105530       329.162651      0.050121        0.103613       
3               353.753888      51.826477       337.177077      0.050094        0.153707       
4               350.036365      69.358398       340.337492      0.050086        0.203793       
5               341.380413      86.459167       340.543265      0.050093        0.253886       
6               336.250772      103.303650      339.835878      0.050095        0.303981       
7               346.413348      120.657227      340.766464      0.050095        0.354076       
8               344.743299      137.926453      341.259356      0.050093        0.404169       
9               347.767459      155.347168      341.977026      0.050093        0.454262       
10              366.756765      173.720215      344.438305      0.050096        0.504358       
11              358.226362      191.664490      345.683993      0.050092        0.554450       
12              345.621763      208.975647      345.678837      0.050087        0.604537       
13              343.308588      226.171631      345.497476      0.050089        0.654626       
14              344.801656      243.441711      345.448021      0.050087        0.704713       
15              344.506326      260.696655      345.385533      0.050086        0.754799       
16              340.203064      277.737427      345.063017      0.050090        0.804889       
17              367.595109      296.151001      346.383137      0.050092        0.854981       
18              365.362872      314.452393      347.433566      0.050091        0.905072       
19              340.684264      331.515564      347.079657      0.050085        0.955157       
20              344.815488      348.786682      346.966841      0.050088        1.005245       
21              348.130825      366.223511      347.022085      0.050087        1.055332       
22              346.973555      383.602722      347.019886      0.050088        1.105420       
23              334.784569      400.376099      346.489378      0.050102        1.155522       
24              373.921668      419.105835      347.629117      0.050090        1.205612       
25              362.194693      437.903015      348.230245      0.051898        1.257510       
26              343.621214      455.110535      348.053732      0.050077        1.307587       
27              346.987209      472.492859      348.014380      0.050095        1.357682       
28              338.970063      489.471191      347.692586      0.050088        1.407770       
29              345.056340      506.754028      347.602013      0.050087        1.457857       
30              341.349682      523.852234      347.394327      0.050090        1.507947       
31              371.421285      542.456726      348.166780      0.050090        1.558037       
32              353.901787      560.182251      348.345401      0.050086        1.608123       
33              358.669731      578.148376      348.657276      0.050091        1.658214       
34              340.600298      595.209045      348.421034      0.050090        1.708304       
35              342.872353      612.383179      348.262976      0.050089        1.758393       
36              346.781571      629.742371      348.221970      0.050058        1.808451       
37              329.507957      646.246765      347.717624      0.050088        1.858539       
38              368.354425      664.696533      348.259184      0.050087        1.908626       
39              372.860346      683.373108      348.888306      0.050090        1.958716       
40              341.370892      700.472717      348.700854      0.050091        2.008807       
41              342.551063      718.869080      348.540725      0.053704        2.062511       
42              350.295188      736.410461      348.582312      0.050076        2.112587       
43              344.118832      753.642212      348.478963      0.050075        2.162662       
44              321.165643      769.743530      347.860142      0.050134        2.212796       
45              375.825748      788.567139      348.479125      0.050086        2.262882       
46              372.137024      807.205994      348.991423      0.050086        2.312968       
47              344.405269      824.456909      348.894212      0.050089        2.363057       
48              351.259524      842.051147      348.943308      0.050089        2.413146       
49              341.048924      859.133606      348.782781      0.050088        2.463234       
50              344.856919      876.406799      348.704543      0.050088        2.513322       
51              337.279282      893.300781      348.481294      0.050089        2.563411       
52              356.258360      911.128662      348.630208      0.050042        2.613453       
53              366.199434      930.558838      348.979805      0.053059        2.666512       
54              352.492501      948.209900      349.044555      0.050075        2.716587       
55              343.550624      965.417664      348.945092      0.050088        2.766675       
56              348.192613      982.857239      348.931712      0.050086        2.816761       
57              341.724246      999.972839      348.805792      0.050086        2.866847       
58              341.159312      1017.060486     348.674494      0.050087        2.916934       
59              353.965884      1034.788513     348.763814      0.050084        2.967018       
60              373.500063      1053.497131     349.174485      0.050090        3.017108       
61              350.788554      1071.067078     349.200842      0.050087        3.067195       
62              343.518036      1088.272522     349.109536      0.050086        3.117281       
63              345.858574      1105.595886     349.058126      0.050088        3.167369       
64              348.147661      1123.032166     349.043953      0.050083        3.217452       
65              342.676918      1140.196167     348.946353      0.050088        3.267540       
66              347.128693      1157.583496     348.918910      0.050089        3.317629       
67              373.982438      1176.316650     349.291702      0.050091        3.367720       
68              349.916048      1193.842896     349.300852      0.050087        3.417807       
69              352.091219      1211.478088     349.341153      0.050087        3.467894       
70              341.240736      1228.570496     349.225819      0.050089        3.517983       
71              347.451699      1245.972961     349.200916      0.050086        3.568069       
72              338.663655      1262.935608     349.055046      0.050087        3.618156       
73              350.347110      1280.483093     349.072687      0.050086        3.668242       
74              371.072889      1299.069763     349.369048      0.050089        3.718331       
75              359.229677      1317.062500     349.500109      0.050087        3.768418       
76              344.948106      1334.344055     349.440386      0.050099        3.818517       
77              345.530389      1351.651672     349.389760      0.050090        3.868607       
78              341.155657      1368.739136     349.284516      0.050087        3.918694       
79              340.264873      1385.781982     349.170686      0.050087        3.968781       
80              332.866417      1402.455261     348.967474      0.050090        4.018871       
81              380.204025      1421.500061     349.352012      0.050091        4.068962       
82              354.530069      1439.258118     349.414979      0.050089        4.119051       
83              356.057706      1457.091980     349.494783      0.050087        4.169138       
84              340.542835      1474.150452     349.388503      0.050092        4.219230       
85              343.929712      1491.378235     349.324456      0.050091        4.269321       
86              341.185402      1508.467529     349.230075      0.050088        4.319409       
87              337.795815      1525.398193     349.098918      0.050121        4.369530       
88              365.844181      1543.724060     349.288708      0.050092        4.419622       
89              377.351995      1562.625244     349.603195      0.050089        4.469711       
90              336.613261      1579.487549     349.459224      0.050094        4.519805       
91              355.736627      1597.306396     349.528030      0.050090        4.569895       
92              340.575416      1614.365479     349.430967      0.050089        4.619984       
93              345.600651      1631.676270     349.389885      0.050089        4.670073       
94              325.460310      1647.977600     349.135962      0.050087        4.720160       
95              375.028427      1666.762024     349.407835      0.050088        4.770248       
96              372.003347      1686.576782     349.657352      0.053265        4.823513       
97              344.342759      1703.820435     349.602743      0.050077        4.873590       
98              341.006062      1720.901428     349.515287      0.050090        4.923680       
99              344.061308      1738.135803     349.460360      0.050091        4.973771       
100             341.060105      1755.218140     349.376612      0.050086        5.023857       
101             333.811108      1771.936401     349.222971      0.050083        5.073940       
102             375.422573      1790.739441     349.479060      0.050085        5.124025       
103             372.532945      1809.398499     349.702229      0.050087        5.174112       
104             348.793734      1826.868530     349.693519      0.050087        5.224199       
105             340.148231      1843.906555     349.602867      0.050090        5.274289       
106             344.225706      1861.148132     349.552282      0.050088        5.324377       
107             341.285669      1878.237671     349.475262      0.050074        5.374451       
108             345.450357      1895.540588     349.438098      0.050088        5.424539       
109             355.901727      1913.366638     349.497233      0.050087        5.474626       
110             370.391645      1931.919556     349.686673      0.050090        5.524716       
111             349.236418      1949.412109     349.682627      0.050088        5.574804       
112             348.003600      1966.843262     349.667676      0.050089        5.624893       
113             343.011558      1984.023682     349.608929      0.050087        5.674980       
114             341.741065      2001.140808     349.540094      0.050088        5.725068       
115             349.992172      2018.670166     349.544015      0.050085        5.775153       
116             349.790299      2036.191162     349.546133      0.050090        5.825243       
117             367.572067      2054.602112     349.699806      0.050088        5.875331       
118             361.991238      2072.734253     349.803711      0.050090        5.925421       
119             345.242514      2090.030212     349.765470      0.050098        5.975519       
120             342.752937      2107.198364     349.707177      0.050089        6.025608       
121             341.396668      2124.296875     349.638671      0.050084        6.075692       
122             345.695287      2141.612061     349.606427      0.050088        6.125780       
123             339.190622      2158.601440     349.521952      0.050088        6.175868       
124             375.279087      2177.399170     349.729177      0.050090        6.225958       
125             355.924894      2195.228516     349.778629      0.050093        6.276051       
126             345.717622      2212.544128     349.746477      0.050086        6.326137       
127             342.782182      2229.713745     349.691768      0.050089        6.376226       
128             342.306476      2246.859192     349.634206      0.050088        6.426314       
129             348.106453      2264.294800     349.622391      0.050087        6.476401       
130             350.199241      2281.846436     349.626820      0.050119        6.526520       
131             363.380339      2300.048157     349.731572      0.050090        6.576610       
132             368.458049      2318.502747     349.873111      0.050086        6.626696       
133             345.553110      2335.810120     349.840705      0.050086        6.676782       
134             334.642962      2352.571716     349.727543      0.050088        6.726870       
135             354.289304      2370.316650     349.761257      0.050086        6.776956       
136             345.340718      2387.615112     349.728823      0.050091        6.827047       
137             336.612079      2404.476685     349.633283      0.050092        6.877139       
138             366.036687      2422.811096     349.751892      0.050089        6.927228       
139             371.941704      2441.441284     349.911189      0.050089        6.977317       
140             344.077483      2458.675781     349.869608      0.050089        7.027406       
141             341.881514      2475.785583     349.813123      0.050046        7.077452       
142             346.116492      2493.122559     349.787144      0.050090        7.127542       
143             341.387683      2510.221985     349.728529      0.050088        7.177630       
144             339.459089      2527.225830     349.657358      0.050091        7.227721       
145             375.226692      2546.020935     349.833341      0.050090        7.277811       
146             364.405034      2564.273254     349.932942      0.050088        7.327899       
147             350.806832      2581.844116     349.938874      0.050087        7.377986       
148             342.079314      2598.979553     349.885873      0.050092        7.428078       
149             343.970252      2616.208679     349.846250      0.050089        7.478167       
150             341.539421      2633.795227     349.789443      0.051492        7.529659       
151             334.659096      2651.806580     349.682063      0.053820        7.583479       
152             372.938091      2670.497864     349.834752      0.050119        7.633598       
153             369.369986      2689.009949     349.962173      0.050118        7.683716       
154             346.431741      2707.631348     349.937647      0.053752        7.737468       
155             338.695428      2724.605408     349.865299      0.050116        7.787584       
156             350.261086      2742.161194     349.867830      0.050122        7.837706       
157             344.786526      2759.441895     349.835543      0.050120        7.887826       
158             326.727610      2776.319336     349.685198      0.051656        7.939482       
159             381.278611      2795.436646     349.883467      0.050140        7.989622       
160             364.660827      2813.714905     349.975597      0.050124        8.039746       
161             347.946061      2832.407959     349.962125      0.053724        8.093470       
162             348.195791      2849.854309     349.951257      0.050105        8.143575       
163             341.867739      2866.991455     349.901803      0.050128        8.193703       
164             337.454410      2883.903320     349.826133      0.050116        8.243819       
165             339.357925      2902.114624     349.758430      0.053664        8.297483       
166             368.775532      2920.598022     349.872613      0.050121        8.347604       
167             375.797254      2939.437866     350.027378      0.050133        8.397737       
168             343.196807      2957.878174     349.983952      0.053731        8.451468       
169             341.352434      2974.979248     349.933089      0.050098        8.501566       
170             342.766970      2992.162842     349.891079      0.050132        8.551698       
171             345.437650      3009.476868     349.865129      0.050122        8.601820       
172             329.995701      3026.201050     349.748749      0.050680        8.652500       
173             375.103606      3045.010620     349.894845      0.050145        8.702645       
174             373.181238      3063.728271     350.028285      0.050157        8.752802       
175             340.257932      3081.652039     349.969836      0.052677        8.805479       
176             354.901500      3099.437927     349.997745      0.050115        8.855594       
177             342.243494      3116.593567     349.954099      0.050127        8.905721       
178             343.658729      3133.816711     349.918870      0.050117        8.955838       
179             328.964826      3150.354431     349.801905      0.050272        9.006110       
180             371.443114      3168.973389     349.921688      0.050126        9.056236       
181             374.458438      3187.747986     350.056783      0.050138        9.106374       
182             326.956964      3205.432434     349.920390      0.054088        9.160462       
183             371.693137      3224.054260     350.038821      0.050100        9.210562       
184             344.757727      3241.333862     350.010238      0.050121        9.260683       
185             338.606406      3258.304138     349.948854      0.050118        9.310801       
186             348.748145      3275.787231     349.942424      0.050131        9.360932       
187             357.036116      3293.679382     349.980197      0.050113        9.411045       
188             367.848918      3312.115234     350.074852      0.050118        9.461163       
189             353.288057      3330.242798     350.092184      0.051311        9.512474       
190             342.582618      3347.412354     350.052826      0.050118        9.562592       
191             342.184129      3364.562622     350.011799      0.050120        9.612712       
192             347.344352      3381.975342     349.997960      0.050131        9.662843       
193             344.454241      3399.241455     349.969351      0.050126        9.712969       
194             352.990775      3416.930176     349.984859      0.050111        9.763080       
195             373.192230      3435.631958     350.103372      0.050113        9.813193       
196             351.282083      3453.648865     350.109500      0.051289        9.864482       
197             342.174791      3470.802429     350.069380      0.050131        9.914613       
198             345.911752      3488.140564     350.048467      0.050123        9.964736       
199             347.694107      3505.567688     350.036684      0.050122        10.014858      
200             343.542128      3522.784302     350.004347      0.050115        10.064973      
201             349.892391      3540.804810     350.003777      0.051503        10.116476      
202             367.269062      3559.214539     350.088903      0.050126        10.166602      
203             359.160252      3577.486816     350.134071      0.050875        10.217477      
204             347.500372      3594.909790     350.121210      0.050138        10.267615      
205             351.135674      3612.513977     350.126140      0.050135        10.317750      
206             342.174775      3629.701416     350.087617      0.050230        10.367980      
207             342.854555      3646.886658     350.052817      0.050124        10.418104      
208             353.701521      3665.763000     350.071413      0.053368        10.471472      
209             371.888343      3684.401672     350.175337      0.050119        10.521591      
210             353.781781      3702.405273     350.192696      0.050889        10.572480      
211             346.783411      3719.791260     350.176605      0.050135        10.622615      
212             343.116225      3736.991333     350.143443      0.050129        10.672744      
213             341.740374      3754.120728     350.104163      0.050124        10.722868      
214             349.594878      3771.641724     350.101794      0.050118        10.772986      
215             340.440484      3788.832947     350.056719      0.050497        10.823483      
216             379.582769      3807.863708     350.192857      0.050136        10.873619      
217             358.127161      3826.077698     350.229796      0.050859        10.924478      
218             345.090735      3843.377441     350.206321      0.050131        10.974609      
219             342.364344      3860.544617     350.170654      0.050143        11.024752      
220             343.387603      3877.754517     350.139958      0.050118        11.074870      
221             344.806438      3895.036560     350.115929      0.050121        11.124991      
222             341.678976      3912.972656     350.076306      0.052494        11.177485      
223             372.926886      3931.670837     350.178349      0.050139        11.227624      
224             359.555285      3949.954224     350.220626      0.050850        11.278474      
225             344.582169      3967.227783     350.195676      0.050129        11.328603      
226             349.221080      3984.733887     350.191382      0.050129        11.378732      
227             338.295511      4001.686890     350.139221      0.050113        11.428845      
228             344.458412      4018.954590     350.114413      0.050130        11.478975      
229             350.276240      4037.347595     350.115150      0.052510        11.531485      
230             371.358965      4055.971619     350.207140      0.050151        11.581636      
231             361.924547      4075.096436     350.260359      0.052842        11.634478      
232             348.285635      4092.555298     350.251887      0.050128        11.684606      
233             340.045534      4109.601440     350.208287      0.050129        11.734735      
234             347.751085      4127.030029     350.197837      0.050118        11.784853      
235             343.506780      4144.247620     350.169499      0.050123        11.834976      
236             340.898215      4161.806946     350.129323      0.051509        11.886485      
237             372.770978      4180.501038     350.224447      0.050149        11.936634      
238             359.908081      4199.157593     350.266318      0.051837        11.988471      
239             348.314583      4216.614075     350.258193      0.050117        12.038588      
240             340.227626      4233.671387     350.216593      0.050135        12.088723      
241             348.922249      4251.163208     350.211248      0.050131        12.138854      
242             339.553569      4268.182312     350.167423      0.050122        12.188976      
243             347.713281      4286.091980     350.157096      0.051507        12.240483      
244             361.758162      4304.230896     350.204424      0.050141        12.290624      
245             345.496669      4322.831055     350.183893      0.053836        12.344460      
246             374.161294      4341.579529     350.280827      0.050108        12.394568      
247             347.620567      4359.003662     350.270112      0.050124        12.444692      
248             340.343877      4376.062378     350.230294      0.050122        12.494814      
249             343.376179      4393.274109     350.202907      0.050125        12.544939      
250             341.467017      4411.559326     350.165776      0.053549        12.598488      
251             378.811060      4430.545715     350.279285      0.050121        12.648609      
252             336.818267      4448.683716     350.222218      0.053851        12.702460      
253             372.685821      4467.359375     350.310488      0.050111        12.752571      
254             345.704478      4484.702332     350.292440      0.050167        12.802738      
255             343.387752      4501.913269     350.265514      0.050121        12.852859      
256             341.457148      4519.028809     350.231296      0.050125        12.902984      
257             341.639519      4536.282288     350.197799      0.050502        12.953486      
258             370.921762      4554.895142     350.277771      0.050180        13.003666      
259             369.391561      4574.402710     350.355081      0.052810        13.056476      
260             344.517668      4591.668213     350.332761      0.050115        13.106591      
261             341.969532      4608.810120     350.300897      0.050127        13.156718      
262             345.381160      4626.118896     350.282229      0.050115        13.206833      
263             347.300985      4643.528748     350.270956      0.050129        13.256962      
264             311.742234      4660.207581     350.116088      0.053502        13.310464      
265             396.116618      4680.062134     350.288661      0.050123        13.360587      
266             367.931082      4698.783203     350.355595      0.050882        13.411469      
267             345.524378      4716.094666     350.337614      0.050102        13.461571      
268             340.971723      4733.184509     350.302872      0.050121        13.511692      
269             339.816106      4750.218811     350.264110      0.050128        13.561820      
270             351.044309      4767.829651     350.266985      0.050167        13.611987      
271             341.143238      4785.738647     350.231933      0.052497        13.664484      
272             374.068418      4804.494812     350.319080      0.050141        13.714625      
273             342.750354      4822.946777     350.289486      0.053835        13.768460      
274             376.964078      4841.835693     350.386212      0.050108        13.818568      
275             341.285082      4858.938171     350.353326      0.050112        13.868680      
276             347.455615      4876.355774     350.342890      0.050129        13.918809      
277             342.188262      4893.506592     350.313631      0.050121        13.968930      
278             341.432209      4911.450562     350.280342      0.052555        14.021485      
279             368.631895      4929.935608     350.345739      0.050145        14.071630      
280             362.548352      4949.456299     350.392252      0.053843        14.125473      
281             354.964125      4967.240356     350.408411      0.050101        14.175574      
282             340.341998      4984.296936     350.372948      0.050116        14.225690      
283             343.402205      5001.510315     350.348471      0.050126        14.275816      
284             342.226969      5018.663757     350.320056      0.050123        14.325939      
285             345.869833      5036.491272     350.304102      0.051544        14.377483      
286             366.694213      5054.876953     350.361061      0.050139        14.427622      
287             374.055219      5073.629089     350.443107      0.050132        14.477754      
288             341.173961      5091.614075     350.409479      0.052715        14.530469      
289             342.641822      5108.786255     350.382780      0.050117        14.580586      
290             353.161110      5126.489868     350.392299      0.050129        14.630715      
291             335.094283      5143.286804     350.340066      0.050126        14.680841      
292             341.358160      5161.257263     350.307973      0.052644        14.733485      
293             374.670087      5180.042847     350.390598      0.050139        14.783624      
294             370.194138      5198.597717     350.457512      0.050122        14.833746      
295             323.505647      5215.973206     350.360277      0.053710        14.887456      
296             373.032019      5234.658752     350.436303      0.050091        14.937547      
297             343.598431      5251.898804     350.413412      0.050175        14.987722      
298             341.484630      5269.013672     350.383654      0.050119        15.037841      
299             345.525297      5287.548340     350.366385      0.053642        15.091483      
300             367.012783      5305.958435     350.421532      0.050162        15.141645      
301             343.160420      5324.424927     350.395817      0.053813        15.195458      
302             373.117704      5343.117004     350.470482      0.050097        15.245555      
303             348.779978      5360.593323     350.464944      0.050107        15.295662      
304             344.702998      5377.871216     350.446124      0.050124        15.345786      
305             344.855269      5395.157776     350.427920      0.050127        15.395913      
306             337.266284      5412.550598     350.383982      0.051570        15.447483      
307             371.671395      5431.187317     350.452858      0.050143        15.497626      
308             367.365393      5449.599670     350.507377      0.050120        15.547746      
309             320.198491      5466.797852     350.403033      0.053711        15.601457      
310             372.186688      5485.466736     350.472845      0.050160        15.651617      
311             342.915504      5502.657776     350.448716      0.050132        15.701749      
312             342.379032      5519.816101     350.423042      0.050115        15.751864      
313             319.221486      5536.925415     350.317236      0.053597        15.805461      
314             395.493201      5556.749512     350.460053      0.050125        15.855586      
315             371.351189      5575.361633     350.525883      0.050120        15.905706      
316             327.961841      5592.781982     350.450781      0.053117        15.958823      
317             369.666539      5611.305603     350.510927      0.050109        16.008932      
318             343.367961      5628.516235     350.488633      0.050123        16.059055      
319             347.374039      5645.929749     350.478941      0.050129        16.109184      
320             336.646364      5663.199707     350.435031      0.051300        16.160484      
321             367.654591      5681.634644     350.488294      0.050142        16.210626      
322             377.650995      5700.562134     350.572015      0.050119        16.260745      
323             341.482224      5718.566101     350.542638      0.052723        16.313468      
324             343.939724      5735.804016     350.522414      0.050119        16.363587      
325             349.360681      5753.319214     350.518865      0.050135        16.413722      
326             339.397552      5770.331177     350.485007      0.050124        16.463846      
327             332.674475      5787.842163     350.428246      0.052637        16.516483      
328             378.912648      5806.841980     350.514461      0.050143        16.566626      
329             367.035145      5825.242920     350.564305      0.050134        16.616760      
330             353.321922      5843.513550     350.572860      0.051711        16.668471      
331             342.882886      5860.695068     350.549812      0.050109        16.718580      
332             342.359965      5877.854492     350.525332      0.050121        16.768701      
333             345.811080      5895.184814     350.511285      0.050115        16.818816      
334             325.626383      5911.503906     350.437355      0.050116        16.868932      
335             374.701335      5930.286560     350.509243      0.050127        16.919059      
336             373.423851      5949.002563     350.576923      0.050120        16.969179      
337             326.028286      5966.374329     350.500082      0.053283        17.022462      
338             367.847896      5984.807922     350.551002      0.050112        17.072574      
339             342.540865      6001.977783     350.527553      0.050125        17.122699      
340             350.134953      6019.525146     350.526407      0.050116        17.172815      
341             344.477091      6036.798950     350.508795      0.050145        17.222960      
342             352.969746      6054.489441     350.515935      0.050119        17.273079      
343             371.577855      6073.129272     350.576926      0.050164        17.323243      
344             340.518323      6091.250977     350.546120      0.053218        17.376461      
345             362.630517      6109.431458     350.580886      0.050135        17.426596      
346             344.234142      6126.689636     350.562679      0.050135        17.476731      
347             346.468711      6144.053955     350.550972      0.050118        17.526849      
348             348.216810      6161.511108     350.544315      0.050133        17.576982      
349             354.317144      6179.268066     350.555041      0.050116        17.627098      
350             373.090042      6197.967712     350.618936      0.050121        17.677219      
351             354.009279      6216.465759     350.628928      0.052253        17.729472      
352             340.909441      6233.549072     350.601534      0.050111        17.779583      
353             345.829355      6250.883423     350.588118      0.050124        17.829707      
354             343.474499      6268.100769     350.568175      0.050127        17.879834      
355             343.850294      6285.336609     350.549394      0.050126        17.929960      
356             357.683869      6303.263367     350.569281      0.050119        17.980079      
357             367.407586      6321.684448     350.616105      0.050138        18.030217      
358             350.539556      6339.652405     350.615888      0.051258        18.081475      
359             348.313914      6357.116516     350.609522      0.050139        18.131614      
360             345.782675      6374.448181     350.596215      0.050123        18.181737      
361             349.886676      6391.985901     350.594265      0.050124        18.231861      
362             340.602624      6409.055542     350.566875      0.050116        18.281977      
363             346.054320      6426.877686     350.554198      0.051501        18.333478      
364             377.968463      6445.825623     350.628956      0.050131        18.383609      
365             353.201655      6463.791931     350.636054      0.050867        18.434476      
366             351.420587      6481.408997     350.638182      0.050131        18.484607      
367             342.362611      6498.569580     350.615802      0.050124        18.534731      
368             345.482292      6515.885498     350.601958      0.050121        18.584852      
369             343.781732      6533.114807     350.583616      0.050117        18.634969      
370             349.813092      6551.835754     350.581409      0.053517        18.688486      
371             374.153777      6570.587219     350.644454      0.050117        18.738603      
372             356.773499      6589.452332     350.661700      0.052877        18.791480      
373             346.087865      6606.803101     350.649530      0.050134        18.841614      
374             348.440422      6624.268677     350.643669      0.050125        18.891739      
375             338.135667      6641.215698     350.610574      0.050119        18.941858      
376             350.999035      6658.807068     350.611599      0.050118        18.991976      
377             349.202810      6676.793457     350.607788      0.051507        19.043483      
378             369.784843      6695.334839     350.658148      0.050141        19.093624      
379             359.671416      6714.704224     350.683499      0.053853        19.147477      
380             341.302407      6731.808594     350.659009      0.050115        19.197592      
381             349.169745      6749.313171     350.655131      0.050132        19.247724      
382             344.389359      6766.576721     350.638855      0.050128        19.297852      
383             341.106325      6783.671265     350.614163      0.050115        19.347967      
384             353.243686      6801.510071     350.621009      0.050500        19.398467      
385             369.346910      6820.020630     350.669264      0.050117        19.448584      
386             357.899617      6838.592041     350.688503      0.051890        19.500474      
387             351.741748      6856.217468     350.691203      0.050109        19.550583      
388             343.117838      6873.412476     350.671840      0.050114        19.600697      
389             343.693728      6890.638062     350.654042      0.050119        19.650816      
390             348.913441      6908.121765     350.649615      0.050109        19.700925      
391             342.549872      6926.469421     350.627653      0.053562        19.754487      
392             370.755966      6945.050598     350.678590      0.050117        19.804604      
393             354.796016      6963.099426     350.689139      0.050871        19.855475      
394             355.497974      6980.918762     350.701248      0.050125        19.905600      
395             335.063892      6997.715515     350.661966      0.050130        19.955730      
396             353.187474      7015.416565     350.668293      0.050118        20.005848      
397             341.569150      7032.536011     350.645554      0.050120        20.055968      
398             349.592237      7050.544556     350.642856      0.051513        20.107481      
399             366.997279      7068.946533     350.683537      0.050142        20.157623      
400             341.153636      7087.313904     350.658151      0.053839        20.211462      
401             371.874860      7105.948181     350.710623      0.050109        20.261571      
402             347.103666      7123.349182     350.701720      0.050132        20.311703      
403             345.285364      7140.653503     350.688389      0.050116        20.361819      
404             344.199216      7157.905457     350.672455      0.050122        20.411941      
405             341.831214      7175.525146     350.650185      0.051545        20.463486      
406             374.882606      7194.325134     350.709425      0.050149        20.513635      
407             365.355087      7213.996948     350.747765      0.053843        20.567478      
408             344.650870      7231.627563     350.732639      0.051155        20.618633      
409             348.590897      7249.101379     350.727445      0.050127        20.668760      
410             342.755454      7266.281311     350.708159      0.050123        20.718883      
411             344.729719      7283.559509     350.693731      0.050121        20.769004      
412             343.482545      7301.583069     350.675558      0.052473        20.821477      
413             378.363052      7320.590515     350.742199      0.050236        20.871713      
414             364.521603      7340.187561     350.777601      0.053761        20.925474      
415             346.095723      7357.527649     350.766418      0.050102        20.975576      
416             340.206072      7374.582520     350.741239      0.050131        21.025707      
417             346.070067      7391.927551     350.730130      0.050120        21.075827      
418             339.302861      7408.933411     350.703020      0.050120        21.125947      
419             349.026458      7426.572510     350.699019      0.050538        21.176485      
420             371.370947      7445.193420     350.747849      0.050141        21.226626      
421             365.880656      7464.530945     350.785435      0.052852        21.279478      
422             345.054763      7481.823364     350.771970      0.050115        21.329593      
423             343.695205      7499.051086     350.755379      0.050125        21.379718      
424             348.869924      7516.535400     350.750969      0.050117        21.429835      
425             347.072991      7533.932434     350.742387      0.050125        21.479960      
426             321.411970      7551.128296     350.669514      0.053501        21.533461      
427             393.211987      7570.838440     350.768315      0.050126        21.583587      
428             365.379587      7590.528015     350.804704      0.053888        21.637475      
429             347.800744      7607.954224     350.797764      0.050104        21.687579      
430             344.552869      7625.225281     350.783364      0.050126        21.737705      
431             342.275510      7642.378418     350.763795      0.050115        21.787820      
432             350.371360      7659.941833     350.762894      0.050128        21.837948      
433             339.338899      7677.091003     350.736518      0.050537        21.888485      
434             374.518274      7695.892944     350.790938      0.050203        21.938688      
435             367.187913      7714.542786     350.828812      0.050791        21.989479      
436             348.064923      7731.986755     350.822527      0.050117        22.039596      
437             341.474920      7749.102844     350.801316      0.050124        22.089720      
438             343.394296      7766.314453     350.784547      0.050122        22.139842      
439             345.126752      7783.613586     350.771767      0.050124        22.189966      
440             334.842830      7800.529846     350.735584      0.050520        22.240486      
441             376.516143      7819.409119     350.793577      0.050142        22.290628      
442             365.336641      7837.721252     350.826206      0.050124        22.340752      
443             351.573782      7855.904297     350.827932      0.051719        22.392471      
444             341.596157      7873.022705     350.807318      0.050113        22.442584      
445             344.225182      7890.280090     350.792647      0.050134        22.492718      
446             343.763787      7907.507812     350.777021      0.050115        22.542833      
447             336.160697      7924.871521     350.743607      0.051653        22.594486      
448             371.996393      7943.524536     350.790668      0.050143        22.644629      
449             377.389939      7962.439697     350.849412      0.050121        22.694750      
450             341.281661      7979.751892     350.828074      0.050727        22.745477      
451             344.588230      7997.019897     350.814357      0.050112        22.795589      
452             347.269118      8014.425720     350.806579      0.050122        22.845711      
453             343.962749      8031.663757     350.791599      0.050116        22.895827      
454             340.331739      8048.719482     350.768754      0.050115        22.945942      
455             371.852464      8067.358215     350.814710      0.050124        22.996066      
456             369.515862      8085.879089     350.855382      0.050122        23.046188      
457             334.132938      8103.679688     350.816815      0.053274        23.099462      
458             365.751660      8122.004211     350.849137      0.050101        23.149563      
459             344.548627      8139.272644     350.835526      0.050119        23.199682      
460             345.280110      8156.577393     350.823551      0.050118        23.249800      
461             335.176896      8173.392212     350.789862      0.050167        23.299967      
462             370.165702      8191.941956     350.831445      0.050112        23.350079      
463             367.080485      8210.338928     350.866246      0.050117        23.400196      
464             329.562573      8227.893738     350.817862      0.053267        23.453463      
465             364.723850      8246.171509     350.847512      0.050114        23.503577      
466             347.309767      8263.578674     350.839984      0.050120        23.553697      
467             344.097474      8280.826904     350.825665      0.050126        23.603823      
468             347.856917      8298.261841     350.819375      0.050121        23.653944      
469             358.084285      8316.205444     350.834733      0.050110        23.704054      
470             370.836437      8334.790283     350.876932      0.050116        23.754170      
471             356.970434      8353.464478     350.890322      0.052313        23.806483      
472             344.357883      8370.728516     350.876594      0.050134        23.856617      
473             343.615513      8387.957397     350.861365      0.050140        23.906757      
474             343.247722      8405.164062     350.845434      0.050129        23.956886      
475             347.745733      8422.593079     350.838963      0.050120        24.007006      
476             359.738176      8440.622437     350.857502      0.050118        24.057124      
477             369.372548      8459.133911     350.895993      0.050116        24.107240      
478             354.899469      8478.029114     350.904815      0.053241        24.160481      
479             348.280393      8495.499207     350.899377      0.050161        24.210642      
480             343.582551      8512.722656     350.884259      0.050129        24.260771      
481             343.009492      8529.914978     350.868024      0.050122        24.310893      
482             349.783735      8547.446838     350.865793      0.050122        24.361015      
483             351.485331      8565.261169     350.867079      0.050683        24.411698      
484             370.597630      8583.844788     350.907525      0.050145        24.461843      
485             357.589002      8603.025146     350.922144      0.053638        24.515481      
486             340.999652      8620.114685     350.901901      0.050116        24.565597      
487             348.890265      8637.602112     350.897805      0.050123        24.615720      
488             349.701488      8655.129150     350.895374      0.050120        24.665840      
489             346.765085      8672.507629     350.886999      0.050116        24.715956      
490             348.217760      8690.843384     350.881324      0.052656        24.768612      
491             369.883955      8709.387146     350.919710      0.050134        24.818746      
492             357.935759      8727.545227     350.934022      0.050730        24.869476      
493             345.706407      8744.877563     350.923504      0.050136        24.919612      
494             344.740385      8762.158020     350.911092      0.050126        24.969738      
495             347.264626      8779.563965     350.903787      0.050123        25.019861      
496             346.649387      8796.936646     350.895282      0.050116        25.069977      
497             348.862382      8814.905151     350.891114      0.051506        25.121483      
498             376.217699      8833.767578     350.941560      0.050137        25.171620      
499             357.720203      8853.035461     350.956034      0.053863        25.225483      
500             338.893014      8870.021118     350.932113      0.050121        25.275604      
501             356.372017      8887.886047     350.942881      0.050130        25.325734      
502             342.247192      8905.040161     350.925705      0.050122        25.375856      
503             346.824704      8922.422668     350.917621      0.050119        25.425975      
504             349.431210      8940.771301     350.914558      0.052510        25.478485      
505             369.083223      8959.272705     350.950234      0.050128        25.528613      
506             362.679959      8978.807373     350.974930      0.053862        25.582475      
507             345.184740      8996.108032     350.963608      0.050120        25.632595      
508             342.200140      9013.261841     350.946504      0.050128        25.682723      
509             345.290304      9030.568481     350.935487      0.050122        25.732845      
510             349.080227      9048.065430     350.931880      0.050123        25.782968      
511             346.063554      9066.587097     350.921795      0.053521        25.836489      
512             376.918731      9085.476379     350.972124      0.050115        25.886604      
513             354.144037      9104.202454     350.978589      0.052877        25.939481      
514             340.470304      9121.283508     350.958305      0.050169        25.989650      
515             355.273488      9139.090881     350.966611      0.050123        26.039773      
516             341.990232      9156.233826     350.949365      0.050127        26.089900      
517             345.317029      9173.539734     350.938566      0.050116        26.140016      
518             354.714621      9192.505615     350.946274      0.053468        26.193484      
519             366.225552      9210.859009     350.975452      0.050115        26.243599      
520             362.320775      9230.016357     350.998263      0.052874        26.296473      
521             346.160094      9247.371094     350.989057      0.050135        26.346608      
522             342.235972      9264.525330     350.972436      0.050124        26.396732      
523             345.345966      9281.836487     350.961772      0.050127        26.446859      
524             352.110350      9299.482849     350.963944      0.050116        26.496975      
525             347.903761      9317.752319     350.957891      0.052513        26.549488      
526             373.749808      9336.494751     351.000860      0.050147        26.599635      
527             357.751685      9355.758606     351.014498      0.053847        26.653482      
528             344.599495      9373.031311     351.002457      0.050124        26.703606      
529             352.214328      9390.684998     351.004727      0.050122        26.753728      
530             339.576175      9407.704895     350.983357      0.050121        26.803849      
531             351.028875      9425.297058     350.983442      0.050116        26.853965      
532             348.971042      9443.625366     350.979513      0.052521        26.906486      
533             374.424189      9462.398621     351.023120      0.050139        26.956625      
534             355.354226      9480.821960     351.031434      0.051845        27.008470      
535             345.381074      9498.171143     351.020945      0.050232        27.058702      
536             342.639990      9515.350769     351.005444      0.050139        27.108841      
537             351.849581      9532.986877     351.007002      0.050124        27.158965      
538             344.095391      9550.230530     350.994272      0.050113        27.209078      
539             347.694748      9568.104126     350.988050      0.051406        27.260484      
540             366.912253      9586.497070     351.017279      0.050129        27.310613      
541             360.305650      9605.545349     351.035225      0.052867        27.363480      
542             351.385279      9623.160645     351.035865      0.050131        27.413611      
543             342.973362      9640.355957     351.021146      0.050136        27.463747      
544             344.801567      9657.637756     351.009816      0.050121        27.513868      
545             344.156493      9674.886536     350.997355      0.050119        27.563987      
546             338.359541      9692.299194     350.973804      0.051462        27.615449      
547             384.999229      9711.594971     351.035445      0.050119        27.665568      
548             358.228172      9730.907410     351.049434      0.053911        27.719479      
549             353.095694      9748.599976     351.053126      0.050107        27.769586      
550             346.920210      9765.992126     351.045678      0.050133        27.819719      
551             344.531577      9783.259705     351.033964      0.050119        27.869838      
552             342.269111      9800.414917     351.018229      0.050122        27.919960      
553             330.011877      9818.073853     350.978046      0.053510        27.973470      
554             394.074654      9837.822510     351.055115      0.050114        28.023584      
555             334.131173      9855.824829     351.022640      0.053878        28.077462      
556             375.972766      9874.682495     351.067131      0.050157        28.127619      
557             344.789881      9891.965088     351.055964      0.050125        28.177744      
558             341.359962      9909.075073     351.038747      0.050123        28.227867      
559             352.676393      9926.749451     351.041650      0.050115        28.277982      
560             342.648306      9945.083191     351.025798      0.053506        28.331488      
561             368.907480      9963.570251     351.057372      0.050113        28.381601      
562             364.078930      9982.091675     351.080670      0.050872        28.432473      
563             343.702701      9999.318054     351.067687      0.050120        28.482593      
564             347.289649      10016.726990    351.061050      0.050128        28.532721      
565             344.642398      10034.000122    351.049795      0.050119        28.582840      
566             342.273982      10051.155579    351.034433      0.050122        28.632962      
567             346.207992      10069.685669    351.025428      0.053523        28.686485      
568             378.143941      10088.636353    351.072721      0.050115        28.736600      
569             355.668894      10106.730652    351.080843      0.050874        28.787474      
570             353.728964      10124.461670    351.085446      0.050126        28.837600      
571             343.478151      10141.679199    351.072246      0.050127        28.887727      
572             348.505079      10159.144531    351.067800      0.050115        28.937842      
573             346.977697      10176.535400    351.060728      0.050121        28.987963      
574             341.466616      10194.811035    351.043047      0.053521        29.041484      
575             370.030200      10213.361389    351.075767      0.050132        29.091616      
576             361.126214      10232.451965    351.093997      0.052864        29.144480      
577             348.559401      10249.923157    351.089645      0.050124        29.194604      
578             344.936849      10267.213806    351.079099      0.050127        29.244731      
579             341.774467      10284.343201    351.063180      0.050119        29.294850      
580             347.613632      10301.767334    351.057288      0.050125        29.344975      
581             350.749235      10319.834778    351.056748      0.051511        29.396486      
582             363.210545      10338.047607    351.077444      0.050144        29.446630      
583             367.550924      10357.836182    351.107509      0.053839        29.500469      
584             349.313091      10375.341309    351.104466      0.050113        29.550582      
585             342.038454      10392.486328    351.089113      0.050126        29.600708      
586             350.526170      10410.052246    351.088162      0.050113        29.650821      
587             343.369784      10427.264343    351.075135      0.050127        29.700948      
588             341.095534      10444.843384    351.057849      0.051537        29.752485      
589             375.962880      10463.693787    351.099748      0.050139        29.802624      
590             340.858605      10482.044250    351.081282      0.053836        29.856460      
591             371.480633      10500.657288    351.115459      0.050105        29.906565      
592             340.522884      10517.724976    351.097736      0.050122        29.956687      
593             354.342483      10535.482849    351.103155      0.050115        30.006802      
594             343.415760      10552.695190    351.090336      0.050121        30.056923      
595             340.754569      10570.266541    351.072634      0.051566        30.108489      
596             368.096377      10588.724365    351.100939      0.050144        30.158633      
597             370.143679      10608.652161    351.134873      0.053838        30.212471      
598             348.438202      10626.110657    351.130408      0.050105        30.262576      
599             344.564720      10643.399536    351.119540      0.050176        30.312752      
600             346.524731      10660.766663    351.111956      0.050118        30.362870      
601             344.830731      10678.048889    351.101605      0.050118        30.412988      
602             336.249819      10695.364746    351.076499      0.051497        30.464485      
603             376.097805      10714.222290    351.117613      0.050140        30.514625      
604             361.512665      10732.965637    351.135245      0.051847        30.566472      
605             351.448493      10750.576721    351.135758      0.050110        30.616582      
606             344.785606      10767.855652    351.125380      0.050115        30.666697      
607             347.458329      10785.274780    351.119395      0.050133        30.716830      
608             344.235992      10802.526855    351.108183      0.050117        30.766947      
609             341.011242      10820.102234    351.091297      0.051539        30.818486      
610             370.836821      10838.714905    351.123403      0.050191        30.868677      
611             368.534602      10857.184753    351.151625      0.050117        30.918794      
612             322.368543      10874.482727    351.101759      0.053659        30.972453      
613             376.023922      10893.324158    351.142013      0.050107        31.022560      
614             345.762382      10910.655151    351.133335      0.050124        31.072684      
615             344.817761      10927.937073    351.123164      0.050119        31.122803      
616             341.329058      10945.919312    351.106613      0.052683        31.175486      
617             369.380061      10964.437073    351.135951      0.050132        31.225618      
618             370.141776      10982.989319    351.166409      0.050122        31.275740      
619             348.143939      11001.346252    351.161322      0.052728        31.328468      
620             345.372276      11018.670471    351.152068      0.050161        31.378629      
621             347.536247      11036.093506    351.146301      0.050133        31.428762      
622             343.314382      11053.301453    351.133830      0.050123        31.478885      
623             319.113687      11070.398926    351.079423      0.053578        31.532463      
624             396.741896      11090.305847    351.151968      0.050176        31.582639      
625             368.591698      11108.779663    351.179600      0.050120        31.632759      
626             348.951475      11127.172546    351.175894      0.052709        31.685468      
627             346.559656      11144.541077    351.168604      0.050117        31.735585      
628             345.723842      11161.872559    351.160017      0.050131        31.785716      
629             342.108883      11179.018372    351.145768      0.050118        31.835834      
630             340.460735      11196.943970    351.128126      0.052651        31.888485      
631             372.701165      11215.632324    351.161995      0.050143        31.938628      
632             368.587903      11234.107056    351.189300      0.050123        31.988751      
633             346.447995      11252.717896    351.181351      0.053719        32.042470      
634             348.606118      11270.183411    351.177330      0.050101        32.092571      
635             341.879668      11287.321838    351.162830      0.050130        32.142701      
636             350.414477      11304.883911    351.161665      0.050118        32.192819      
637             336.666784      11322.278137    351.138439      0.051666        32.244485      
638             373.879894      11341.024475    351.173747      0.050140        32.294625      
639             370.233280      11359.586121    351.203290      0.050135        32.344760      
640             330.823346      11377.350342    351.169512      0.053697        32.398457      
641             366.313264      11395.704102    351.192896      0.050104        32.448561      
642             346.828653      11413.103455    351.186159      0.050167        32.498728      
643             345.151440      11430.402100    351.176867      0.050119        32.548847      
644             335.625986      11447.733154    351.152235      0.051638        32.600485      
645             373.126137      11466.439087    351.185974      0.050133        32.650618      
646             365.491330      11484.760071    351.207903      0.050127        32.700745      
647             357.385629      11503.603943    351.217848      0.052727        32.753472      
648             341.604446      11520.723450    351.203161      0.050115        32.803587      
649             347.488392      11538.143738    351.197493      0.050132        32.853719      
650             346.611152      11555.516235    351.190506      0.050121        32.903840      
651             318.945782      11571.511047    351.141437      0.050149        32.953989      
652             391.253375      11591.120667    351.202351      0.050120        33.004109      
653             367.894893      11609.562134    351.227665      0.050127        33.054236      
654             346.048961      11627.982666    351.219339      0.053231        33.107467      
655             348.096186      11645.431335    351.214617      0.050126        33.157593      
656             349.649992      11662.959290    351.212255      0.050130        33.207723      
657             345.159460      11680.255920    351.203135      0.050112        33.257835      
658             332.604319      11696.945007    351.175117      0.050177        33.308012      
659             375.808457      11715.780151    351.212127      0.050119        33.358131      
660             366.768703      11734.161865    351.235465      0.050118        33.408249      
661             352.512547      11752.221436    351.237420      0.051231        33.459480      
662             350.186729      11769.778748    351.235848      0.050137        33.509617      
663             343.604016      11787.002930    351.224449      0.050128        33.559745      
664             343.499785      11804.219482    351.212929      0.050121        33.609866      
665             346.905849      11821.606750    351.206516      0.050121        33.659987      
666             358.840972      11839.588989    351.217865      0.050112        33.710099      
667             367.082799      11857.988647    351.241419      0.050124        33.760223      
668             358.810602      11876.022827    351.252671      0.050261        33.810484      
669             344.018326      11893.282227    351.241953      0.050170        33.860654      
670             343.664632      11910.507385    351.230753      0.050122        33.910776      
671             347.746725      11927.938538    351.225610      0.050126        33.960902      
672             346.020568      11945.278320    351.217941      0.050112        34.011014      
673             352.989130      11962.968018    351.220547      0.050114        34.061128      
674             376.920184      11981.863403    351.258316      0.050131        34.111259      
675             354.373738      12000.367737    351.263078      0.052217        34.163476      
676             345.224282      12017.674866    351.254229      0.050133        34.213609      
677             345.361084      12034.990234    351.245606      0.050137        34.263746      
678             344.927164      12052.281433    351.236375      0.050130        34.313876      
679             343.255016      12069.485718    351.224734      0.050121        34.363997      
680             356.749250      12088.206848    351.233158      0.052477        34.416474      
681             369.147345      12106.714050    351.259216      0.050135        34.466609      
682             359.111508      12126.059387    351.271470      0.053870        34.520479      
683             350.644385      12143.635437    351.270560      0.050125        34.570604      
684             343.992885      12160.890808    351.260016      0.050162        34.620766      
685             351.389627      12178.502808    351.260203      0.050121        34.670887      
686             345.065398      12195.797485    351.251261      0.050120        34.721007      
687             326.930412      12213.270935    351.213881      0.053447        34.774454      
688             400.013675      12233.318420    351.284110      0.050117        34.824571      
689             331.133079      12251.163513    351.252974      0.053891        34.878462      
690             369.321985      12269.697937    351.278936      0.050185        34.928647      
691             351.514132      12287.316528    351.279273      0.050122        34.978769      
692             343.546826      12304.535095    351.268209      0.050120        35.028889      
693             345.043379      12321.826599    351.259316      0.050114        35.079003      
694             356.386782      12340.527283    351.266974      0.052473        35.131476      
695             367.772945      12358.964844    351.290495      0.050133        35.181609      
696             358.566392      12377.561890    351.301205      0.051865        35.233474      
697             344.925338      12394.894043    351.292125      0.050249        35.283723      
698             345.746975      12412.226685    351.284258      0.050131        35.333854      
699             350.334734      12429.785461    351.282913      0.050120        35.383974      
700             341.621024      12446.907166    351.269247      0.050119        35.434093      
701             345.622367      12464.665588    351.261071      0.051381        35.485474      
702             372.269172      12483.331909    351.290714      0.050142        35.535616      
703             332.583623      12501.240540    351.262410      0.053847        35.589463      
704             370.748659      12519.821350    351.289812      0.050117        35.639580      
705             348.776671      12537.300293    351.286283      0.050115        35.689695      
706             348.529983      12554.768616    351.282418      0.050120        35.739815      
707             345.056306      12572.059387    351.273700      0.050110        35.789925      
708             251.497612      12584.688843    351.133900      0.050217        35.840142      
